7.550523584819135    5.1841147924570095
7.651984623780175    5.1887097444133685
7.707788195208746    5.187178093761249
7.809249234169785    5.193304696369728
7.910710273130824    5.197899648326087
7.966513844559395    5.193304696369728
8.067974883520435    5.202494600282446
8.169435922481473    5.205557901586686
8.232003563174114    5.207089552238806
8.326700532871083    5.214747805499404
8.428161571832122    5.223937709412122
8.483965143260694    5.231317480735973
8.539768714689265    5.234937745913709
8.595572286117836    5.239114974964945
8.651375857546409    5.243849167889679
8.70717942897498    5.249697288561409
8.762983000403551    5.255266927296389
8.818786571832122    5.2608365660313705
8.874590143260694    5.270304951880838
8.930393714689265    5.286735386149031
8.986197286117836    5.30177341073348
9.042000857546409    5.3184823269384225
9.097804428974978    5.3524571232218054
9.153608000403551    5.393672449860664
9.209411571832122    5.434887776499522
9.265215143260694    5.469976500529902
9.321018714689265    5.4908626457860805
9.376822286117836    5.5106348632952615
9.432625857546409    5.530685562741193
9.488429428974978    5.552407153807619
9.544233000403551    5.57524267262104
9.600036571832122    5.598635155307959
9.655840143260694    5.626761830919613
9.711643714689265    5.673546796293452
9.767447286117836    5.724508990718527
9.823250857546409    5.775749667080351
9.874442563567658    5.826711861505426
9.918189401145666    5.891518586500309
9.961393964439516    5.957362733215611
10.003766956031257    6.028564851992357
10.04755222582099    6.0917272074559605
10.076903454949004    6.170804142552543
10.102268714689265    6.243710713593442
10.127633974429525    6.314779303851798
10.152999234169783    6.386460554371002
10.178364493910044    6.4581418048902055
10.203729753650304    6.529210395148561
10.229095013390562    6.600891645667764
10.254460273130825    6.668896934621881
10.279825532871083    6.731932868126898
10.312215018385569    6.823412994255211
10.340702156247707    6.8986445324398415
10.368373348691627    6.969243681719106
10.39193998092303    7.039556392434857
10.423822161242711    7.112227324913891
10.45907336836892    7.1727078891258
10.485284136767188    7.245716570210173
10.518258974429525    7.318141765331835
10.543624234169783    7.380757102705396
10.574062545858096    7.452489408246337
10.60645203137258    7.525537362424355
10.636207432221731    7.590082691828427
10.667914006897057    7.661176809597651
10.708498422481473    7.72818652562789
10.749082838065888    7.787920901060559
10.788652643260694    7.858070500927644
10.83025166923472    7.927301110403455
10.878445662741214    7.996643112653968
10.924737261767188    8.07931743762634
10.954541441961993    8.148296418780731
11.039888080617455    8.291113188830485
11.096586896507446    8.383454522798388
11.152390467936018    8.439986355958442
11.187901831572383    8.463378838645363
11.263659407329959    8.586931991249688
11.31247344051899    8.649899851392389
11.352971137266687    8.722109979572666
11.39589696144251    8.788280233226262
11.435394294466631    8.8565754417681
11.480729663462714    8.912078328375351
