8.668235017997597  5.425496667743231
8.702630822716879  5.399611311331667
8.737028901113028  5.372590935427388
8.771426979509178  5.345570559523111
8.805825626324545  5.318266428745653
8.84022427313991  5.290962297968195
8.860550565397421  5.274918324513893
8.924658887703515  5.223158135566555
9.005962432678654  5.159792969958421
9.040361647913238  5.1322050843077855
9.074760863147823  5.10461719865715
9.109159509963188  5.077313067879691
9.14355929361699  5.0494414273558785
9.177957940432357  5.022137296578422
9.199848522375339  5.004495383020993
9.279372151895135  5.050368541835744
9.322911377614995  5.135860247241454
9.396569571338487  5.25234222899508
9.433442294375148  5.288805033355442
9.467711341609014  5.326197013662694
9.50197470465071  5.366426542701734
9.536242615046142  5.404386032755344
9.570509388603142  5.442913032555311
9.604777298998574  5.480872522608922
9.63904464097479  5.519115767535712
9.673311982951006  5.5573590124625
9.707578756508003  5.595886012262468
9.73406017625793  5.624384278131218
9.810445013808183  5.678551446373658
9.844775450317497  5.685297900377628
9.863479853075537  5.699605694175208
9.922797619422619  5.701404627313501
9.957129761189584  5.707299816697934
9.978976006433633  5.711790783248433
10.038271225485104  5.724845326356141
10.069482556277094  5.73005841268005
10.131865996935092  5.760063671577187
10.1661663072259  5.7818491338596205
10.200461501743755  5.80618839000066
10.234756127842392  5.830811401014879
10.269051322360244  5.855150657155919
10.303346516878097  5.8794899132969585
10.325170593772679  5.895047319901422
10.400002604758338  5.945090038304552
10.434303483468364  5.966591745713806
10.468604930597605  5.987809698249881
10.502906377726848  6.009027650785958
10.53720782485609  6.030245603322033
10.57150756672768  6.052314820477645
10.60580958227614  6.073249018140542
10.640110460986165  6.094750725549797
10.661940411545988  6.1073759984647475
10.74295000258314  6.1907526387003795
10.777203702498145  6.2358060005834535
10.811456833993933  6.281143117339706
10.845711102328154  6.325912724349602
10.879971054854549  6.367844782627713
10.919686079239225  6.414139117345569
10.992113913777873  6.495403511770441
11.02641024513416  6.519175258165124
11.060703165975147  6.544649533798878
11.094994949977698  6.570691319178988
11.126527732363241  6.588612541308164
11.166703497365368  6.621376123929761
11.196313851748249  6.646501162796526
11.26951802851679  6.7298632515002
11.303743875890158  6.788820602169023
11.337967449586657  6.84891297233056
11.372189318025503  6.909856607111634
11.40641346014122  6.9696652223999935
11.4406364654185  7.030041347434709
11.465501016705375  7.0863848791756
11.462285983478267  7.132738524378625
11.44183488260123  7.211086960700848
11.422951996209019  7.285878197081333
11.405638932115993  7.3563096125930905
11.388327118545245  7.426116767383855
11.36788941612118  7.497776695981155
11.372835023308827  7.678534188914528
11.387660433855983  7.758925764263151
11.399991886140786  7.837428550763642
11.411297475948809  7.908511571750196
11.42345729984046  7.986102866457214
11.436996403488699  8.067864791907049
11.450536896606136  8.148933094333557
11.478933247014515  8.347146989002356
11.490924134609589  8.42248289730821
11.50058918309867  8.496119365688324
11.5135002301284  8.582162920620283
11.525221494533984  8.66839703132788
11.535591748264629  8.723978816355654
11.5607206460663  8.908125724870313
11.575661347820109  8.982916961250801
11.588000094818199  9.057778226878833
11.606657655622236  9.182057909768082
11.61905979301713  9.250014228069363
11.631184536946874  9.32037790100288
11.642415678499063  9.391516183164368
11.655103641286765  9.459040813235587
11.670114598076863  9.56370202473954
11.683631701796145  9.634799218311906
11.69597018826876  9.709790538256811
11.708308674741373  9.784781858201718
11.720647161213988  9.859773178146625
11.731427705349056  9.933193842110828
11.742258270375228  9.98164407723532
11.756447066662334  10.085432979977165
11.769334757376509  10.158396468876315
11.77770640853844  10.209729336496782
11.779374069318681  10.267856470297652
11.74946336289817  10.281339244202977
11.715188631472133  10.24678481262751
11.680913900046095  10.212230381052041
11.646639168620057  10.177675949476575
11.61236443719402  10.143121517901106
11.57808402157581  10.111404635057424
11.543808721730555  10.077133958355134
11.509533990304517  10.042579526779667
11.47525698520161  10.009160114696913
11.392678154494973  9.929852446585002
11.363065810644832  9.905720549774362
11.328782552930537  9.875422441296573
11.29449815837781  9.84569184256514
11.260214900663513  9.815393734087351
11.225929937691568  9.785946890229097
11.19164724839649  9.755365026878128
11.157362853843763  9.725634428146696
11.123079596129468  9.695336319668908
11.088795201576739  9.665605720937474
11.054509670185576  9.636442631952399
10.978172485113024  9.558487346841822
10.951690591680416  9.530225543367388
10.917428365477154  9.489428504581992
10.883163865597023  9.44976648528931
10.81936866107681  9.345218275525719
10.799131610636383  9.31671273389099
10.7649250895164  9.248107717534095
10.73071913681563  9.179218946304022
10.696513184114862  9.11033017507395
10.662302684060357  9.043711442829306
10.587511707528655  8.973184325010047
10.559396068995763  8.981192604713792
10.471981909166423  8.977794822001629
10.447033231835418  8.963447011491164
10.369101441385816  8.902223259719902
10.3472817223719  8.884490399087737
10.312998464657605  8.854192290609948
10.278718617458612  8.822191652893085
10.24443706500197  8.79104227979576
10.210155512545326  8.759892906698436
10.175871117992598  8.730162307967003
10.1325286790057  8.54643466546688
10.13116769392688  8.446542945929808
10.13024424277353  8.350890139621821
10.123986048696642  8.135142890443534
10.11796921286292  8.021565455100081
10.111950813876351  7.908768345657869
10.098071579747508  7.823622784818609
10.074750476108145  7.776085658324474
10.040475744682107  7.741531226749006
10.006485203917315  7.720967911256886
9.971904681899781  7.683205048778856
9.937620287347054  7.653474450047423
9.823859659963581  7.554210265326034
9.79424525559378  7.531106979930667
9.759959724202615  7.501943890945592
9.725672487553801  7.473632066580053
9.691386956162638  7.444468977594976
9.657099151094606  7.416440908102616
9.622813051284226  7.387561573990719
9.58852638305463  7.358965994752001
9.554237441148164  7.3315054350059965
9.520179391127686  7.188783645774864
9.526552469495247  7.1245248082254875
9.536066026142695  7.0511301551246595
9.363764064641746  6.718331162423585
9.33075376281685  6.676009850665601
9.29650290499793  6.629537714416633
9.262259436628831  6.579376764816345
9.228015968259735  6.529215815216056
9.193772499890638  6.479054865615769
9.15952903152154  6.428893916015481
9.125285563152442  6.378732966415193
9.091035273752741  6.331977075293047
9.058346820362223  6.284848119270332
9.025698326842667  6.217771195663163
8.94018095825667  6.046790695158137
8.91063341419728  5.990310742805141
8.876414387854519  5.9279483336581755
8.842199908865494  5.863315885525782
8.807988271972555  5.7972646630274935
8.773755603568581  5.741712370836813
8.70381406310651  5.588233179711672
8.671137745466277  5.5350460571465945
8.637486039256967  5.465537825590204
8.668235017997597  5.425496667743231
