11.487   9.431   0.070   0.046
8.882   6.415   0.093   0.076
11.283   8.230   0.267   0.150
10.812   7.602   0.046   0.041
10.459   10.230   0.084   0.071
10.744   8.771   0.038   0.035
11.600   8.708   0.064   0.048
11.600   9.114   0.315   0.141
11.937   9.672   0.049   0.076
10.299   7.146   0.146   0.030
11.196   8.949   0.157   0.197
10.845   8.342   0.138   0.089
10.371   8.255   0.326   0.176
10.836   8.623   0.132   0.093
10.279   7.041   0.271   0.163
11.204   8.519   0.087   0.163
10.884   8.672   0.104   0.084
12.190   9.987   0.129   0.117
10.449   8.255   0.079   0.125
11.917   8.724   0.101   0.082
10.998   8.991   0.165   0.119
10.255   8.663   0.171   0.195
11.559   8.964   0.040   0.045
11.915   9.380   0.018   0.051
11.207   7.949   0.296   0.178
12.117   9.792   0.029   0.021
10.668   7.944   0.138   0.105
11.888   9.672   0.104   0.091
11.111   8.301   0.046   0.041
11.563   8.903   0.231   0.211
12.072   9.681   0.219   0.082
10.981   8.230   0.117   0.071
10.526   8.690   0.172   0.116
12.155   9.580   0.165   0.161
11.748   8.778   0.176   0.125
11.544   8.602   0.222   0.230
12.064   9.114   0.160   0.141