-7.916666666666666297e-01 -4.588694572448730469e+00 -7.872895240783691406e+00 -2.756694793701171875e+00
-3.749999999999999445e-01 -4.435034751892089844e+00 -7.872890472412109375e+00 -2.754523754119873047e+00
4.166666666666668517e-02 -4.127300262451171875e+00 -7.792975902557373047e+00 -2.729508399963378906e+00
4.583333333333333703e-01 -3.833708047866821289e+00 -6.397637462615966442e+00 -2.678463497161865270e+00
8.750000000000001110e-01 -3.561894655227661133e+00 -5.769682579040527060e+00 -2.614061393737793004e+00
1.291666666666666741e+00 -3.275340795516967773e+00 -5.301925792694091477e+00 -2.532187919616699201e+00
1.708333333333333481e+00 -2.959067106246948242e+00 -4.476727771759033025e+00 -2.388467788696289507e+00
2.125000000000000000e+00 -2.707179307937622070e+00 -3.615198221206664897e+00 -2.117470693588257014e+00
2.541666666666666963e+00 -2.519770145416259766e+00 -3.080034666061401083e+00 -1.886565375328063787e+00
2.958333333333333481e+00 -2.326971054077148438e+00 -2.716546783447265412e+00 -1.691580443382263210e+00
3.375000000000000444e+00 -2.199818134307861328e+00 -2.512657756805419584e+00 -1.606895270347595162e+00
3.791666666666666963e+00 -2.152360200881958008e+00 -2.366626462936401332e+00 -1.759800949096679723e+00
