-7.916666666666666297e-01 -7.872895240783691406e+00 -7.872895240783691406e+00 -7.872887611389160156e+00
-3.749999999999999445e-01 -7.872895240783691406e+00 -7.872895240783691406e+00 -7.867250919342041016e+00
4.166666666666668517e-02 -7.872895240783691406e+00 -7.872895240783691406e+00 -6.368577384948732600e+00
4.583333333333333703e-01 -7.872892856597900391e+00 -7.872895240783691406e+00 -4.764310169219971414e+00
8.750000000000001110e-01 -7.811602592468261719e+00 -7.872895240783691406e+00 -4.013468894958496236e+00
1.291666666666666741e+00 -6.025299072265625000e+00 -7.872881412506103516e+00 -3.186697244644165039e+00
1.708333333333333481e+00 -3.523186445236206055e+00 -7.479470481872558807e+00 -2.589582290649415253e+00
2.125000000000000000e+00 -2.531844377517700195e+00 -3.157437515258789240e+00 -2.236461210250854315e+00
2.541666666666666963e+00 -2.221099376678466797e+00 -2.464362792968750160e+00 -2.020397481918335014e+00
2.958333333333333481e+00 -1.967223882675170898e+00 -2.137472391128540039e+00 -1.824578309059143200e+00
3.375000000000000444e+00 -1.802481532096862793e+00 -1.928419628143310360e+00 -1.699970135688781747e+00
3.791666666666666963e+00 -1.622653245925903320e+00 -1.769414424896240234e+00 -1.573108263015746910e+00
