-7.916666666666666297e-01 -7.872895240783691406e+00 -7.872895240783691406e+00 -7.871629238128662109e+00
-3.749999999999999445e-01 -7.872895240783691406e+00 -7.872895240783691406e+00 -7.866401672363281250e+00
4.166666666666668517e-02 -7.872895240783691406e+00 -7.872895240783691406e+00 -7.549507045745849965e+00
4.583333333333333703e-01 -7.872895240783691406e+00 -7.872895240783691406e+00 -5.580730152130126243e+00
8.750000000000001110e-01 -7.870412349700927734e+00 -7.872895240783691406e+00 -4.447118701934813956e+00
1.291666666666666741e+00 -6.461191177368164062e+00 -7.872894763946533203e+00 -3.216872501373290838e+00
1.708333333333333481e+00 -3.512526273727416992e+00 -6.835456867218017152e+00 -2.507681531906127859e+00
2.125000000000000000e+00 -2.746421337127685547e+00 -4.347192325592040163e+00 -2.186682100296020614e+00
2.541666666666666963e+00 -2.322529077529907227e+00 -3.260740709304809304e+00 -1.943147253990173517e+00
2.958333333333333481e+00 -2.031357526779174805e+00 -2.590390968322753729e+00 -1.770582151412963823e+00
3.375000000000000444e+00 -1.893651008605957031e+00 -2.222715339660644496e+00 -1.682101483345031623e+00
3.791666666666666963e+00 -1.987993240356445312e+00 -2.194089784622192507e+00 -1.788042206764221209e+00
