-7.916666666666666297e-01 -4.116625308990478516e+00 -7.872338294982910156e+00 -2.697242021560668945e+00
-3.749999999999999445e-01 -4.042017936706542969e+00 -7.865233898162841797e+00 -2.704186677932739258e+00
4.166666666666668517e-02 -3.849842071533203125e+00 -6.729436206817626775e+00 -2.691051101684570845e+00
4.583333333333333703e-01 -3.607157945632934570e+00 -5.588793563842773260e+00 -2.637370204925537642e+00
8.750000000000001110e-01 -3.361781835556030273e+00 -5.109102230072021911e+00 -2.574598083496093537e+00
1.291666666666666741e+00 -3.105529308319091797e+00 -4.572180137634277663e+00 -2.502988061904907635e+00
1.708333333333333481e+00 -2.848948478698730469e+00 -3.775941867828369158e+00 -2.386416711807251012e+00
2.125000000000000000e+00 -2.661539077758789062e+00 -3.241260814666747869e+00 -2.173343496322631907e+00
2.541666666666666963e+00 -2.527560234069824219e+00 -2.912617559432983505e+00 -1.972626404762268137e+00
2.958333333333333481e+00 -2.398384332656860352e+00 -2.682817459106445312e+00 -1.808467149734497070e+00
3.375000000000000444e+00 -2.317652702331542969e+00 -2.544736986160278214e+00 -1.798565697669983088e+00
3.791666666666666963e+00 -2.258724927902221680e+00 -2.420796184539794726e+00 -2.005023002624511719e+00
