-7.916666666666666297e-01 -7.872222423553466797e+00 -7.872895240783691406e+00 -4.032554626464843750e+00
-3.749999999999999445e-01 -7.519124507904052734e+00 -7.872895240783691406e+00 -3.829960927963258044e+00
4.166666666666668517e-02 -5.504659652709960938e+00 -7.872886180877685547e+00 -3.669982919692992951e+00
4.583333333333333703e-01 -4.988539695739746094e+00 -7.735723018646240234e+00 -3.657366991043090820e+00
8.750000000000001110e-01 -4.851765632629394531e+00 -6.724022045135498615e+00 -3.659057960510254226e+00
1.291666666666666741e+00 -4.451051235198974609e+00 -6.199855270385742578e+00 -3.544768648147583079e+00
1.708333333333333481e+00 -3.953729867935180664e+00 -5.391562652587890803e+00 -3.435060119628906339e+00
2.125000000000000000e+00 -3.608812570571899414e+00 -4.139985446929931534e+00 -3.230925636291503977e+00
2.541666666666666963e+00 -3.168575048446655273e+00 -3.615124177932739435e+00 -2.580068159103393377e+00
2.958333333333333481e+00 -2.373798608779907227e+00 -3.027771501541137944e+00 -2.096808538436889968e+00
3.375000000000000444e+00 -2.017634630203247070e+00 -2.266424932479858434e+00 -1.878966121673584011e+00
3.791666666666666963e+00 -1.884510874748229980e+00 -1.970644264221191433e+00 -1.806531205177307253e+00
