-7.916666666666666297e-01 -4.697307586669921875e+00 -7.854091167449951172e+00 -3.437288284301757812e+00
-3.749999999999999445e-01 -4.659144401550292969e+00 -7.711403846740722656e+00 -3.447769165039062500e+00
4.166666666666668517e-02 -4.512857913970947266e+00 -6.649601631164550497e+00 -3.432694673538208008e+00
4.583333333333333703e-01 -4.283699035644531250e+00 -6.022547187805175284e+00 -3.373002634048461790e+00
8.750000000000001110e-01 -4.054589271545410156e+00 -5.659613494873046768e+00 -3.322778015136718999e+00
1.291666666666666741e+00 -3.845088243484497070e+00 -5.164055099487304901e+00 -3.275717086791992472e+00
1.708333333333333481e+00 -3.673876762390136719e+00 -4.384011325836181250e+00 -3.200435571670531942e+00
2.125000000000000000e+00 -3.533168315887451172e+00 -4.022748870849609304e+00 -3.068254985809326207e+00
2.541666666666666963e+00 -3.332226276397705078e+00 -3.879780454635620046e+00 -2.800520200729369691e+00
2.958333333333333481e+00 -3.080823898315429688e+00 -3.688679399490356392e+00 -2.506894960403442507e+00
3.375000000000000444e+00 -2.867662429809570312e+00 -3.282852411270141602e+00 -2.377828845977782990e+00
3.791666666666666963e+00 -2.676233291625976562e+00 -2.902508993148803729e+00 -2.363354797363281357e+00
