-7.916666666666666297e-01 -4.699106693267822266e+00 -7.869492530822753906e+00 -3.402058362960815430e+00
-3.749999999999999445e-01 -4.366648197174072266e+00 -6.806114120483398366e+00 -3.362457447052002557e+00
4.166666666666668517e-02 -4.330293178558349609e+00 -6.047877826690673864e+00 -3.384872655868530256e+00
4.583333333333333703e-01 -4.310581207275390625e+00 -5.823881149291992188e+00 -3.397085599899292596e+00
8.750000000000001110e-01 -4.105496883392333984e+00 -5.485909748077392400e+00 -3.367065658569335707e+00
1.291666666666666741e+00 -3.795373916625976562e+00 -4.746251239776611008e+00 -3.316699762344360369e+00
1.708333333333333481e+00 -3.599902629852294922e+00 -4.020943088531494070e+00 -3.272133989334106374e+00
2.125000000000000000e+00 -3.505906343460083008e+00 -3.769751882553100675e+00 -3.255705118179321289e+00
2.541666666666666963e+00 -3.445230484008789062e+00 -3.667212667465209908e+00 -3.243285760879516921e+00
2.958333333333333481e+00 -3.376465797424316406e+00 -3.561844940185546982e+00 -3.200901794433593572e+00
3.375000000000000444e+00 -3.259262084960937500e+00 -3.404128913879394425e+00 -2.886157388687133896e+00
3.791666666666666963e+00 -3.002578735351562500e+00 -3.201464166641235565e+00 -2.354165515899658168e+00
