-7.916666666666666297e-01 -4.737071990966796875e+00 -7.866896152496337891e+00 -3.437401590347290092e+00
-3.749999999999999445e-01 -4.683557033538818359e+00 -7.822570800781250000e+00 -3.444272890090942507e+00
4.166666666666668517e-02 -4.509257793426513672e+00 -6.760111427307129439e+00 -3.415964593887329315e+00
4.583333333333333703e-01 -4.259670257568359375e+00 -6.023145179748534694e+00 -3.344770259857178019e+00
8.750000000000001110e-01 -4.020882129669189453e+00 -5.642801036834717010e+00 -3.299317140579224095e+00
1.291666666666666741e+00 -3.819132328033447266e+00 -5.145782585144043075e+00 -3.287545394897460671e+00
1.708333333333333481e+00 -3.660551786422729492e+00 -4.340742378234863530e+00 -3.280208988189697195e+00
2.125000000000000000e+00 -3.554516315460205078e+00 -3.958003044128417969e+00 -3.249015474319457919e+00
2.541666666666666963e+00 -3.463426351547241211e+00 -3.780469532012939560e+00 -3.116223583221435778e+00
2.958333333333333481e+00 -3.398541450500488281e+00 -3.666250619888305806e+00 -2.953237123489380167e+00
3.375000000000000444e+00 -3.342838287353515625e+00 -3.566410541534423828e+00 -3.013683366775512962e+00
3.791666666666666963e+00 -3.215370655059814453e+00 -3.378520612716674698e+00 -2.645176172256469727e+00
