-7.916666666666666297e-01 -4.696819782257080078e+00 -7.865951061248779297e+00 -3.409875154495239258e+00
-3.749999999999999445e-01 -4.643831253051757812e+00 -7.812211589813232493e+00 -3.414234638214111328e+00
4.166666666666668517e-02 -4.468030929565429688e+00 -6.719285011291503906e+00 -3.380185127258300781e+00
4.583333333333333703e-01 -4.212529182434082031e+00 -5.993232269287108949e+00 -3.302175836563110423e+00
8.750000000000001110e-01 -3.967142343521118164e+00 -5.607234725952148224e+00 -3.234469432830810565e+00
1.291666666666666741e+00 -3.755538463592529297e+00 -5.088795280456542613e+00 -3.175555887222289986e+00
1.708333333333333481e+00 -3.581387042999267578e+00 -4.289823036193848083e+00 -3.113692493438720454e+00
2.125000000000000000e+00 -3.423242092132568359e+00 -3.901673793792724609e+00 -3.021274805068969727e+00
2.541666666666666963e+00 -3.225394487380981445e+00 -3.661461915969848491e+00 -2.832932863235473331e+00
2.958333333333333481e+00 -3.031236648559570312e+00 -3.426559505462646538e+00 -2.557471208572388299e+00
3.375000000000000444e+00 -2.845234155654907227e+00 -3.170013008117675390e+00 -2.407193117141723793e+00
3.791666666666666963e+00 -2.646184206008911133e+00 -2.865745983123779261e+00 -2.369031219482421680e+00
