-7.916666666666666297e-01 -7.872724056243896484e+00 -7.872895240783691406e+00 -4.246788501739501953e+00
-3.749999999999999445e-01 -7.771468162536621094e+00 -7.872895240783691406e+00 -3.823837738037109801e+00
4.166666666666668517e-02 -5.578528881072998047e+00 -7.872893810272216797e+00 -3.586986064910888672e+00
4.583333333333333703e-01 -4.918510437011718750e+00 -7.838272266387939169e+00 -3.523319854736328693e+00
8.750000000000001110e-01 -4.701415538787841797e+00 -6.720934371948242614e+00 -3.493880033493041992e+00
1.291666666666666741e+00 -4.284195423126220703e+00 -6.060287837982177628e+00 -3.358155183792113974e+00
1.708333333333333481e+00 -3.853396177291870117e+00 -5.141821670532226385e+00 -3.210307407379150657e+00
2.125000000000000000e+00 -3.473228454589843750e+00 -4.078110694885253906e+00 -2.990338563919067383e+00
2.541666666666666963e+00 -2.994873523712158203e+00 -3.378537702560424627e+00 -2.634589834213256765e+00
2.958333333333333481e+00 -2.416193246841430664e+00 -2.862126588821411133e+00 -2.093523502349853516e+00
3.375000000000000444e+00 -2.043233156204223633e+00 -2.300303764343261559e+00 -1.881964073181152441e+00
3.791666666666666963e+00 -1.882635951042175293e+00 -2.028617672920227211e+00 -1.787272458076477166e+00
