-7.916666666666666297e-01 -7.872895717620849609e+00 -7.872895717620849609e+00 -6.184734020233154439e+00
-3.749999999999999445e-01 -7.872895717620849609e+00 -7.872895717620849609e+00 -5.632768115997315306e+00
4.166666666666668517e-02 -7.872887134552001953e+00 -7.872895717620849609e+00 -4.824030342102052060e+00
4.583333333333333703e-01 -7.845288276672363281e+00 -7.872895717620849609e+00 -4.158190479278564666e+00
8.750000000000001110e-01 -6.313512325286865234e+00 -7.872895717620849609e+00 -3.658356237411499734e+00
1.291666666666666741e+00 -4.715280532836914062e+00 -7.797151718139648580e+00 -3.128238134384155433e+00
1.708333333333333481e+00 -3.381446123123168945e+00 -4.872855739593505930e+00 -2.653328037261962979e+00
2.125000000000000000e+00 -2.815049648284912109e+00 -3.587345981597900302e+00 -2.345675802230835050e+00
2.541666666666666963e+00 -2.463930845260620117e+00 -3.014653663635253888e+00 -2.098009080886841016e+00
2.958333333333333481e+00 -2.189532756805419922e+00 -2.640451402664184766e+00 -1.913081355094909730e+00
3.375000000000000444e+00 -2.041159152984619141e+00 -2.343356809616088832e+00 -1.822077112197876048e+00
3.791666666666666963e+00 -2.091286182403564453e+00 -2.316051073074340660e+00 -1.892225909233093306e+00
