-7.916666666666666297e-01 -4.813641548156738281e+00 -7.872895240783691406e+00 -2.778335866928101083e+00
-3.749999999999999445e-01 -3.767341136932373047e+00 -7.763663005828856711e+00 -2.627319622039794744e+00
4.166666666666668517e-02 -3.629268407821655273e+00 -5.999405097961425959e+00 -2.628310346603393466e+00
4.583333333333333703e-01 -3.666880846023559570e+00 -5.643456039428711435e+00 -2.657926082611083984e+00
8.750000000000001110e-01 -3.611676931381225586e+00 -5.462822151184081321e+00 -2.655311822891235352e+00
1.291666666666666741e+00 -3.212479114532470703e+00 -4.879572467803955149e+00 -2.563081750869751207e+00
1.708333333333333481e+00 -2.766102790832519531e+00 -3.427727613449096822e+00 -2.322728252410888761e+00
2.125000000000000000e+00 -2.531439542770385742e+00 -2.849562854766845899e+00 -1.928150463104247869e+00
2.541666666666666963e+00 -2.432973146438598633e+00 -2.653842630386352486e+00 -1.932301816940307448e+00
2.958333333333333481e+00 -2.325740814208984375e+00 -2.490986404418944922e+00 -2.088093414306640305e+00
3.375000000000000444e+00 -2.231406927108764648e+00 -2.353523807525634837e+00 -2.102817125320434855e+00
3.791666666666666963e+00 -1.984509706497192383e+00 -2.125815572738647408e+00 -1.934309749603271511e+00
