-7.916666666666666297e-01 -7.872895717620849609e+00 -7.872895717620849609e+00 -7.788039932250974573e+00
-3.749999999999999445e-01 -7.872895717620849609e+00 -7.872895717620849609e+00 -5.708710670471191406e+00
4.166666666666668517e-02 -7.872617721557617188e+00 -7.872895717620849609e+00 -4.277304878234863494e+00
4.583333333333333703e-01 -7.492842674255371094e+00 -7.872895717620849609e+00 -3.800105991363525337e+00
8.750000000000001110e-01 -5.749851226806640625e+00 -7.872820854187011719e+00 -3.509080114364624414e+00
1.291666666666666741e+00 -4.796013832092285156e+00 -7.396893215179443537e+00 -3.129658222198486328e+00
1.708333333333333481e+00 -3.577284336090087891e+00 -6.089209461212158558e+00 -2.774007225036621005e+00
2.125000000000000000e+00 -2.758601903915405273e+00 -3.396678590774536044e+00 -2.395499086380005416e+00
2.541666666666666963e+00 -2.379214286804199219e+00 -2.665772628784179865e+00 -2.150751914978027202e+00
2.958333333333333481e+00 -2.100855827331542969e+00 -2.291154718399047940e+00 -1.943226380348205495e+00
3.375000000000000444e+00 -1.918570160865783691e+00 -2.063902378082275391e+00 -1.801080346107482910e+00
3.791666666666666963e+00 -1.749960899353027344e+00 -1.852474627494812065e+00 -1.702041964530944806e+00
