-7.916666666666666297e-01 -4.700350761413574219e+00 -7.864223003387451172e+00 -3.429659013748169727e+00
-3.749999999999999445e-01 -4.378036975860595703e+00 -6.627219409942626704e+00 -3.389791622161865803e+00
4.166666666666668517e-02 -4.337307929992675781e+00 -6.007636528015137145e+00 -3.390994796752929474e+00
4.583333333333333703e-01 -4.297746658325195312e+00 -5.829822731018066584e+00 -3.380640983581542969e+00
8.750000000000001110e-01 -4.100804328918457031e+00 -5.488492527008056676e+00 -3.353209695816040004e+00
1.291666666666666741e+00 -3.818389415740966797e+00 -4.784249591827393289e+00 -3.301941213607788139e+00
1.708333333333333481e+00 -3.603695631027221680e+00 -4.073423099517822443e+00 -3.114351282119750763e+00
2.125000000000000000e+00 -3.385485649108886719e+00 -3.774914884567261097e+00 -2.946546020507812891e+00
2.541666666666666963e+00 -3.173594474792480469e+00 -3.548664722442627095e+00 -2.795921630859374840e+00
2.958333333333333481e+00 -2.979641675949096680e+00 -3.263125915527343768e+00 -2.621526117324830096e+00
3.375000000000000444e+00 -2.771466493606567383e+00 -2.979178352355956960e+00 -2.464991226196289187e+00
3.791666666666666963e+00 -2.617027997970581055e+00 -2.774878597259521573e+00 -2.386066913604736328e+00
