-7.916666666666666297e-01 -7.872895240783691406e+00 -7.872895240783691406e+00 -7.872895240783691406e+00
-3.749999999999999445e-01 -7.872895240783691406e+00 -7.872895240783691406e+00 -7.872895240783691406e+00
4.166666666666668517e-02 -7.872895240783691406e+00 -7.872895240783691406e+00 -7.872895240783691406e+00
4.583333333333333703e-01 -7.872895240783691406e+00 -7.872895240783691406e+00 -7.872894287109375000e+00
8.750000000000001110e-01 -7.872895240783691406e+00 -7.872895240783691406e+00 -7.851711750030517578e+00
1.291666666666666741e+00 -7.871676445007324219e+00 -7.872895240783691406e+00 -6.079239177703857244e+00
1.708333333333333481e+00 -5.667910575866699219e+00 -7.872890472412109375e+00 -2.866090297698974609e+00
2.125000000000000000e+00 -2.678241014480590820e+00 -4.342194881439208842e+00 -2.322500295639038370e+00
2.541666666666666963e+00 -2.296105861663818359e+00 -2.698602895736694318e+00 -2.094071826934814418e+00
2.958333333333333481e+00 -2.068376779556274414e+00 -2.300264778137207422e+00 -1.908811998367309526e+00
3.375000000000000444e+00 -1.938829421997070312e+00 -2.108083095550536967e+00 -1.810923805236816175e+00
3.791666666666666963e+00 -1.964189291000366211e+00 -1.971132602691650249e+00 -1.921731038093566823e+00
