-7.916666666666666297e-01 -7.872895240783691406e+00 -7.872895240783691406e+00 -7.872895240783691406e+00
-3.749999999999999445e-01 -7.872895240783691406e+00 -7.872895240783691406e+00 -7.872895240783691406e+00
4.166666666666668517e-02 -7.872895240783691406e+00 -7.872895240783691406e+00 -7.872895240783691406e+00
4.583333333333333703e-01 -7.872895240783691406e+00 -7.872895240783691406e+00 -7.872895240783691406e+00
8.750000000000001110e-01 -7.872895240783691406e+00 -7.872895240783691406e+00 -7.866694450378417969e+00
1.291666666666666741e+00 -7.869370460510253906e+00 -7.872895240783691406e+00 -6.506221847534179759e+00
1.708333333333333481e+00 -6.398420810699462891e+00 -7.847713432312011683e+00 -2.966936168670655682e+00
2.125000000000000000e+00 -4.750638008117675781e+00 -6.855113220214843928e+00 -2.417624263763427539e+00
2.541666666666666963e+00 -3.463522195816040039e+00 -5.186630172729492116e+00 -2.198293867111206001e+00
2.958333333333333481e+00 -2.777589321136474609e+00 -4.194153385162353587e+00 -2.096618051528930771e+00
3.375000000000000444e+00 -2.372244119644165039e+00 -3.248999805450439649e+00 -2.007453069686889968e+00
3.791666666666666963e+00 -2.341044187545776367e+00 -2.470377035140991495e+00 -2.035432548522949414e+00
