-7.916666666666666297e-01 -7.872895240783691406e+00 -7.872895240783691406e+00 -7.872240066528320312e+00
-3.749999999999999445e-01 -7.872895240783691406e+00 -7.872895240783691406e+00 -7.715676670074463672e+00
4.166666666666668517e-02 -7.872895240783691406e+00 -7.872895240783691406e+00 -6.796458892822265341e+00
4.583333333333333703e-01 -7.868191242218017578e+00 -7.872895240783691406e+00 -6.000827884674073687e+00
8.750000000000001110e-01 -7.463486194610595703e+00 -7.872894763946533203e+00 -5.248764762878418644e+00
1.291666666666666741e+00 -5.748476028442382812e+00 -7.782076530456542685e+00 -4.406651611328125107e+00
1.708333333333333481e+00 -4.497995853424072266e+00 -5.567625770568847443e+00 -3.530263423919677734e+00
2.125000000000000000e+00 -3.785623311996459961e+00 -4.483497867584228302e+00 -2.212500371932983434e+00
2.541666666666666963e+00 -3.304421186447143555e+00 -3.871487798690796289e+00 -2.318919620513916868e+00
2.958333333333333481e+00 -2.934541225433349609e+00 -3.359493455886840785e+00 -2.492695436477661008e+00
3.375000000000000444e+00 -2.697892665863037109e+00 -2.942934398651122940e+00 -2.476127796173095863e+00
3.791666666666666963e+00 -2.562551975250244141e+00 -2.791587610244750550e+00 -2.489037818908691690e+00
