-7.916666666666666297e-01 -4.682517528533935547e+00 -7.869325160980224609e+00 -3.390638351440429688e+00
-3.749999999999999445e-01 -4.328691005706787109e+00 -6.750523567199707031e+00 -3.328118047714233363e+00
4.166666666666668517e-02 -4.264207839965820312e+00 -5.991030731201171911e+00 -3.320305109024047852e+00
4.583333333333333703e-01 -4.209555625915527344e+00 -5.753071689605713246e+00 -3.307997417449951350e+00
8.750000000000001110e-01 -3.999169111251831055e+00 -5.386353969573974609e+00 -3.267144918441772461e+00
1.291666666666666741e+00 -3.715000391006469727e+00 -4.641916675567626882e+00 -3.184827919006347763e+00
1.708333333333333481e+00 -3.482657670974731445e+00 -3.944562072753906357e+00 -3.045967063903808558e+00
2.125000000000000000e+00 -3.284682750701904297e+00 -3.626164331436156907e+00 -2.933890342712402344e+00
2.541666666666666963e+00 -3.131976604461669922e+00 -3.433021545410156250e+00 -2.820538635253906357e+00
2.958333333333333481e+00 -2.971523761749267578e+00 -3.216014719009399059e+00 -2.679418554306030487e+00
3.375000000000000444e+00 -2.774261474609375000e+00 -2.974680995941162198e+00 -2.500995206832885565e+00
3.791666666666666963e+00 -2.592154502868652344e+00 -2.733433284759521520e+00 -2.302932529449463139e+00
