-7.916666666666666297e-01 -7.761308670043945312e+00 -7.872895240783691406e+00 -3.785696029663085938e+00
-3.749999999999999445e-01 -7.365602016448974609e+00 -7.872895240783691406e+00 -3.802606859207153356e+00
4.166666666666668517e-02 -6.309918403625488281e+00 -7.872895240783691406e+00 -3.824014825820922781e+00
4.583333333333333703e-01 -5.463841438293457031e+00 -7.872413635253906250e+00 -3.783858203887939808e+00
8.750000000000001110e-01 -5.006940841674804688e+00 -7.460896301269531072e+00 -3.658553161621093786e+00
1.291666666666666741e+00 -4.303206443786621094e+00 -6.210613117218017010e+00 -3.500058298110961807e+00
1.708333333333333481e+00 -3.791965007781982422e+00 -4.446762733459473260e+00 -3.360697889328002841e+00
2.125000000000000000e+00 -3.508139610290527344e+00 -3.860950584411621200e+00 -3.202611360549926900e+00
2.541666666666666963e+00 -3.335483074188232422e+00 -3.651977176666259872e+00 -2.776572999954223686e+00
2.958333333333333481e+00 -3.083830118179321289e+00 -3.602580375671387003e+00 -2.131055850982666477e+00
3.375000000000000444e+00 -2.533405303955078125e+00 -3.430492897033691424e+00 -1.884957580566406277e+00
3.791666666666666963e+00 -2.459999322891235352e+00 -2.532323379516601580e+00 -1.881659455299377282e+00
