-7.916666666666666297e-01 -7.872895240783691406e+00 -7.872895240783691406e+00 -7.871449470520019531e+00
-3.749999999999999445e-01 -7.872895240783691406e+00 -7.872895240783691406e+00 -7.853525638580322266e+00
4.166666666666668517e-02 -7.872895240783691406e+00 -7.872895240783691406e+00 -7.303525791168213210e+00
4.583333333333333703e-01 -7.869979381561279297e+00 -7.872895240783691406e+00 -6.161031341552734020e+00
8.750000000000001110e-01 -7.509754657745361328e+00 -7.872895240783691406e+00 -5.319083118438721058e+00
1.291666666666666741e+00 -6.118011474609375000e+00 -7.872262210845947905e+00 -4.592926311492921521e+00
1.708333333333333481e+00 -4.963669776916503906e+00 -6.978254661560058025e+00 -3.766232261657714631e+00
2.125000000000000000e+00 -4.234896659851074219e+00 -5.308015060424803977e+00 -3.152286529541015625e+00
2.541666666666666963e+00 -3.800120830535888672e+00 -4.611586608886718786e+00 -2.856751060485839488e+00
2.958333333333333481e+00 -3.369531393051147461e+00 -4.027351989746093430e+00 -2.631717119216919087e+00
3.375000000000000444e+00 -2.971498012542724609e+00 -3.504885406494140376e+00 -2.536402378082275533e+00
3.791666666666666963e+00 -2.731215238571166992e+00 -3.059978246688842773e+00 -2.476279687881469460e+00
