-7.916666666666666297e-01 -7.872724056243896484e+00 -7.872895240783691406e+00 -4.248984813690185547e+00
-3.749999999999999445e-01 -7.772418975830078125e+00 -7.872895240783691406e+00 -3.823912334442137961e+00
4.166666666666668517e-02 -5.581233978271484375e+00 -7.872893810272216797e+00 -3.587357234954833274e+00
4.583333333333333703e-01 -4.921116828918457031e+00 -7.837621269226074716e+00 -3.524609060287475337e+00
8.750000000000001110e-01 -4.703776836395263672e+00 -6.725686111450195348e+00 -3.499749917984008807e+00
1.291666666666666741e+00 -4.294321537017822266e+00 -6.063427219390869816e+00 -3.373123111724853906e+00
1.708333333333333481e+00 -3.865953207015991211e+00 -5.171808910369872336e+00 -3.237980470657348508e+00
2.125000000000000000e+00 -3.482572078704833984e+00 -4.087341003417968466e+00 -3.038949651718139577e+00
2.541666666666666963e+00 -3.049780607223510742e+00 -3.391876649856567560e+00 -2.724338245391845881e+00
2.958333333333333481e+00 -2.466088771820068359e+00 -2.990323257446289240e+00 -2.123290300369262695e+00
3.375000000000000444e+00 -2.103231191635131836e+00 -2.409971456527710387e+00 -1.915048022270202432e+00
3.791666666666666963e+00 -1.961403846740722656e+00 -2.222787437438964897e+00 -1.857711844444274840e+00
