-7.916666666666666297e-01 -4.218928813934326172e+00 -7.872766494750976562e+00 -2.694567117691040181e+00
-3.749999999999999445e-01 -3.575018882751464844e+00 -6.684644985198974432e+00 -2.598042488098144531e+00
4.166666666666668517e-02 -3.479944467544555664e+00 -5.335289649963378622e+00 -2.603607254028320384e+00
4.583333333333333703e-01 -3.504234313964843750e+00 -5.109592914581298828e+00 -2.632153511047363281e+00
8.750000000000001110e-01 -3.417466163635253906e+00 -4.910887126922607315e+00 -2.622642402648926119e+00
1.291666666666666741e+00 -3.082163810729980469e+00 -4.263326797485351705e+00 -2.533491039276122958e+00
1.708333333333333481e+00 -2.730587005615234375e+00 -3.233818168640136825e+00 -2.328223428726196254e+00
2.125000000000000000e+00 -2.590615749359130859e+00 -2.851853990554809481e+00 -2.177848463058472017e+00
2.541666666666666963e+00 -2.527497768402099609e+00 -2.698462028503417987e+00 -2.304873666763305629e+00
2.958333333333333481e+00 -2.421779632568359375e+00 -2.552293729782104670e+00 -2.268417930603027433e+00
3.375000000000000444e+00 -2.305637598037719727e+00 -2.410304527282714826e+00 -2.196580038070678587e+00
3.791666666666666963e+00 -2.238464117050170898e+00 -2.307006683349609233e+00 -2.126927394866943377e+00
