-7.916666666666666297e-01 -7.850188732147216797e+00 -7.872895240783691406e+00 -3.812443971633911133e+00
-3.749999999999999445e-01 -7.736491203308105469e+00 -7.872895240783691406e+00 -3.811111917495727752e+00
4.166666666666668517e-02 -6.539859771728515625e+00 -7.872895240783691406e+00 -3.798821687698364258e+00
4.583333333333333703e-01 -5.469459533691406250e+00 -7.872779846191406250e+00 -3.711509561538696378e+00
8.750000000000001110e-01 -4.931747913360595703e+00 -7.601245307922362748e+00 -3.552684974670410334e+00
1.291666666666666741e+00 -4.220932006835937500e+00 -6.159573078155517578e+00 -3.366638154983520703e+00
1.708333333333333481e+00 -3.710164785385131836e+00 -4.379548759460448970e+00 -3.182306184768676882e+00
2.125000000000000000e+00 -3.378614425659179688e+00 -3.770173406600952237e+00 -3.001809158325195348e+00
2.541666666666666963e+00 -3.061666727066040039e+00 -3.373648071289061967e+00 -2.732195615768432617e+00
2.958333333333333481e+00 -2.791552066802978516e+00 -3.067368183135986470e+00 -2.163476715087890412e+00
3.375000000000000444e+00 -2.376795291900634766e+00 -2.895441675186157138e+00 -1.891818594932556108e+00
3.791666666666666963e+00 -2.376773357391357422e+00 -2.564662237167358416e+00 -2.135697116851806854e+00
