-7.916666666666666297e-01 -7.850535869598388672e+00 -7.872895240783691406e+00 -3.813833427429199396e+00
-3.749999999999999445e-01 -7.738254070281982422e+00 -7.872895240783691406e+00 -3.812524795532226562e+00
4.166666666666668517e-02 -6.541664123535156250e+00 -7.872895240783691406e+00 -3.799316940307617685e+00
4.583333333333333703e-01 -5.470880985260009766e+00 -7.872776985168457031e+00 -3.712685518264770224e+00
8.750000000000001110e-01 -4.931762695312500000e+00 -7.604910755157470170e+00 -3.554633913040161630e+00
1.291666666666666741e+00 -4.221635341644287109e+00 -6.160341873168945881e+00 -3.367940826416015554e+00
1.708333333333333481e+00 -3.713965892791748047e+00 -4.382398128509521484e+00 -3.193177423477172816e+00
2.125000000000000000e+00 -3.384287118911743164e+00 -3.773268737792968786e+00 -3.029225721359253054e+00
2.541666666666666963e+00 -3.087820053100585938e+00 -3.385893402099609428e+00 -2.786003160476684393e+00
2.958333333333333481e+00 -2.872582912445068359e+00 -3.137777462005614915e+00 -2.268719825744629048e+00
3.375000000000000444e+00 -2.710224628448486328e+00 -3.059566230773925533e+00 -1.984031310081481925e+00
3.791666666666666963e+00 -2.801244974136352539e+00 -3.052884263992309499e+00 -2.032706308364867986e+00
