1.256637126207351685e-01 2.057918782552083030e+03
1.936915606260299627e-01 1.213719726562500000e+03
2.513274252414703369e-01 1.218087809244791515e+03
2.944022864103317261e-01 5.901764322916666288e+02
3.554306328296661377e-01 5.763445231119791288e+02
3.955082564781873811e-01 4.746855468750000000e+02
4.615716010332107655e-01 4.185190429687500000e+02
5.164058804512023926e-01 2.930567310474536953e+02
5.455598746027264800e-01 2.448534691220237960e+02
5.891914814710617065e-01 2.920750122070312500e+02
6.408908295987257864e-01 2.794250816231343038e+02
6.941244165102641306e-01 2.079328993055555657e+02
7.549341718355814246e-01 1.610196016328828819e+02
8.082685545086860657e-01 1.844732462565104072e+02
8.458872155139320892e-01 1.792963738692434106e+02
9.033976386463831165e-01 1.371911065641534435e+02
9.538741086920102807e-01 1.330674031575520644e+02
1.002606617948396561e+00 1.466310621584699447e+02
1.050080132484435991e+00 1.128758203125000108e+02
1.095276718554289541e+00 1.235159859035326093e+02
1.148735394760898254e+00 1.285147866723744130e+02
1.197364068031311124e+00 1.126313232421874915e+02
1.253252735099639192e+00 9.907294804216866169e+01
1.301195175307137575e+00 1.011274832589285637e+02
1.350340962409973145e+00 1.010947575644841265e+02
1.397053004916669616e+00 7.969091303661615200e+01
1.446786667240990587e+00 9.556733940972222285e+01
1.501695110947299794e+00 9.251009025885558401e+01
1.550154135684774337e+00 8.153480606849748824e+01
1.601738236568592155e+00 8.959051545965607488e+01
1.647772800055960385e+00 7.710680020363408005e+01
1.697513295382988119e+00 7.644506637449187281e+01
1.749398548968667422e+00 7.407567832073434033e+01
1.801815896144401075e+00 7.217036664603961071e+01
1.854311002948419773e+00 7.283177718495936404e+01
1.903488172029776715e+00 7.062254482794361365e+01
1.952342433013101397e+00 6.662436749332739794e+01
1.999453311039106396e+00 6.247723667512690326e+01
2.048669610900440308e+00 6.625390625000000000e+01
2.101181018737054540e+00 6.233741809475807116e+01
2.154098840860219966e+00 5.979547802800269807e+01
2.199303392983653183e+00 5.983594349118098421e+01
2.248528172677023207e+00 6.027231359649123021e+01
2.303006410598754883e+00 5.837081941168763422e+01
2.353418758259483656e+00 5.784050450870646642e+01
2.402637737900463311e+00 5.526224795493685349e+01
2.448554739992842677e+00 5.278506026308761534e+01
2.499090067645225233e+00 5.495681899817137150e+01
2.549658622302062305e+00 5.224453540558510412e+01
2.600952340680148911e+00 4.945318675889327409e+01
2.651313533667959632e+00 5.031654419681309065e+01
2.702490112360786068e+00 4.876646114174836555e+01
2.752956631759745587e+00 4.964446036294173581e+01
2.797749358087681770e+00 4.682362775586570081e+01
2.849414770365116478e+00 4.687289842585693123e+01
2.901561026847945257e+00 4.509479850474106399e+01
2.949750350581274994e+00 4.316822193287036669e+01
2.998665080524131721e+00 4.559288761801016676e+01
3.049010105637519175e+00 4.594383166719143219e+01
3.100398808880581836e+00 4.291513244962431628e+01
3.150818746732328979e+00 4.434266218354430578e+01
3.200939400679145841e+00 4.234509293300653354e+01
3.249633022646403635e+00 4.384738533639596625e+01
3.300127326483013768e+00 4.088329292385057556e+01
3.348483428887441438e+00 4.226009807180850686e+01
3.399607315620657211e+00 3.823364143192488029e+01
3.448719927469889424e+00 3.971954861111110802e+01
3.499342967069685173e+00 3.869701557093425492e+01
3.551474963231986415e+00 3.849715909090909349e+01
3.598900760213533889e+00 3.746265462239583144e+01
3.651035188841221135e+00 3.776304835424922857e+01
3.700662589665808522e+00 3.572072179732313657e+01
3.751511811793449613e+00 3.536095183486238369e+01
3.801618192488687153e+00 3.606173245614035494e+01
3.851254485091384794e+00 3.577376634247448806e+01
3.901226825121409281e+00 3.604546895230902237e+01
3.948670251141286780e+00 3.637350776093234117e+01
4.001451143603901528e+00 3.524796059236948054e+01
4.052280480987929145e+00 3.377226927570093551e+01
4.102052814176515128e+00 3.491247531038374774e+01
4.151093749575814229e+00 3.321410761314865567e+01
4.200442130105537686e+00 3.376993452682186359e+01
4.251136814637041184e+00 3.318547838224436930e+01
4.299210999832778768e+00 3.292304634135928865e+01
4.350458908696328564e+00 3.227939264112903572e+01
4.400665589089600260e+00 3.260000472054380793e+01
4.450478535124709367e+00 3.259402157045313686e+01
4.500022132996065238e+00 3.157648107177974595e+01
4.550446791199227903e+00 3.090484938882421417e+01
4.600092420408226523e+00 3.163677150475751887e+01
4.650210011078793393e+00 3.063085880240398495e+01
4.700629595459484555e+00 3.076871157786885291e+01
4.749898185810824458e+00 2.954345717907962410e+01
4.799578612586753223e+00 3.079951970646438042e+01
4.849740758713929623e+00 3.008104526728295625e+01
4.899993706213586542e+00 2.982377416193565978e+01
4.949341788918080631e+00 2.928928543244949623e+01
4.999815610851473302e+00 2.926843829923273432e+01
5.049952627308602615e+00 2.902507156196424276e+01
5.099298258856230781e+00 2.874809091605392197e+01
5.150254496972274332e+00 2.853542925254679119e+01
5.199142517336761138e+00 2.858232989856941941e+01
5.249453250256330250e+00 2.803526536312849160e+01
5.300164924855151227e+00 2.810754522586169912e+01
5.351194235644229025e+00 2.776438689685701533e+01
5.400960675954554979e+00 2.744796857696567116e+01
5.450257125402332647e+00 2.735501552065943187e+01
5.500682865381752329e+00 2.731027791184041220e+01
5.549218122000597830e+00 2.685133152456797845e+01
5.600000335002996543e+00 2.676858263244393044e+01
5.649736614175454363e+00 2.578741441041187343e+01
5.699883098365530643e+00 2.627049961208470208e+01
5.750283329191223203e+00 2.661473115438808534e+01
5.800844330747943367e+00 2.515766491671096716e+01
5.851527811214188191e+00 2.580423931383577241e+01
5.901139501297178569e+00 2.520880499541705078e+01
5.952051273107690221e+00 2.523053239562117867e+01
6.002043196207571540e+00 2.479186283205968166e+01
6.051370665339476318e+00 2.457088434702475155e+01
6.100040307612490942e+00 2.522341238457592283e+01
6.151338437490640132e+00 2.435882011702986460e+01
6.201845191216835751e+00 2.425541533774942948e+01
6.251546338561632332e+00 2.428945645055664926e+01
6.301411320163105678e+00 2.410570063368765403e+01
6.351121094491746888e+00 2.362355939716312037e+01
6.402993818717075847e+00 2.429614469840518254e+01
6.451004855903611279e+00 2.332360529174425778e+01
6.500587485631307061e+00 2.338040956439393980e+01
6.550027029602877526e+00 2.324289163090128696e+01
6.600096165964067119e+00 2.304441328347578022e+01
6.651203611202781474e+00 2.305932864427328255e+01
6.700403804908146022e+00 2.289167371686407293e+01
6.751129568914272738e+00 2.254630304017000242e+01
6.801152226429867831e+00 2.263135764031837383e+01
6.850567314012454112e+00 2.257673753415300411e+01
6.899983763743045451e+00 2.289223454164978833e+01
6.950432818525864143e+00 2.225854106605665450e+01
7.000477802606276612e+00 2.229367535560923130e+01
7.050299486470248844e+00 2.248723580637163977e+01
7.100577605904697442e+00 2.222801933509967043e+01
7.150282711587289342e+00 2.206006776078577403e+01
7.201425401940038995e+00 2.165784817684063412e+01
7.251291360812208708e+00 2.139333263055971912e+01
7.301384627104277492e+00 2.139473454418441989e+01
7.350121157509939884e+00 2.092075513241010754e+01
7.400243896042705494e+00 2.108396468222499109e+01
7.450219004942361778e+00 2.119303138640018602e+01
7.499767164549090204e+00 2.091012483243967779e+01
7.551036194214812980e+00 2.089837717509515969e+01
7.600875332768869619e+00 2.072022938102013967e+01
7.650993174920037276e+00 2.057858834431630868e+01
7.700625888088293181e+00 2.032438681338763331e+01
7.751154263814290069e+00 2.026647053006329102e+01
7.801801090622451973e+00 2.025553395344109120e+01
7.851364051006665790e+00 2.027138450859178676e+01
7.900769558997057018e+00 1.998848054434440513e+01
7.950365025915012041e+00 2.002156679490902036e+01
8.001249973326832077e+00 2.003824645496305124e+01
8.050346754310522712e+00 1.992722598429160996e+01
8.100376043699483830e+00 1.960802106379055942e+01
8.150963831689653105e+00 1.961142042119166362e+01
8.200066242110258585e+00 1.955380767419962140e+01
8.249809700602813933e+00 1.890223857049364042e+01
8.300552262369116363e+00 1.931854941345728349e+01
8.351090274807287273e+00 1.921651888200183578e+01
8.400210126764326546e+00 1.903255744170095909e+01
8.450394926559216202e+00 1.895678136886238008e+01
8.500459425828198690e+00 1.877739718519817558e+01
8.550917286194149369e+00 1.850872527972937576e+01
8.600510843254964399e+00 1.872662216776985744e+01
8.651023792021119263e+00 1.837082965902410336e+01
8.701256476197366752e+00 1.875777994249041569e+01
8.749915613828461503e+00 1.814328920124658495e+01
8.800112521877306193e+00 1.806441060094802253e+01
8.849632071888843043e+00 1.804353188193085344e+01
8.900357776251059505e+00 1.824270256300226123e+01
8.950608837287235886e+00 1.827708506614385087e+01
9.000569819962127127e+00 1.794395611291319170e+01
9.051041288617525993e+00 1.802457724171539866e+01
9.100140618044129326e+00 1.758601954908676035e+01
9.150794710576331426e+00 1.765500189465706882e+01
9.200358087057745493e+00 1.763215566614768903e+01
9.250378436494685275e+00 1.766717680908820398e+01
9.300396476966747983e+00 1.757542240186439741e+01
9.350845697771076104e+00 1.719247650077595679e+01
9.401427877347279249e+00 1.715381725686146908e+01
9.450856317468241841e+00 1.698447797087585087e+01
9.501285360508264333e+00 1.709211081816928512e+01
9.551415626509362156e+00 1.717153345205670689e+01
9.601472418873740367e+00 1.694084021106751337e+01
9.650873339522149763e+00 1.664803906029867520e+01
9.700105298531504161e+00 1.656187998525370375e+01
9.749807236595939841e+00 1.664437895043246840e+01
9.800617716807657587e+00 1.668453884709756352e+01
9.850939668539123062e+00 1.663753242542152933e+01
9.900672862260712748e+00 1.627627730109204407e+01
9.951023643831279131e+00 1.633432525469595831e+01
1.000061390381357818e+01 1.646140381534305064e+01
1.005121303910567399e+01 1.641673904538341233e+01
1.010050487470579128e+01 1.633442035785785862e+01
1.015040394560108972e+01 1.613840218861428610e+01
1.020064233832726863e+01 1.598557172463507037e+01
1.025078872432590593e+01 1.604972792103382417e+01
1.030144077410513148e+01 1.609925699562586132e+01
1.035026615037620701e+01 1.563285184352518087e+01
1.040053707544599071e+01 1.571929757980569065e+01
1.045062977445541463e+01 1.556013550644993337e+01
1.050056916228905557e+01 1.590201856463987085e+01
1.055045547200590939e+01 1.558690963250071704e+01
1.060065943225193585e+01 1.549953442206941645e+01
1.065092618802826330e+01 1.544636804999428037e+01
1.069994190739775242e+01 1.540871797549429267e+01
1.075051342579590496e+01 1.515518052023733908e+01
1.080116309617008952e+01 1.522245400743535093e+01
1.085092532135009691e+01 1.516734666666666698e+01
1.090057119699959287e+01 1.505765747123317411e+01
1.095056114183856977e+01 1.520895699807201318e+01
1.100044795380789964e+01 1.494112831394739693e+01
1.105059621997271790e+01 1.504201630574890380e+01
1.110083536315899444e+01 1.493827950365779245e+01
1.115081901025334687e+01 1.459288353720693188e+01
1.120129035153903629e+01 1.477045454545454639e+01
1.125116374248475992e+01 1.466933107206405751e+01
1.130128079566052257e+01 1.466921075647720940e+01
1.135044509838974847e+01 1.460591699571024549e+01
1.140071777468021708e+01 1.472808803567965796e+01
1.145113705378753899e+01 1.436778073583729132e+01
1.150054064506493923e+01 1.445669082125603744e+01
1.155054572698180770e+01 1.422128563270356416e+01
1.160060598127213360e+01 1.439907350110011031e+01
1.165085593945590148e+01 1.432507912145440798e+01
1.170069293131600929e+01 1.433834987451517229e+01
1.175142896112726554e+01 1.425892956570155867e+01
1.180137066716670269e+01 1.408589124153284899e+01
1.185030839024950744e+01 1.404137900513365089e+01
1.190112650803973615e+01 1.414677790723479944e+01
1.195087750005856186e+01 1.421152622057443971e+01
1.200028886778134840e+01 1.390430380097517826e+01
1.205087280971257790e+01 1.386731009178192231e+01
1.210120573097985641e+01 1.395953336609873396e+01
1.215069798464289086e+01 1.385546875000000000e+01
1.220084588704311912e+01 1.377091405888051234e+01
1.225095075397515565e+01 1.361997998314370051e+01
1.230055747642593111e+01 1.375517189288894571e+01
1.235044509892075659e+01 1.375006279732611603e+01
1.240025358236334618e+01 1.361445202719457725e+01
1.245059963946805226e+01 1.362852714239364182e+01
1.250021218005843338e+01 1.357645025800422545e+01
1.255088259279081875e+01 1.345970547081313207e+01
1.260128860653785665e+01 1.363800946503690881e+01
1.265098919510728237e+01 1.345473127374168953e+01
1.270151919945489816e+01 1.321891228378431116e+01
1.275059048606717838e+01 1.330179989504119042e+01
1.280015324543435007e+01 1.337151761676226158e+01
1.285005587414941175e+01 1.305853245700060405e+01
1.290055459179237118e+01 1.326233118303908221e+01
1.295101831716038809e+01 1.312451466075371265e+01
1.300061854953515450e+01 1.313745732420401424e+01
1.305073094795649524e+01 1.313400964944993454e+01
1.310051576040570609e+01 1.314241210654192038e+01
1.315089754552600176e+01 1.286459830311739871e+01
1.320081412118408615e+01 1.288262590511185657e+01
1.325056877988023629e+01 1.286561975518096901e+01
1.329997547558646787e+01 1.279658967636955325e+01
1.334989268379465521e+01 1.279083749561864813e+01
1.340063178882596162e+01 1.285641234325479054e+01
1.345111248053373743e+01 1.267295665893189849e+01
1.350104577716931509e+01 1.277152453070205596e+01
1.355110471056903876e+01 1.274733005924539953e+01
1.360103386653534407e+01 1.265970945669934800e+01
1.365064521999293667e+01 1.266021799828178551e+01
1.370108558817629785e+01 1.264985019313942338e+01
1.375063751069574458e+01 1.251948215505464468e+01
1.380020275550391951e+01 1.241500623441396556e+01
1.385010291988493947e+01 1.249302483098031402e+01
1.389993945742187975e+01 1.248832906519778518e+01
1.395077535055353124e+01 1.235942114829119554e+01
1.400033540187661885e+01 1.226505584400880089e+01
1.405076036390690319e+01 1.243886063314003287e+01
1.410091255677794386e+01 1.238843196552814696e+01
1.415099424006951345e+01 1.214386300417246112e+01
1.420090845382453182e+01 1.224358853033027472e+01
1.425058535625662692e+01 1.209018497896560262e+01
1.430068992108075854e+01 1.204629412500390906e+01
1.435081631969962146e+01 1.210401169766046792e+01
1.440116277072030648e+01 1.206245684496409432e+01
1.445095548372230709e+01 1.197140054647304197e+01
1.450106060960858834e+01 1.197749222912966260e+01
1.455087147615679299e+01 1.188735105407882742e+01
1.460089164482430135e+01 1.191104203456561450e+01
1.465096435834932009e+01 1.184440829887330793e+01
1.470042432961008316e+01 1.181217117832054697e+01
1.474998265362896355e+01 1.199898429729097238e+01
1.479989122439800120e+01 1.179090683023872721e+01
1.485068890065675262e+01 1.193451434786246246e+01
1.490091461135759410e+01 1.178827946019473139e+01
1.495142624477786164e+01 1.175848014015436505e+01
1.500125581199326774e+01 1.181220167702040413e+01
1.505058992571524001e+01 1.163064513865499094e+01
1.510096182188420677e+01 1.161725900882328588e+01
1.515041653809440625e+01 1.168135656970912706e+01
1.520050358450064110e+01 1.168141927403281777e+01
1.525026187279651246e+01 1.153038995494517494e+01
1.530061285776438496e+01 1.155448511665325917e+01
1.535093523531647719e+01 1.163262028521924485e+01
1.540080134614941620e+01 1.155686098399700334e+01
1.545125002511655588e+01 1.147630580678045753e+01
1.550055590549435180e+01 1.148798758506156936e+01
1.554990690009351617e+01 1.146836986571880068e+01
1.560029939283501221e+01 1.133118160814481890e+01
1.565051554421477675e+01 1.135838936945582844e+01
1.570055893919154144e+01 1.127199875048058431e+01
1.575055944300927990e+01 1.130616622407688432e+01
1.580089161127091657e+01 1.120378900116497078e+01
1.585074981409009887e+01 1.127434528290051396e+01
1.590132026779191321e+01 1.114145868134027673e+01
1.595119615174483307e+01 1.112902503620150796e+01
1.600061799840658239e+01 1.113267915990359569e+01
1.605077212836705058e+01 1.111006090869183538e+01
1.610103563786684688e+01 1.116894743925416478e+01
1.615061123591991432e+01 1.105334200757024377e+01
1.620065196690424969e+01 1.112395055688434553e+01
1.625089452027982517e+01 1.105988111636997218e+01
1.630118119518434128e+01 1.097577048693586654e+01
1.635146405608891840e+01 1.101046548439016348e+01
1.640076947667969520e+01 1.094458288754160691e+01
1.645087400555846102e+01 1.096533635413035945e+01
1.650098843068070664e+01 1.094742138689819910e+01
1.655106400710294778e+01 1.084482423235936288e+01
1.660084850266487777e+01 1.081574159313555050e+01
1.665053292522144801e+01 1.082769426209168095e+01
1.670094208154347726e+01 1.074570571545771536e+01
1.675068958911364447e+01 1.083324681539357037e+01
1.680052177009391556e+01 1.072835024442928464e+01
1.685039801592866127e+01 1.079681611570248023e+01
1.690071147848142274e+01 1.073380796647774638e+01
1.695034504331302116e+01 1.066069359669944738e+01
1.700024952897776132e+01 1.062633108222542155e+01
1.705080262949346803e+01 1.064676011739264716e+01
1.710038038467472177e+01 1.060552139442317277e+01
1.715073677186147094e+01 1.056960335319472577e+01
1.720103001431176537e+01 1.063465927397701627e+01
1.725093874646400494e+01 1.060670697814763130e+01
1.730026876303448802e+01 1.062254969443724484e+01
1.735069699187642200e+01 1.043621582319744157e+01
1.740111744736490706e+01 1.051367834962863412e+01
1.745083602976958304e+01 1.039071687906752928e+01
1.750079017405409587e+01 1.043502511366428998e+01
1.755058064951854391e+01 1.038659931953765891e+01
1.760098984156358171e+01 1.035600792385878322e+01
1.765084796114107490e+01 1.029722240773467057e+01
1.770084590768282951e+01 1.023566069456990846e+01
1.775113545986024732e+01 1.029998908860056339e+01
1.780111750417361804e+01 1.025460482208613477e+01
1.785112557577493675e+01 1.024066590886379480e+01
1.790043071854657697e+01 1.025470151957281217e+01
1.795093294930180150e+01 1.020916449840994567e+01
1.800117591338927880e+01 1.017450842011857404e+01
1.805102955138067244e+01 1.016643612653476225e+01
1.810081125040843375e+01 1.017532580364900241e+01
1.815070355316448669e+01 1.008850033544182345e+01
1.820082603023814727e+01 1.013656890263695587e+01
1.825104242422729328e+01 9.999032471650254550e+00
1.830110038363673652e+01 1.001661208168819783e+01
1.835056608576439530e+01 9.990006707858587021e+00
1.840052225601024816e+01 1.014847328420508177e+01
1.845054397902244503e+01 9.925970850963798497e+00
1.850066401639472602e+01 9.974107078056391629e+00
1.855077375907742265e+01 9.845016453466815420e+00
1.860040149003351218e+01 9.854012575665580087e+00
1.865036571685475764e+01 9.933471262195341822e+00
1.870055233191315480e+01 9.825501655599182982e+00
1.875038082358441471e+01 9.848136858208414779e+00
1.880030100158329631e+01 9.852662502646621689e+00
1.885065092426605204e+01 9.839047420067934979e+00
1.890032953550104367e+01 9.811472587719297422e+00
1.895058111422453706e+01 9.757930643539022952e+00
1.900068398728053864e+01 9.786056269368710758e+00
1.905038713710101916e+01 9.730375078880941331e+00
1.910077607978132974e+01 9.662020129280044500e+00
1.915069731442681800e+01 9.687601293103448086e+00
1.920059048440732141e+01 9.725870417488835074e+00
1.925035227553674133e+01 9.741516832440703766e+00
1.930047157178797690e+01 9.631293930792105940e+00
1.935052191971805868e+01 9.679915692198028054e+00
1.940062364124835170e+01 9.625798508077812343e+00
1.945076194647657530e+01 9.696715563399495252e+00
1.950064015704267106e+01 9.542008780932830447e+00
1.955103246253348104e+01 9.557930487966364907e+00
1.960103224732800342e+01 9.570276549949694456e+00
1.965096451560197721e+01 9.558316423821631602e+00
1.970039326907732402e+01 9.554112621861646559e+00
1.975045869793262909e+01 9.515439190789786394e+00
1.980112994754063038e+01 9.488642120753990383e+00
1.985113240949997149e+01 9.501340913105620345e+00
1.990129882447748955e+01 9.471921706638859462e+00
1.995102839468674816e+01 9.462684740028491248e+00
2.000083692040861649e+01 9.395505437255794234e+00
2.005054571725930401e+01 9.384981402342514656e+00
2.010084313615223905e+01 9.409996545084702291e+00
2.015039891387192839e+01 9.389062302938580018e+00
2.020032978626047537e+01 9.392435968306616090e+00
2.025088372940374271e+01 9.363120016528673872e+00
2.030029183479597066e+01 9.318949064514109537e+00
2.035052695173413539e+01 9.252269790406190353e+00
2.040075823535785560e+01 9.228384225373590155e+00
2.045089601889413444e+01 9.235379232895645885e+00
2.050073645873280981e+01 9.257193398016974939e+00
2.055053498245830212e+01 9.224580210006543268e+00
2.060058405558038430e+01 9.245573846431961229e+00
2.065032429254589985e+01 9.198708384529869164e+00
2.070047025335771806e+01 9.191745406334030477e+00
2.075044015714700407e+01 9.224501486476688328e+00
2.080056166383511851e+01 9.166300509499896165e+00
2.085052640866095430e+01 9.130908972522464140e+00
2.090093885348607117e+01 9.152896746585129861e+00
2.095072566472917686e+01 9.091305001026002586e+00
2.100045951270690026e+01 9.055829057087876777e+00
2.105041555584098489e+01 9.107892531797869395e+00
2.110036039795015128e+01 9.072853635552029061e+00
2.115060440588723267e+01 8.994608818600754674e+00
2.120099297639964320e+01 9.034654270955821076e+00
2.125110208021147429e+01 9.008533077323431115e+00
2.130047153211643263e+01 8.999299469071296187e+00
2.135095211249340252e+01 8.983647587859643124e+00
2.140153998728464302e+01 9.003920333497212880e+00
2.145140411864241869e+01 8.941139850729705074e+00
2.150109067953851039e+01 8.873160318774580446e+00
2.155071421888607830e+01 9.005247878138728623e+00
2.160095248613489716e+01 8.976952176508090631e+00
2.165078368034290790e+01 8.923125168146354369e+00
2.170103250420297769e+01 8.938161507904769820e+00
2.175113749075196878e+01 8.875951085128425788e+00
2.180066400185297226e+01 8.858235884951042749e+00
2.185095183544095931e+01 8.819089016875798492e+00
2.190070081606517505e+01 8.790652625588904812e+00
2.195052143564337399e+01 8.799627799736494893e+00
2.200016785070007685e+01 8.773166506382811036e+00
2.205017752243192319e+01 8.812680998532705701e+00
2.210016093160606587e+01 8.775607996029414437e+00
2.215052494156026341e+01 8.745156736760124616e+00
2.220099768268121565e+01 8.782290242045776907e+00
2.225093828405544372e+01 8.720266920877026706e+00
2.230088287983462081e+01 8.717256668196654346e+00
2.235050207682091994e+01 8.698490314925276579e+00
2.240027092684176679e+01 8.698328759158767909e+00
2.245050285997742989e+01 8.684579940991932645e+00
2.250092599038523389e+01 8.672696038174873223e+00
2.255080398875536929e+01 8.696777428920286823e+00
2.260054706545379233e+01 8.637232580319407660e+00
2.265063038163662057e+01 8.670240135913328317e+00
2.270025254152363914e+01 8.602133537893529081e+00
2.275050358802700146e+01 8.617851800454168654e+00
2.280034136030533887e+01 8.583275071141201806e+00
2.285072882878251832e+01 8.526964364499242777e+00
2.290066141892027929e+01 8.520430554540361356e+00
2.295053262466946720e+01 8.491634853241995629e+00
2.300116596624015131e+01 8.562744131955541960e+00
2.305075049811972576e+01 8.528739662426850998e+00
2.310085238957240961e+01 8.510171615888930674e+00
2.315075103044907934e+01 8.457097407089356977e+00
2.320056411088655324e+01 8.462950707106124071e+00
2.325069316575375922e+01 8.405748612328366676e+00
2.330102321943878252e+01 8.464648540430308898e+00
2.335094979495398704e+01 8.363390879150820467e+00
2.340077491351943451e+01 8.364282662093634357e+00
2.345090180360846333e+01 8.374827787507296506e+00
2.350069764984864307e+01 8.324337728609215503e+00
2.355079805083223476e+01 8.312442984856778239e+00
2.360089425887846915e+01 8.343307165520590374e+00
2.365111588592037251e+01 8.283967789578118968e+00
2.370079117479742337e+01 8.275599733136496994e+00
2.375070238000955669e+01 8.234409052808047136e+00
2.380072099427258792e+01 8.285778411491339313e+00
2.385044315484774557e+01 8.274762847410213951e+00
2.390062030528307702e+01 8.247112224644519429e+00
2.395079098070538137e+01 8.255066220765414187e+00
2.400087914898061214e+01 8.259922170976775391e+00
2.405047136728556012e+01 8.206801510868611871e+00
2.410094161555001691e+01 8.197997031846041338e+00
2.415096374291990955e+01 8.155694326841659958e+00
2.420035762630187293e+01 8.175183744055340540e+00
2.425062718572708675e+01 8.167890469021919841e+00
2.430056200939818467e+01 8.116780619905620497e+00
2.435074088185508856e+01 8.103662346188873045e+00
2.440058288212754434e+01 8.076921941901767710e+00
2.445050734240095736e+01 8.106588234062160225e+00
2.450068293811746400e+01 8.069729025699672320e+00
2.455072252521220122e+01 8.117111951400941550e+00
2.460081802631937720e+01 8.066918984619947608e+00
2.465048464938207218e+01 8.110248048879077132e+00
2.470070557930939970e+01 8.029035438131078450e+00
2.475098408547652795e+01 8.040841145271206969e+00
2.480073664568702796e+01 8.049098032069970543e+00
2.485031139239437081e+01 7.974918739762490105e+00
2.490072463844199291e+01 7.979921784618479563e+00
2.495100174296157647e+01 7.942561566257742456e+00
2.500090082264989988e+01 7.991981247514454267e+00
2.505070236710282572e+01 7.943460830440802312e+00
2.510076910204727341e+01 7.912773581688331781e+00
2.515074714444360993e+01 7.911408333082548872e+00
2.520042346985152193e+01 7.959184295063054471e+00
2.525087251929459242e+01 7.924109294023935490e+00
2.530067364950122766e+01 7.876277973559510315e+00
2.535041708261922722e+01 7.923009384960453261e+00
2.540064572517422192e+01 7.893665114190027587e+00
2.545058671133012140e+01 7.833465842882113783e+00
2.550091448992870014e+01 7.798200298939153896e+00
2.555093562505498284e+01 7.787568276504243769e+00
2.560076420353996340e+01 7.793344296305036778e+00
2.565050233917104450e+01 7.832003217466517953e+00
2.570088089215357030e+01 7.770427669072948795e+00
2.575089593395361831e+01 7.776337329674032794e+00
2.580055172488612314e+01 7.741993855323811680e+00
2.585065705518562851e+01 7.769918902207002098e+00
2.590040009142965260e+01 7.707045310684289774e+00
2.595045451330076602e+01 7.649822769362621955e+00
2.600041449295903817e+01 7.708510450501341538e+00
2.605043175508030728e+01 7.699992372129146112e+00
2.610049216203561073e+01 7.700311774268461917e+00
2.615052744885751324e+01 7.637022313561589115e+00
2.620081245176917406e+01 7.679502768972930049e+00
2.625064376793082488e+01 7.663544322118571728e+00
2.630053287468589573e+01 7.636089162756413806e+00
2.635101688869864489e+01 7.617293436991502631e+00
2.640098937474011720e+01 7.593327100525304019e+00
2.645040677875825708e+01 7.604847240265598884e+00
2.650060382162935113e+01 7.584689964302733678e+00
2.655045256895379424e+01 7.625402227722772430e+00
2.660025631369433086e+01 7.567844265875138809e+00
2.665085337050840764e+01 7.549769828940553928e+00
2.670089682513944851e+01 7.563630340400596452e+00
2.675085862322766772e+01 7.527970852517121614e+00
2.680077379233840063e+01 7.546089082256496106e+00
2.685114965594502934e+01 7.532452576307438363e+00
2.690100378496506650e+01 7.497625602655636712e+00
2.695034706866618635e+01 7.491882084966627886e+00
2.700052841649375068e+01 7.550471383779441936e+00
2.705072101866625545e+01 7.466586339137644579e+00
2.710069443800647093e+01 7.468314626816834334e+00
2.715078986062405875e+01 7.476096547451180463e+00
2.720089493456375251e+01 7.437392001055517454e+00
2.725057769076351022e+01 7.442177433303065470e+00
2.730033549125748493e+01 7.400185185185184977e+00
2.735052912710215978e+01 7.409665326455267653e+00
2.740061522037846942e+01 7.430319792603299334e+00
2.745070084770054564e+01 7.390711657645918642e+00
2.750096527171193372e+01 7.420460206750528975e+00
2.755103462783471358e+01 7.384112166139849442e+00
2.760049968995508962e+01 7.387708291381393622e+00
2.765053177889601344e+01 7.391311518195493591e+00
2.770036622615669586e+01 7.363964086799874131e+00
2.775054988188822946e+01 7.353743293194271224e+00
2.780062562883384203e+01 7.351001914669821780e+00
2.785044576349854850e+01 7.316880191939514333e+00
2.790070893961808807e+01 7.354954935761647938e+00
2.795038926939105650e+01 7.344564611994665704e+00
2.800057880835900548e+01 7.344673293747144172e+00
2.805066800443194808e+01 7.287299644879546179e+00
2.810107801910153924e+01 7.276996559324979685e+00
2.815115147865971323e+01 7.291670714626899752e+00
2.820044725741460923e+01 7.275499589078258111e+00
2.825040259489045624e+01 7.267856150958968087e+00
2.830043012984087625e+01 7.221666712365253815e+00
2.835059611158580495e+01 7.262544623199346461e+00
2.840043375018342431e+01 7.202131886115382464e+00
2.845045081296103717e+01 7.222861371475414849e+00
2.850041934162237567e+01 7.221961696866608271e+00
2.855035665006607104e+01 7.207022631159596848e+00
2.860065628427968321e+01 7.183115457057724029e+00
2.865062202782436529e+01 7.177652575102333898e+00
2.870086574409789293e+01 7.174675877472393992e+00
2.875095097308470926e+01 7.175772481627256560e+00
2.880071965891575303e+01 7.167553589088984545e+00
2.885023923582780014e+01 7.135445779498456709e+00
2.890050167422365490e+01 7.111406307338590693e+00
2.895070215097079469e+01 7.123839491351929176e+00
2.900065347826904372e+01 7.082490788045935126e+00
2.905081112941260457e+01 7.118270260322559828e+00
2.910056439627211589e+01 7.036728265949108163e+00
2.915042575030595273e+01 7.070516524150682436e+00
2.920043042605855632e+01 7.065301212760347838e+00
2.925076636279083431e+01 7.091354157418094495e+00
2.930084321682425852e+01 7.025559823321814612e+00
2.935070565647483676e+01 7.055644755588849293e+00
2.940088173014940054e+01 7.060708998866917163e+00
2.945065901268334230e+01 7.013459717365967627e+00
2.950069929838434035e+01 7.050399790273954359e+00
2.955051767266316176e+01 6.982147192688742621e+00
2.960069847837196377e+01 6.991166711906054765e+00
2.965080039456267258e+01 6.990065006690535654e+00
2.970062591625485382e+01 6.977084760823947462e+00
2.975060950619111466e+01 6.959225715702336501e+00
2.980050069104065713e+01 6.977281193457977260e+00
2.985055554323798788e+01 6.952416351613496914e+00
2.990066955052829911e+01 6.940505218801790832e+00
2.995082529205978972e+01 6.914522935425958750e+00
3.000070388283209866e+01 6.905617471366508830e+00
3.005093720211255359e+01 6.943303754065055067e+00
3.010063232593409666e+01 6.895364042184749742e+00
3.015060885573432614e+01 6.883411480242682678e+00
3.020077941803320698e+01 6.848162036843060463e+00
3.025042159237726480e+01 6.887193197269472655e+00
3.030049283039372909e+01 6.834299644843024879e+00
3.035065172418487123e+01 6.858992483833278975e+00
3.040092396144631337e+01 6.823852413888029211e+00
3.045061899439206599e+01 6.821328322763275942e+00
3.050062299842226565e+01 6.815935527854850129e+00
3.055062136019501651e+01 6.782835020400958648e+00
3.060036071826926829e+01 6.805114961707520393e+00
3.065068276140530301e+01 6.792435436701532936e+00
3.070067093794826718e+01 6.782352320816370295e+00
3.075070739398880093e+01 6.783547541467208397e+00
3.080069406674522270e+01 6.759946410230925018e+00
3.085055902468600664e+01 6.736444591913341995e+00
3.090042768187009870e+01 6.747073093773334307e+00
3.095057938439754608e+01 6.765256037275030998e+00
3.100056714637308275e+01 6.721167205115932575e+00
3.105027657948960851e+01 6.728434066836087801e+00
3.110045185950545488e+01 6.736720899146314778e+00
3.115079716584278557e+01 6.674771429128409039e+00
3.120089638300272838e+01 6.699251066547369682e+00
3.125061034946996230e+01 6.670439555416241895e+00
3.130074673395984064e+01 6.659609104970687810e+00
3.135087371096646081e+01 6.731473867550697321e+00
3.140070298512654645e+01 6.686587088990020966e+00
3.145048999559004343e+01 6.671339970358914684e+00
3.150054566235555598e+01 6.667067005777442823e+00
3.155095465298380120e+01 6.627728451048706226e+00
3.160059061739232078e+01 6.623740629043306072e+00
3.165063358798569126e+01 6.638973745960065287e+00
3.170080811001844268e+01 6.628046983571570294e+00
3.175077922846383416e+01 6.620777637283236317e+00
3.180073041957039948e+01 6.595870869936061531e+00
3.185061501289119335e+01 6.611240328216648088e+00
3.190059534907069860e+01 6.588965921053451247e+00
3.195055220581018673e+01 6.565748199626407100e+00
3.200080217994445064e+01 6.560756809530261968e+00
3.205069744610977267e+01 6.515917027994367672e+00
3.210050528371473888e+01 6.530228743237315392e+00
3.215073795427445447e+01 6.541324954489454058e+00
3.220057376437510754e+01 6.542549159868500830e+00
3.225057755887306854e+01 6.516480836554591427e+00
3.230065419623123546e+01 6.513798078954835979e+00
3.235074821529837408e+01 6.507412687313891553e+00
3.240068920145048992e+01 6.494605743416488330e+00
3.245066524920769524e+01 6.465884155115352527e+00
3.250067061912027810e+01 6.479356379736850968e+00
3.255045672500492770e+01 6.478480084993168298e+00
3.260061114312246389e+01 6.457803200712310954e+00
3.265063760042713170e+01 6.416652162170272788e+00
3.270057442976514039e+01 6.448547968707913469e+00
3.275070100505863735e+01 6.412518521131729266e+00
3.280094527007205585e+01 6.413919309118440104e+00
3.285066030973816709e+01 6.387410163969135191e+00
3.290059813941013545e+01 6.386265386120798304e+00
3.295073451895240169e+01 6.379695741948917309e+00
3.300095649687233390e+01 6.391677326787442937e+00
3.305110906618631361e+01 6.368371823741279414e+00
3.310064384792069347e+01 6.366313001577213804e+00
3.315037612876064799e+01 6.346606642169241752e+00
3.320039352890535156e+01 6.356829765545362498e+00
3.325075369626339494e+01 6.305193364508311582e+00
3.330079563727023384e+01 6.346642824776446368e+00
3.335041517110537512e+01 6.302023610447523794e+00
3.340042234386024944e+01 6.289207328855093593e+00
3.345068942173323023e+01 6.311209826560703284e+00
3.350090898686119090e+01 6.265144983436947257e+00
3.355076868455447681e+01 6.264664890547347653e+00
3.360083299996632178e+01 6.249958066355799424e+00
3.365062953487561259e+01 6.264739558747499437e+00
3.370054413012797312e+01 6.240245454394224289e+00
3.375043567752315710e+01 6.239512108063490992e+00
3.380061640845230642e+01 6.227201477226097737e+00
3.385089393014911963e+01 6.248263888888888395e+00
3.390082568859970991e+01 6.194342631904824259e+00
3.395079958664522479e+01 6.192510958371867602e+00
3.400065462941210370e+01 6.217183321276689156e+00
3.405091816079112021e+01 6.154701961736689597e+00
3.410090749058920068e+01 6.176258545255674193e+00
3.415074457596266910e+01 6.143717782807390115e+00
3.420065295071830036e+01 6.164676487061113264e+00
3.425051858506616043e+01 6.153754862046119101e+00
3.430084962655262615e+01 6.129909322868724253e+00
3.435071212962177611e+01 6.133783189379398593e+00
3.440066905842098777e+01 6.136634864165588787e+00
3.445042983328236375e+01 6.124620076969345739e+00
3.450043860660466777e+01 6.112128138898572871e+00
3.455076374242391068e+01 6.118346240952788229e+00
3.460068794302640782e+01 6.106073172918688563e+00
3.465065597891599936e+01 6.100408623622512572e+00
3.470061275611706719e+01 6.044256079889937183e+00
3.475062702078484023e+01 6.078668899932896608e+00
3.480052422475197460e+01 6.074616496656435771e+00
3.485065294727289142e+01 6.039321635889345785e+00
3.490062447937064150e+01 6.046832741052896587e+00
3.495074122486598611e+01 6.038497977649584847e+00
3.500077310510111062e+01 6.043527681372395044e+00
3.505065889052637829e+01 6.012293938820109318e+00
3.510073836994573782e+01 6.018024409376153017e+00
3.515075393740908538e+01 5.982680131227167131e+00
3.520070871574944249e+01 5.999612907698707254e+00
3.525045083160344461e+01 5.986981179078374460e+00
3.530049570869167752e+01 5.972092097725187010e+00
3.535059160776241782e+01 5.980386605462104654e+00
3.540068430971665947e+01 5.951865908130621108e+00
3.545074911362522840e+01 5.943015643383374069e+00
3.550036890253176836e+01 5.934907674741459083e+00
3.555064134077936444e+01 5.937012777571020195e+00
3.560078931342755482e+01 5.903762965056323253e+00
3.565108547588086907e+01 5.903908414127423399e+00
3.570094795766028284e+01 5.916935155539248647e+00
3.575062622600737683e+01 5.895420670478885405e+00
3.580091761654597349e+01 5.906553935386749110e+00
3.585068011788996500e+01 5.887455531442614465e+00
3.590063654732295362e+01 5.882496293008418142e+00
3.595064781968525836e+01 5.874138041040289693e+00
3.600064661787772025e+01 5.880684406132496100e+00
3.605065997098245134e+01 5.854331186306084511e+00
3.610055580292227972e+01 5.845366882210868198e+00
3.615066567295489364e+01 5.819918244698395249e+00
3.620070823995840925e+01 5.809657357906921504e+00
3.625063407140827110e+01 5.814558992645850743e+00
3.630053903480800415e+01 5.812925072390934922e+00
3.635076095548847519e+01 5.800177202974063029e+00
3.640064521820000465e+01 5.780057348031314213e+00
3.645059114817902213e+01 5.790487516700662418e+00
3.650037969898852452e+01 5.778156872557429935e+00
3.655041555911058992e+01 5.753347011571602110e+00
3.660066049185408588e+01 5.772773511846163608e+00
3.665073222235510997e+01 5.733436429028734516e+00
3.670097527299056139e+01 5.744397342369463644e+00
3.675066829186678774e+01 5.761206550486445366e+00
3.680079532898415096e+01 5.708927919518292704e+00
3.685063282247625693e+01 5.738068042510656497e+00
3.690036457791557467e+01 5.732669677824577370e+00
3.695044255330601146e+01 5.711474477909685099e+00
3.700056414896440060e+01 5.716110764849323012e+00
3.705061200566700563e+01 5.690465246295854485e+00
3.710054642744190545e+01 5.711664522971386937e+00
3.715099645420669816e+01 5.676170463382279152e+00
3.720099847428265605e+01 5.662796097935950179e+00
3.725092363794612282e+01 5.678901783283419213e+00
3.730065785688235991e+01 5.670372052914602889e+00
3.735047039871516006e+01 5.643704782958199218e+00
3.740074484956132039e+01 5.647719201816766343e+00
3.745078498921309773e+01 5.618093300670518708e+00
3.750081080030444269e+01 5.602544534394807485e+00
3.755066575910367987e+01 5.625585926056131392e+00
3.760075719290531993e+01 5.605081197947187732e+00
3.765058742029950167e+01 5.615963591118950937e+00
3.770070520800517500e+01 5.578386154488151227e+00
3.775074171766122078e+01 5.573637348160056959e+00
3.780054920228933923e+01 5.565451663498730106e+00
3.785028605357963016e+01 5.579725665329930528e+00
3.790014956604337470e+01 5.570682143918340046e+00
3.795070399093049929e+01 5.565009853841913490e+00
3.800064488374761140e+01 5.564309030716603210e+00
3.805063670460460656e+01 5.542424301629891303e+00
3.810066986978391412e+01 5.520119134584680509e+00
3.815047335562729103e+01 5.527771099733167937e+00
3.820070457166085731e+01 5.530976718877530729e+00
3.825054652004534717e+01 5.500855875168901399e+00
3.830059095506936728e+01 5.485505765424663061e+00
3.835060440364230061e+01 5.490166865954373421e+00
3.840060189880973240e+01 5.461244428987299671e+00
3.845047415235990229e+01 5.470758519053203983e+00
3.850045558810032276e+01 5.470709595362044375e+00
3.855068545891874265e+01 5.469715249938292168e+00
3.860077335274264954e+01 5.479724695313720417e+00
3.865079795446190758e+01 5.440815404220009199e+00
3.870069735860561622e+01 5.436976129062315977e+00
3.875074558129854552e+01 5.413780111050808586e+00
3.880072689471128911e+01 5.404039650912905834e+00
3.885070431159810767e+01 5.406195462478184943e+00
3.890076604177426134e+01 5.419869266725094725e+00
3.895077654249089250e+01 5.391865877605132695e+00
3.900065635008523657e+01 5.385579036770583805e+00
3.905068303866070778e+01 5.366068924848245381e+00
3.910086666979864845e+01 5.358929257739371899e+00
3.915075167994284300e+01 5.374782310656588180e+00
3.920080110904684290e+01 5.356853282251771375e+00
3.925051722509476093e+01 5.353930526402436385e+00
3.930049924941769746e+01 5.344108826311755323e+00
3.935068663145851531e+01 5.337209254984345286e+00
3.940062002802714858e+01 5.334362990164147611e+00
3.945094720807892230e+01 5.326080021415259047e+00
3.950072275578882852e+01 5.299690391386228328e+00
3.955068874417335678e+01 5.302736821817481072e+00
3.960047988298316568e+01 5.291897642616594233e+00
3.965028426911310078e+01 5.301926573677536503e+00
3.970050640123277219e+01 5.288479527233455713e+00
3.975057126679874386e+01 5.269857902675239458e+00
3.980063131454883063e+01 5.253930855460067662e+00
3.985062444376308832e+01 5.259247071538001528e+00
3.990046459422952552e+01 5.248483082616427708e+00
3.995030915473805777e+01 5.251917121878196149e+00
4.000070700697658310e+01 5.209953968513373113e+00
4.005068128997515231e+01 5.214796467004588543e+00
4.010049471442144409e+01 5.206662000210869223e+00
4.015069681665188028e+01 5.200713524465369275e+00
4.020082895179550064e+01 5.192014405485721795e+00
4.025072769209087653e+01 5.211994912847707440e+00
4.030051348483454632e+01 5.172058817815904597e+00
4.035072609931964394e+01 5.159909504277874426e+00
4.040037176569849464e+01 5.152855651480316546e+00
4.045042667732217012e+01 5.163383049432773042e+00
4.050053434909590777e+01 5.143165931540757185e+00
4.055043005389622834e+01 5.154863101567194406e+00
4.060045540580550494e+01 5.117738851308671677e+00
4.065048092584816430e+01 5.137604718316288732e+00
4.070078642837128058e+01 5.117387245591263678e+00
4.075040725570445943e+01 5.115962108953614695e+00
4.080059557345823151e+01 5.128992202620216823e+00
4.085087876590859679e+01 5.088520208106194431e+00
4.090052355963207731e+01 5.077135502408965273e+00
4.095053410493387958e+01 5.104552701153989958e+00
4.100046890014794343e+01 5.089557647762085857e+00
4.105055555589980543e+01 5.063486557623614104e+00
4.110055962388238271e+01 5.068890511520685926e+00
4.115058724083828423e+01 5.055013161825106849e+00
4.120063807828946523e+01 5.043060770484923516e+00
4.125078781157126429e+01 5.030477736651964626e+00
4.130070977352312411e+01 5.046272980272778597e+00
4.135072597204173661e+01 5.022885778608600305e+00
4.140062101981526865e+01 5.012586080096276042e+00
4.145046210781828933e+01 5.011166327111208574e+00
4.150064410670492521e+01 4.992786248246229519e+00
4.155055390754394296e+01 5.005681567653369690e+00
4.160071856321656014e+01 4.982362302143677368e+00
4.165062465436843553e+01 4.978380428076154551e+00
4.170074665647079826e+01 4.976181253797014925e+00
4.175092031344095034e+01 4.978489897450413260e+00
4.180083223468388809e+01 4.953604211272495839e+00
4.185091650497393800e+01 4.952811973307636784e+00
4.190058894312653592e+01 4.938296094745684428e+00
4.195057327773436384e+01 4.935007783552671334e+00
4.200054620451269471e+01 4.930431393117473249e+00
4.205070097649376493e+01 4.924563936995588698e+00
4.210104367677791259e+01 4.925275812767410777e+00
4.215062999266064736e+01 4.911085698013092582e+00
4.220062489273367845e+01 4.902682521055053755e+00
4.225072019983769422e+01 4.888816064692703023e+00
4.230080984542261291e+01 4.892661771640519852e+00
4.235048512465247939e+01 4.866507251510955534e+00
4.240039033711827443e+01 4.882863833901688544e+00
4.245058113897258067e+01 4.857960388446954880e+00
4.250051056501101243e+01 4.859808103273051572e+00
4.255075469310492764e+01 4.845890446521287309e+00
4.260088839389085535e+01 4.863058492302631208e+00
4.265066822100642696e+01 4.826393918396624017e+00
4.270042497031288775e+01 4.822784242339784200e+00
4.275056154529104191e+01 4.816195264853011970e+00
4.280061966166783094e+01 4.809855842395063696e+00
4.285072612642605350e+01 4.805930074886744841e+00
4.290063911686539910e+01 4.811288856791386515e+00
4.295047238065683359e+01 4.800386471692426049e+00
4.300068081100387474e+01 4.784829983888747584e+00
4.305065341004009127e+01 4.782157321511643744e+00
4.310092706765931325e+01 4.763763847786547601e+00
4.315079602200330555e+01 4.767863605943893468e+00
4.320049660447120488e+01 4.759981527387951772e+00
4.325044276895134487e+01 4.751634809275047111e+00
4.330057972539024291e+01 4.755950860016945114e+00
4.335073935269073786e+01 4.768273652950088426e+00
4.340062665975187173e+01 4.745951078928993816e+00
4.345083521863485743e+01 4.733006509844642551e+00
4.350080434733149559e+01 4.732306762677715994e+00
4.355066849370164306e+01 4.724640103642148148e+00
4.360066807944897249e+01 4.724995266142453687e+00
4.365063945197720585e+01 4.698808671914341595e+00
4.370057186563911955e+01 4.701831247217959309e+00
4.375058189073340742e+01 4.686698625769532889e+00
4.380066239129499195e+01 4.689570991311216908e+00
4.385070439948531629e+01 4.673940248878210468e+00
4.390071035686884926e+01 4.664190091402400817e+00
4.395067528124658196e+01 4.676020999595094096e+00
4.400082397187517103e+01 4.655353751071059420e+00
4.405064825126752481e+01 4.645708894128434352e+00
4.410055966609562716e+01 4.641636487832737856e+00
4.415064464392477106e+01 4.637905643995145155e+00
4.420062521994253046e+01 4.646201244355633975e+00
4.425074133285379219e+01 4.632809360785637764e+00
4.430056633737652305e+01 4.618273975836599377e+00
4.435070835691129076e+01 4.601684302223358891e+00
4.440078972329759210e+01 4.596255270891898448e+00
4.445074787044538311e+01 4.600778289291666212e+00
4.450068873751220622e+01 4.593370718385042295e+00
4.455068020915655325e+01 4.588854277887939759e+00
4.460077488805040957e+01 4.582319673252738923e+00
4.465062459263209860e+01 4.586541839693110134e+00
4.470071478766311657e+01 4.577765525200784502e+00
4.475070854589100833e+01 4.576276325293414438e+00
4.480054713876269545e+01 4.562583841125812611e+00
4.485054816752502660e+01 4.543064168894209054e+00
4.490070656619563039e+01 4.525418717910466349e+00
4.495070056087058674e+01 4.541945675714925912e+00
4.500056910314840763e+01 4.530626647908844618e+00
4.505070887203213914e+01 4.516608894123203655e+00
4.510061236772134663e+01 4.512138944805954566e+00
4.515073277013259201e+01 4.499384172149223815e+00
4.520069200387877117e+01 4.491653804178359799e+00
4.525066379076972112e+01 4.498260086200804864e+00
4.530070851487537453e+01 4.471881326884142638e+00
4.535066554677655404e+01 4.480712195903971740e+00
4.540070412847448011e+01 4.467100672224863622e+00
4.545055029283572168e+01 4.459637683843959977e+00
4.550056965286096755e+01 4.464440560182644901e+00
4.555054912766672004e+01 4.454197489044323000e+00
4.560058025539878912e+01 4.456146187477023624e+00
4.565062272089560480e+01 4.434922680412371143e+00
4.570060765623707510e+01 4.423948822936648817e+00
4.575072027820378651e+01 4.429810611862436076e+00
4.580063544467018488e+01 4.414905038408032389e+00
4.585061524648342157e+01 4.421228696747506071e+00
4.590038557800846775e+01 4.404713991348041979e+00
4.595044581013677742e+01 4.397294604081147362e+00
4.600053540272723041e+01 4.384267950548973225e+00
4.605059275114101780e+01 4.386092363316009823e+00
4.610084778734601940e+01 4.381474966633077450e+00
4.615078372778435067e+01 4.372300155949811362e+00
4.620079763110578597e+01 4.360806418624504133e+00
4.625069257879680862e+01 4.366104519949479013e+00
4.630076930310873706e+01 4.353063151843639567e+00
4.635061760445957191e+01 4.353252678982804547e+00
4.640048883980021799e+01 4.341368771413729455e+00
4.645059142980773004e+01 4.328927350052612866e+00
4.650073860852782559e+01 4.324473664247973304e+00
4.655062247296019962e+01 4.328018008915130110e+00
4.660054129780100141e+01 4.296902735209098267e+00
4.665067910891992398e+01 4.320407262731481346e+00
4.670057831041176399e+01 4.296660272061388675e+00
4.675073081291679244e+01 4.297538759188507917e+00
4.680064903311568969e+01 4.291833256984470601e+00
4.685054893440595691e+01 4.277381353467465175e+00
4.690047720868597025e+01 4.279152142902336919e+00
4.695055373767551288e+01 4.265802328427187540e+00
4.700068443481134040e+01 4.264604130734611864e+00
4.705054892794714760e+01 4.257119966480952478e+00
4.710090191639649504e+01 4.254207532728416119e+00
4.715086923685525022e+01 4.256359271692454094e+00
4.720079403182356970e+01 4.232850224034208075e+00
4.725071271028107134e+01 4.241423303311822046e+00
4.730064744448333869e+01 4.239980564187439960e+00
4.735056319112582912e+01 4.222987922272557704e+00
4.740048645981774200e+01 4.211019190466635642e+00
4.745072982557754671e+01 4.205144706938638066e+00
4.750080386038112579e+01 4.195671539675226214e+00
4.755087940005583391e+01 4.195334105557786408e+00
4.760072805312179867e+01 4.182733993198657352e+00
4.765067020928979247e+01 4.173374577727198442e+00
4.770065166037148430e+01 4.170044177110559858e+00
4.775059472584882059e+01 4.171590101414043517e+00
4.780054320846981142e+01 4.159634312013086088e+00
4.785051871527539191e+01 4.158251818461504712e+00
4.790068485360295369e+01 4.149273933902948741e+00
4.795068468835729902e+01 4.137792319757782167e+00
4.800081266340075814e+01 4.124595219049032480e+00
4.805067758293061075e+01 4.132348331800363539e+00
4.810057955891159054e+01 4.128585026424279825e+00
4.815065247583424224e+01 4.121561279869076166e+00
4.820058876752798938e+01 4.107349887582811832e+00
4.825062758151098308e+01 4.100132553082317166e+00
4.830050891861813511e+01 4.096284926251771985e+00
4.835059949104871180e+01 4.094533221137482748e+00
4.840061817680124534e+01 4.092729309652575864e+00
4.845059197059676848e+01 4.078275780829294206e+00
4.850071348765496282e+01 4.089581844078724160e+00
4.855070861047948938e+01 4.075231382266273350e+00
4.860079885823664370e+01 4.063249489424948457e+00
4.865073159027676297e+01 4.044475756774019715e+00
4.870062505589664426e+01 4.048819663680603753e+00
4.875064142241748044e+01 4.042346907649909227e+00
4.880070725855863856e+01 4.039161655984261579e+00
4.885077510260894940e+01 4.027111213659436473e+00
4.890071465607211110e+01 4.017983354097727222e+00
4.895074531240822324e+01 4.032468026796589555e+00
4.900073502381767554e+01 4.006853502864742289e+00
4.905077811013303801e+01 4.007486464190801456e+00
4.910070723550170868e+01 3.998118311455532758e+00
4.915070259051960733e+01 3.999946541495534191e+00
4.920063847882943975e+01 3.981967835630477293e+00
4.925059680352623559e+01 3.983175957765123343e+00
4.930058817457437215e+01 3.968400966296088850e+00
4.935066150186425205e+01 3.963446226003490391e+00
4.940082702243974921e+01 3.943104934184253452e+00
4.945071213629248774e+01 3.965846861640310195e+00
4.950066337522281401e+01 3.943389158845669762e+00
4.955070025329212768e+01 3.939233503458704710e+00
4.960068424121411823e+01 3.931401996840278912e+00
4.965064114312914256e+01 3.929489410360942347e+00
4.970072747776619337e+01 3.917401915732287243e+00
4.975072021790703047e+01 3.920581651173596693e+00
4.980057431660738132e+01 3.907466413181241993e+00
4.985075637656007075e+01 3.904455006514525373e+00
4.990071580811433449e+01 3.902565936114048561e+00
4.995063927006449234e+01 3.902948252596121215e+00
5.000060084925996762e+01 3.900043920603699643e+00
5.005045873064565853e+01 3.885261212880540604e+00
5.010048364727365566e+01 3.870956714388225528e+00
5.015058301511334093e+01 3.872699263211573317e+00
5.020059771037254848e+01 3.859344951923076916e+00
5.025046478966564933e+01 3.858258032696958217e+00
5.030058377984222062e+01 3.856445259373191714e+00
5.035069760041683651e+01 3.830400270235169380e+00
5.040084924235802077e+01 3.840944552093463749e+00
5.045068624624399689e+01 3.821883059165227081e+00
5.050060330114866503e+01 3.812456704540692076e+00
5.055056632414860474e+01 3.823495024875621873e+00
5.060048892831081702e+01 3.811535329153297624e+00
5.065076270012374238e+01 3.804878648596140334e+00
5.070074418145034656e+01 3.808051964776295151e+00
5.075072033235919378e+01 3.788195086872753858e+00
5.080056856830650247e+01 3.792332015472033913e+00
5.085063996342848469e+01 3.794466300890817934e+00
5.090079576010987950e+01 3.773005615169491289e+00
5.095067199178613038e+01 3.770008552977360594e+00
5.100077085900777263e+01 3.770302986108579280e+00
5.105066948456282461e+01 3.750407220365257199e+00
5.110067782431391947e+01 3.753507161553002458e+00
5.115071056813979311e+01 3.749260481530104716e+00
5.120086418384877192e+01 3.747179003473469550e+00
5.125089251453216832e+01 3.738324663184076080e+00
5.130069535899511379e+01 3.727872114158010675e+00
5.135077314432863460e+01 3.729922804610449560e+00
5.140079527368695267e+01 3.716088865724932244e+00
5.145076795720253671e+01 3.703745134103628267e+00
5.150067190460001854e+01 3.705001200264057992e+00
5.155055705950405098e+01 3.693938139371799156e+00
5.160060338144170089e+01 3.695761620349725440e+00
5.165077786608629395e+01 3.679665895765702466e+00
5.170079892531500576e+01 3.678005197603656296e+00
5.175076409355646234e+01 3.672393053641065386e+00
5.180081050879348936e+01 3.658020619212853930e+00
5.185063236522091756e+01 3.664794367861548441e+00
5.190063627192509443e+01 3.651862216085865143e+00
5.195045194769984676e+01 3.650612503520135554e+00
5.200055348012200085e+01 3.647169509284591715e+00
5.205073650353721604e+01 3.640824765932583418e+00
5.210082264320564605e+01 3.641253235748738160e+00
5.215074029641194642e+01 3.624752403469508888e+00
5.220060961371469688e+01 3.631649579680889417e+00
5.225071803781900570e+01 3.606441140649768062e+00
5.230056258642265021e+01 3.604358283025014487e+00
5.235053885698353326e+01 3.606383548485183610e+00
5.240052133702501891e+01 3.591117079823061609e+00
5.245061225630747259e+01 3.587721629792872235e+00
5.250071488624668348e+01 3.579431371599369083e+00
5.255058134901026534e+01 3.577329731914689503e+00
5.260070941839639147e+01 3.575096132418284611e+00
5.265077959906204796e+01 3.581277183529492092e+00
5.270071039049599904e+01 3.566436182542063182e+00
5.275067087002464206e+01 3.556501386725687830e+00
5.280057513073043651e+01 3.556442611857089986e+00
5.285048295724897827e+01 3.551163617886178514e+00
5.290064806091204730e+01 3.535182656465469808e+00
5.295076237312280654e+01 3.521945843403588849e+00
5.300071428026349452e+01 3.527404906594643563e+00
5.305094238809233786e+01 3.508151537653615204e+00
5.310087107769089698e+01 3.522817120640097777e+00
5.315076924934483316e+01 3.507365776812705338e+00
5.320050195368721546e+01 3.502980330046034041e+00
5.325049837735429747e+01 3.488355193646340613e+00
5.330065167941499737e+01 3.483954785704930224e+00
5.335069576743354247e+01 3.484054468742256105e+00
5.340090396500927739e+01 3.474346190517273669e+00
5.345084246007032647e+01 3.480604867945214842e+00
5.350083523446005529e+01 3.464168734546194450e+00
5.355075183860127197e+01 3.462702367570837936e+00
5.360082432592102464e+01 3.455605911867364544e+00
5.365091818824257075e+01 3.456522615473989202e+00
5.370059238608737218e+01 3.434434788244702386e+00
5.375066957950130586e+01 3.433808014578302092e+00
5.380067487411135829e+01 3.434276256739847266e+00
5.385058139128504706e+01 3.433354540247224751e+00
5.390070192466438925e+01 3.424560335541639411e+00
5.395078131761895435e+01 3.420810431789301553e+00
5.400058870545096568e+01 3.404660390003177106e+00
5.405068033207550116e+01 3.406775235479566177e+00
5.410072161653349809e+01 3.394069235694693099e+00
5.415067609690787265e+01 3.395763174734501622e+00
5.420060581925445575e+01 3.387947323603595962e+00
5.425053353070867246e+01 3.382342253303718849e+00
5.430068570154838170e+01 3.380404373956380493e+00
5.435066411431858313e+01 3.375025664277036874e+00
5.440080914129376310e+01 3.368412743636793216e+00
5.445080163590567679e+01 3.356144156498854780e+00
5.450081660501099634e+01 3.356734550323739796e+00
5.455078215982349121e+01 3.351300079369663454e+00
5.460050313376459741e+01 3.346282067564135154e+00
5.465064987509153127e+01 3.333390740595950863e+00
5.470081260773268639e+01 3.335331936170391032e+00
5.475070460284505458e+01 3.328769318215750062e+00
5.480047950030435544e+01 3.314286644526926118e+00
5.485062926285060314e+01 3.315306047966632086e+00
5.490064179093323560e+01 3.313801100404510702e+00
5.495054313845735550e+01 3.300073204087392131e+00
5.500079655004624613e+01 3.294628546743131547e+00
5.505072119771764960e+01 3.283124347791535946e+00
5.510064043814401913e+01 3.283739798103268104e+00
5.515067446589753075e+01 3.289097395862561779e+00
5.520076119843602669e+01 3.266609029719630630e+00
5.525078088792644593e+01 3.267652867948510398e+00
5.530081900620841395e+01 3.267228434718665753e+00
5.535082610383302892e+01 3.250405726988526034e+00
5.540073174404310663e+01 3.251838527937148005e+00
5.545062967977569457e+01 3.239721338986045307e+00
5.550057000431460352e+01 3.241747044054056559e+00
5.555071841742697103e+01 3.232537966152158049e+00
5.560062756007631890e+01 3.227489040088419081e+00
5.565055936735502939e+01 3.228643314646010509e+00
5.570060012874240130e+01 3.220862757700505785e+00
5.575053199084554478e+01 3.202398317912160675e+00
5.580071707753494792e+01 3.204777331288777287e+00
5.585068299905342570e+01 3.202047247765938742e+00
5.590076095627701847e+01 3.194546414588394168e+00
5.595061593594395077e+01 3.185769858486740880e+00
5.600059719570929673e+01 3.188843705728194866e+00
5.605071976431674585e+01 3.180893983920378254e+00
5.610071043481956110e+01 3.173671244475403608e+00
5.615079356577659553e+01 3.171228038644354985e+00
5.620061827311953806e+01 3.166958336340237157e+00
5.625076579374169228e+01 3.151950484240392036e+00
5.630076324283498934e+01 3.148196658539478054e+00
5.635054101137028226e+01 3.142014243328156375e+00
5.640050948138840425e+01 3.144179603873081152e+00
5.645054455800144666e+01 3.136425283941094211e+00
5.650073481325052427e+01 3.127742301772876932e+00
5.655073477457435871e+01 3.117636755152097372e+00
5.660073824559485445e+01 3.117119781488368879e+00
5.665074086704029810e+01 3.113067907618062513e+00
5.670079376222318501e+01 3.112964150284891929e+00
5.675065281761889935e+01 3.100883168246557631e+00
5.680050522544234326e+01 3.094798552185971108e+00
5.685029008354570834e+01 3.102305511487161827e+00
5.690039644117692319e+01 3.085101989774848619e+00
5.695066971981956527e+01 3.082953790474858735e+00
5.700060778658993144e+01 3.071761098517600708e+00
5.705072362469287839e+01 3.072951613871180765e+00
5.710062844583793407e+01 3.072007014884769571e+00
5.715063642460044946e+01 3.059184102237162417e+00
5.720052563749149499e+01 3.057756164452642533e+00
5.725057250158966582e+01 3.045659803216752337e+00
5.730070061666543069e+01 3.038870510625538035e+00
5.735059468705980379e+01 3.036959267837759047e+00
5.740068046681047065e+01 3.030929477920927706e+00
5.745062246045310417e+01 3.036507691955452781e+00
5.750071044277198240e+01 3.023980966336210496e+00
5.755079038725750706e+01 3.019876869079144210e+00
5.760081478585422587e+01 3.010685605672012599e+00
5.765084819486575185e+01 3.008773069862742400e+00
5.770069974390386847e+01 3.003590487029237810e+00
5.775064567173122754e+01 2.993515711057359141e+00
5.780071185781467591e+01 2.996068496822331895e+00
5.785070888559319968e+01 2.980042375922693942e+00
5.790063092839579895e+01 2.982365609468706769e+00
5.795076274408464201e+01 2.986158075466257777e+00
5.800068408155547672e+01 2.965563936131716982e+00
5.805066207662181199e+01 2.959381931670951094e+00
5.810058441680767771e+01 2.960376793698025200e+00
5.815050057807743400e+01 2.955083690457492640e+00
5.820058481270466899e+01 2.950862279217237205e+00
5.825054799922251192e+01 2.945122740100373893e+00
5.830062176282278585e+01 2.938733574778288560e+00
5.835064111592163982e+01 2.932309984820999027e+00
5.840075419903320153e+01 2.926402582550573950e+00
5.845083088551552919e+01 2.921933324098443752e+00
5.850080154356264472e+01 2.923588525303479457e+00
5.855080032980847449e+01 2.909916976988358162e+00
5.860057089650905482e+01 2.911462014947352905e+00
5.865057581360016314e+01 2.905010947470509919e+00
5.870061249080675481e+01 2.893449231118175646e+00
5.875063584132967520e+01 2.898303542617011619e+00
5.880052804622530971e+01 2.888825758616709649e+00
5.885049062313584045e+01 2.885962124023224273e+00
5.890068540929838292e+01 2.882484230361858302e+00
5.895074667686701986e+01 2.874798241447893865e+00
5.900079285975216692e+01 2.875941917995493924e+00
5.905072163601161606e+01 2.859902280695030719e+00
5.910053840968517136e+01 2.859408181286296369e+00
5.915055836907099263e+01 2.851811896305280314e+00
5.920078583096847069e+01 2.855185175889756621e+00
5.925078445624479428e+01 2.848884604978354940e+00
5.930073572141976967e+01 2.844723931287488128e+00
5.935077471148129291e+01 2.831423180342073298e+00
5.940084008989509812e+01 2.822505452124811853e+00
5.945076794887749827e+01 2.817857232979872339e+00
5.950063683779239909e+01 2.825236064102291333e+00
5.955077877209936332e+01 2.813583372196700516e+00
5.960060236443837312e+01 2.806975919040394007e+00
5.965054645934751676e+01 2.806080056399255618e+00
5.970063068222594893e+01 2.799314821013926924e+00
5.975062169048680261e+01 2.794133290289802840e+00
5.980081898179457056e+01 2.790238751779656301e+00
5.985070991520160533e+01 2.777331233775878871e+00
5.990063533403414198e+01 2.778807686340058147e+00
5.995058497985625223e+01 2.773108931588543324e+00
6.000058384167378733e+01 2.765374574078748093e+00
6.005053987652184588e+01 2.761813156371963451e+00
6.010045421237759911e+01 2.759735461222952324e+00
6.015064859381300977e+01 2.751189755578283602e+00
6.020071100610303461e+01 2.749706746403715929e+00
6.025064422090846250e+01 2.749342698251951767e+00
6.030080715923693901e+01 2.732292659016603231e+00
6.035080229029196630e+01 2.731999284281355855e+00
6.040061132077143924e+01 2.721251158335328935e+00
6.045063089445540783e+01 2.725596745542211430e+00
6.050051327979302584e+01 2.721593471593905189e+00
6.055046586021543931e+01 2.713100792559519192e+00
6.060066561403655072e+01 2.715689893170087910e+00
6.065060531728364168e+01 2.705143444881482839e+00
6.070058213762547439e+01 2.699997809982015884e+00
6.075049250711255411e+01 2.700879097786494931e+00
6.080072220556943563e+01 2.692157902699652272e+00
6.085080501817724041e+01 2.673524090316058643e+00
6.090072241368302031e+01 2.672155356948080485e+00
6.095072344314405655e+01 2.670700166148340937e+00
6.100064471556180479e+01 2.665927017939497379e+00
6.105074558218583292e+01 2.662804975357498716e+00
6.110075563535039578e+01 2.662543745195614431e+00
6.115084051183571034e+01 2.652589013302158794e+00
6.120073852296442141e+01 2.650041615600680078e+00
6.125069677240534105e+01 2.643067086817840750e+00
6.130078678126051983e+01 2.646162190248205981e+00
6.135074668185310287e+01 2.633883372762084285e+00
6.140074771504353635e+01 2.626668045297716692e+00
6.145066576833651339e+01 2.629358045899296670e+00
6.150056726797252082e+01 2.622195670202086326e+00
6.155052199605525942e+01 2.618999487867617049e+00
6.160067465714389101e+01 2.610726356398695991e+00
6.165067242892764909e+01 2.605866765016367825e+00
6.170067030649844497e+01 2.599752036326574700e+00
6.175066561361092710e+01 2.598511857406155201e+00
6.180067991116586512e+01 2.598048113768498979e+00
6.185058426725945679e+01 2.585531764682403200e+00
6.190038579212198044e+01 2.586552451173801614e+00
6.195062912658430321e+01 2.578257909458539388e+00
6.200054455848771084e+01 2.581601018896926281e+00
6.205045608676216062e+01 2.572563211291297947e+00
6.210065680711953462e+01 2.567049110702910752e+00
6.215064819109176142e+01 2.557470704089086944e+00
6.220063023545002778e+01 2.555292617195965121e+00
6.225056036774524415e+01 2.548128604175782463e+00
6.230057029581633543e+01 2.539666058227914025e+00
6.235056477868997149e+01 2.539533091538985321e+00
6.240070311510407208e+01 2.534698107002253842e+00
6.245087981397324484e+01 2.528031994379607017e+00
6.250075171045033784e+01 2.524284406057431429e+00
6.255079729562886115e+01 2.520255229997059310e+00
6.260063960014294082e+01 2.512828405729523151e+00
6.265063784798040558e+01 2.505180787673647824e+00
6.270068305958778154e+01 2.506329677287351121e+00
6.275066561381144226e+01 2.495866517935677820e+00
6.280070487697192050e+01 2.491690888208760946e+00
6.285071948848923284e+01 2.486948784535063073e+00
6.290083993008494190e+01 2.487310345430334024e+00
6.295081676641085977e+01 2.479461684762982454e+00
6.300068683398932734e+01 2.473850355691056713e+00
6.305066180073792736e+01 2.474173260829399368e+00
6.310071566505131813e+01 2.469386079585470739e+00
6.315063473160932972e+01 2.464015819106775140e+00
6.320071410390065125e+01 2.458563513046933213e+00
6.325070212739828435e+01 2.456278108512705671e+00
6.330067373965293598e+01 2.454344222591278601e+00
6.335086637769684614e+01 2.438588763963748907e+00
6.340075853883547552e+01 2.440571823596142664e+00
6.345085909834993743e+01 2.432880198095666913e+00
6.350074052305416927e+01 2.427207085969717237e+00
6.355074211049213773e+01 2.423879444791016802e+00
6.360070004991064252e+01 2.420902993893568222e+00
6.365046078357857340e+01 2.418736450054980835e+00
6.370059063423332191e+01 2.412219797197622917e+00
6.375058423596151158e+01 2.404133830106176095e+00
6.380070654720426404e+01 2.402601409979985725e+00
6.385073591118687375e+01 2.398414739577108712e+00
6.390071077096509811e+01 2.395067853720362461e+00
6.395066974511460245e+01 2.389697003240284001e+00
6.400073832788034167e+01 2.383810527090559184e+00
6.405072727132748867e+01 2.377840274806035659e+00
6.410042485383993949e+01 2.375792873061544075e+00
6.415040342529097472e+01 2.367981216996737359e+00
6.420058933624704878e+01 2.362758660749907591e+00
6.425075689310219218e+01 2.359449051230506633e+00
6.430074059785791007e+01 2.352402371311123286e+00
6.435073239392266942e+01 2.352225350845490670e+00
6.440068334788421112e+01 2.347409308083022506e+00
6.445081674355536450e+01 2.345304428030308586e+00
6.450077001850063141e+01 2.332500091669951203e+00
6.455062786306609723e+01 2.332077976438730271e+00
6.460074774320564472e+01 2.323447741031670510e+00
6.465057417145177965e+01 2.325180967380440222e+00
6.470063659512929632e+01 2.317198629672342580e+00
6.475068947408398401e+01 2.314794101054476361e+00
6.480066604957306708e+01 2.309977389359912259e+00
6.485070380543818658e+01 2.310889355794620847e+00
6.490082017193319075e+01 2.297357573175471401e+00
6.495091978387250720e+01 2.294558921315663635e+00
6.500079650806792131e+01 2.291432418325287212e+00
6.505077306231818568e+01 2.288702101830366153e+00
6.510072438062935873e+01 2.283228905004341058e+00
6.515060376587864255e+01 2.283270054081772749e+00
6.520062617090036383e+01 2.268441254635214843e+00
6.525067363761262129e+01 2.270155727270035673e+00
6.530069142186557940e+01 2.268899113635283182e+00
6.535065255382559712e+01 2.258409148988656856e+00
6.540072432906758593e+01 2.262080523566687873e+00
6.545072134725472779e+01 2.252617286855083112e+00
6.550067517520525939e+01 2.248721064474381137e+00
6.555061567814142620e+01 2.243118236360853057e+00
6.560071804978089460e+01 2.242239583104547407e+00
6.565074992402898602e+01 2.239737459070647141e+00
6.570073563602359457e+01 2.236354349416008080e+00
6.575081836235639798e+01 2.227926059342393739e+00
6.580067310797147684e+01 2.225948405005287345e+00
6.585061954733382095e+01 2.218318641035152528e+00
6.590052302224263769e+01 2.212754032164049534e+00
6.595052826667320289e+01 2.209188206169031776e+00
6.600053918408119102e+01 2.209754865345308072e+00
6.605046954238856927e+01 2.201397114323869530e+00
6.610057363466796687e+01 2.194782072303194997e+00
6.615059008408327657e+01 2.192899475846886492e+00
6.620061791133673523e+01 2.188540108265938144e+00
6.625064855268836084e+01 2.181346744902810997e+00
6.630072856218191646e+01 2.183592502036316940e+00
6.635065875684698256e+01 2.174424494050828383e+00
6.640064264940966154e+01 2.171176507964612146e+00
6.645073824784918770e+01 2.168705996888082854e+00
6.650067115149393260e+01 2.163893647700423362e+00
6.655065369910670370e+01 2.157241229725171294e+00
6.660067342842303617e+01 2.155893924058898126e+00
6.665061323825229067e+01 2.152562348258023395e+00
6.670060323996554530e+01 2.146574934754609476e+00
6.675068430972328315e+01 2.139725765315194206e+00
6.680058418726099490e+01 2.135135846449071284e+00
6.685071694749524340e+01 2.130461994590911345e+00
6.690068793049118767e+01 2.126355751058147003e+00
6.695061923607941878e+01 2.124202836675571859e+00
6.700068639194881825e+01 2.121268045484393294e+00
6.705067682126600914e+01 2.116812604483389482e+00
6.710077604805209717e+01 2.109656313792265259e+00
6.715060699182339476e+01 2.102943643720376787e+00
6.720066061294389215e+01 2.103430204195414266e+00
6.725075986721213894e+01 2.098282919282028036e+00
6.730052522264658421e+01 2.092978557071029755e+00
6.735062924116799365e+01 2.090291102518532007e+00
6.740060732150529077e+01 2.087738651860510775e+00
6.745053620466653399e+01 2.080412006303693051e+00
6.750066425390348002e+01 2.077803637262372938e+00
6.755082937688051459e+01 2.074388908309543034e+00
6.760072503679658951e+01 2.067019215965313350e+00
6.765062988820275791e+01 2.063412244082555080e+00
6.770069412468146197e+01 2.062561727032715897e+00
6.775062100887190297e+01 2.055272351322943614e+00
6.780056248816653408e+01 2.051062509630412478e+00
6.785055195196578381e+01 2.044799560647037051e+00
6.790059441818515040e+01 2.042627561969801775e+00
6.795044836699864277e+01 2.042095152442386041e+00
6.800048085798178477e+01 2.034694000008136161e+00
6.805067835923897235e+01 2.032799860501486311e+00
6.810072656466435603e+01 2.025502147097638872e+00
6.815070145771700538e+01 2.019227944576517331e+00
6.820064337944950239e+01 2.021754699785074827e+00
6.825063037684658696e+01 2.012032533076947072e+00
6.830061409162452435e+01 2.009749405079888973e+00
6.835082789549002769e+01 2.009913275071590455e+00
6.840074162891980336e+01 2.003077984887333240e+00
6.845061665390170447e+01 1.998283448095646175e+00
6.850060607525895762e+01 1.994507376879695482e+00
6.855041616181789266e+01 1.990618193551856763e+00
6.860055351875693930e+01 1.987062489203257121e+00
6.865067407391181575e+01 1.984950259204147249e+00
6.870082429657925616e+01 1.982585017078367651e+00
6.875066073594551597e+01 1.975814500162186738e+00
6.880065260215600631e+01 1.975328899482018841e+00
6.885081659029681589e+01 1.966290054550052346e+00
6.890064504945875967e+01 1.963730591509534440e+00
6.895067122144425298e+01 1.958032489777289387e+00
6.900074781618619113e+01 1.951661435711606440e+00
6.905078903998277440e+01 1.947585797736399948e+00
6.910062926068043510e+01 1.944595802292932607e+00
6.915076312115429857e+01 1.944667025690850037e+00
6.920087728366590341e+01 1.939080819040205572e+00
6.925064015234329418e+01 1.937431509597536294e+00
6.930071161473770758e+01 1.929407767755150438e+00
6.935069662042847938e+01 1.924501406205747278e+00
6.940067336527617670e+01 1.921102674037545421e+00
6.945052358078594068e+01 1.918705009669956718e+00
6.950069882003045052e+01 1.913718309859155031e+00
6.955065043974518346e+01 1.908404315281004404e+00
6.960063238637687277e+01 1.908469177713744358e+00
6.965076356245934619e+01 1.903821772657265932e+00
6.970066267261935877e+01 1.899435026593112363e+00
6.975077150840287743e+01 1.897195614556194343e+00
6.980064065908266002e+01 1.888758110744258811e+00
6.985059517066410706e+01 1.889228073146172360e+00
6.990058917780882553e+01 1.884599454653536954e+00
6.995052199767907553e+01 1.879423615750739129e+00
7.000053278111315080e+01 1.875728098750928829e+00
7.005054756946375960e+01 1.872276676927023153e+00
7.010071906655107910e+01 1.865291127963376816e+00
7.015073724783538012e+01 1.867694522540238600e+00
7.020076257112617668e+01 1.860643082564472639e+00
7.025071380996972437e+01 1.857830193754314907e+00
7.030079663510109356e+01 1.852966352393312421e+00
7.035073212561979972e+01 1.849991667964190789e+00
7.040052429241477228e+01 1.850392281513610460e+00
7.045058297496383659e+01 1.843677781340989030e+00
7.050059401138639714e+01 1.842986668664441163e+00
7.055066771787184621e+01 1.833843930196692229e+00
7.060067847038419586e+01 1.828643160072703111e+00
7.065080545095293019e+01 1.826666899171027758e+00
7.070079978376851670e+01 1.822340714663090111e+00
7.075070557410046490e+01 1.816299391376591688e+00
7.080069760468173001e+01 1.815753512325136487e+00
7.085076568503940564e+01 1.812779654221620573e+00
7.090068528896773614e+01 1.804616795169858401e+00
7.095067439269951137e+01 1.804690037831651495e+00
7.100072450262976531e+01 1.800458706930101904e+00
7.105057251719182432e+01 1.795206084794883417e+00
7.110068585668089725e+01 1.792120591595547596e+00
7.115074285288213218e+01 1.788762210825728394e+00
7.120076272882748469e+01 1.783677059054961322e+00
7.125077295257317189e+01 1.783414469223305598e+00
7.130061307931975989e+01 1.777561041921163154e+00
7.135057697783859965e+01 1.775885528861496754e+00
7.140051818309896703e+01 1.767229089359915628e+00
7.145058945612221635e+01 1.765457772892358168e+00
7.150064250041292269e+01 1.761357962132112043e+00
7.155074281030603345e+01 1.756752900103443205e+00
7.160077175329789156e+01 1.754876344656278508e+00
7.165072107790369671e+01 1.751411104422342824e+00
7.170061197859612889e+01 1.750498989996152499e+00
7.175068484188005868e+01 1.742154968052540998e+00
7.180069797357522532e+01 1.743284087303637042e+00
7.185052908346605705e+01 1.733955920474462786e+00
7.190049244058428712e+01 1.733597638809999175e+00
7.195053709001591358e+01 1.731775261832645851e+00
7.200073012147062457e+01 1.730876611350954164e+00
7.205075630080007443e+01 1.722628235443247835e+00
7.210071330313708415e+01 1.715386366948411512e+00
7.215064984114650315e+01 1.717427869813899832e+00
7.220059128500021473e+01 1.713368819078756822e+00
7.225074277424388924e+01 1.711816991641765817e+00
7.230070284600866160e+01 1.707830243700233286e+00
7.235076160584758043e+01 1.704208846684698964e+00
7.240070180179232295e+01 1.700234529221072988e+00
7.245056331583070630e+01 1.696258730732177478e+00
7.250071177019162860e+01 1.691349590738994380e+00
7.255074361448450304e+01 1.691204026625247270e+00
7.260075840165679040e+01 1.686346110903013784e+00
7.265067087776864696e+01 1.681383383026959333e+00
7.270069141245362232e+01 1.677586546870420303e+00
7.275062612949844265e+01 1.675965147775115183e+00
7.280060566645578035e+01 1.670171085204170902e+00
7.285083494007679406e+01 1.670715358598003464e+00
7.290074926781362308e+01 1.663645938663607327e+00
7.295071018587948686e+01 1.660053076635637836e+00
7.300075757484900407e+01 1.653071397234280093e+00
7.305066473261940985e+01 1.654224662318027894e+00
7.310065101246341612e+01 1.650898765905476129e+00
7.315065952968613772e+01 1.647364946268787156e+00
7.320053081975895282e+01 1.639718026952339702e+00
7.325048511196247603e+01 1.640858689970693618e+00
7.330055218649900439e+01 1.636016766350218310e+00
7.335057734944857089e+01 1.632456785669101684e+00
7.340073750616149084e+01 1.628371735071897142e+00
7.345066119334092036e+01 1.625285396829119655e+00
7.350069271235936696e+01 1.624942673095079559e+00
7.355065125487764988e+01 1.616500773107518940e+00
7.360067355715841586e+01 1.617021865760043253e+00
7.365065198231539512e+01 1.611912068306805779e+00
7.370058815992244661e+01 1.610633247813329838e+00
7.375074490261759763e+01 1.604776285067752273e+00
7.380071985283433378e+01 1.599572082512457971e+00
7.385058263397081646e+01 1.598078053696912137e+00
7.390056078789331195e+01 1.592465601803138009e+00
7.395068617524700016e+01 1.591560142824489432e+00
7.400068845601435896e+01 1.588781310451443884e+00
7.405069234902053665e+01 1.584638140090635527e+00
7.410075148925902511e+01 1.579999123335201983e+00
7.415065451124954166e+01 1.575730286939310165e+00
7.420056880557223167e+01 1.575791998343532896e+00
7.425046977775809864e+01 1.573009767043283880e+00
7.430067703812518687e+01 1.568539111516231710e+00
7.435078812041055585e+01 1.564689232000954444e+00
7.440072909355558295e+01 1.558671264029598325e+00
7.445069986529563266e+01 1.562568167764576410e+00
7.450061340117312625e+01 1.555033758683616929e+00
7.455057097008574374e+01 1.553019948208871348e+00
7.460055163076238216e+01 1.548616318757981780e+00
7.465072268894796537e+01 1.546461648232022812e+00
7.470068041522551994e+01 1.543059019402083232e+00
7.475074307693199671e+01 1.538496889498636389e+00
7.480074283832119875e+01 1.538695490935444221e+00
7.485075224222836709e+01 1.533150474353908832e+00
7.490079641521823817e+01 1.532767999239887047e+00
7.495062089049905296e+01 1.525288081391426465e+00
7.500065700575025573e+01 1.526947062824252743e+00
7.505060954964648090e+01 1.517547425474254696e+00
7.510068713387616413e+01 1.517701184841543816e+00
7.515072625551053420e+01 1.513129186501023238e+00
7.520069140860303492e+01 1.511229026415800591e+00
7.525086333528427929e+01 1.507460466001819155e+00
7.530082937888276717e+01 1.502316339126669176e+00
7.535074694540101348e+01 1.501054318206631377e+00
7.540074504067418104e+01 1.493931299108347321e+00
7.545074662538237931e+01 1.495872989707658363e+00
7.550056337259302097e+01 1.488908463463993526e+00
7.555052049369368206e+01 1.485923331562249983e+00
7.560065310698057317e+01 1.485749280477092205e+00
7.565075416816121390e+01 1.483604035777119190e+00
7.570071701664222985e+01 1.477184156930831938e+00
7.575061222851250875e+01 1.472955530129756108e+00
7.580065553187749572e+01 1.469375369312586388e+00
7.585058469350046551e+01 1.468893742854241902e+00
7.590066946690396321e+01 1.464621528447628496e+00
7.595068836056216810e+01 1.463901098901098985e+00
7.600060267883431209e+01 1.456919392809633784e+00
7.605067801604742783e+01 1.457211341975772845e+00
7.610063384076626392e+01 1.452826514873462038e+00
7.615078978067847970e+01 1.449425424719066990e+00
7.620064171822374988e+01 1.446492908299088276e+00
7.625054711672333951e+01 1.440437302480744197e+00
7.630061089920927486e+01 1.441557163266212305e+00
7.635063093560049197e+01 1.440847203259432607e+00
7.640070055742589261e+01 1.433687193436913532e+00
7.645076656619778532e+01 1.431879389022280735e+00
7.650077950005926652e+01 1.427619799466111061e+00
7.655064655604263635e+01 1.423439122292338377e+00
7.660067666767272954e+01 1.422485010798671956e+00
7.665071231411040742e+01 1.418405842468914102e+00
7.670071940767236640e+01 1.413511705595950518e+00
7.675062818207145199e+01 1.413799854900920749e+00
7.680054458200679335e+01 1.409074579776942171e+00
7.685066700412623675e+01 1.407004845089413259e+00
7.690075471397413764e+01 1.403989848187313649e+00
7.695071244317165338e+01 1.399804390872214865e+00
7.700064457769639148e+01 1.398260257591855460e+00
7.705070218816516103e+01 1.395733479752800266e+00
7.710061276796189134e+01 1.392873491369203576e+00
7.715066621205893682e+01 1.389031480123469775e+00
7.720073160652232502e+01 1.386350957976077103e+00
7.725066506753948659e+01 1.384615742078295186e+00
7.730053675289693160e+01 1.381163191958912018e+00
7.735056956870909062e+01 1.377458698789015168e+00
7.740076694830369775e+01 1.373046641840318882e+00
7.745065508889175021e+01 1.369963202342931341e+00
7.750075270658241777e+01 1.364632452335953428e+00
7.755075245463144995e+01 1.363437845206601162e+00
7.760063065984935804e+01 1.361718516837118420e+00
7.765070321575937839e+01 1.357491583019493131e+00
7.770058184131811174e+01 1.355594695519763748e+00
7.775045631228616116e+01 1.355078327562269092e+00
7.780052299955025319e+01 1.351234553448320774e+00
7.785061811322584902e+01 1.346966180060815255e+00
7.790069755814592156e+01 1.344186304654575004e+00
7.795066993509645670e+01 1.339797701881717096e+00
7.800070320426156911e+01 1.336931320201147466e+00
7.805076988395472881e+01 1.336006437419104742e+00
7.810068407994884865e+01 1.329858339984038462e+00
7.815063458329811397e+01 1.329705673916389497e+00
7.820071803115827436e+01 1.327766248379644409e+00
7.825068518292077613e+01 1.324750917319235333e+00
7.830071889907812022e+01 1.321901483459656523e+00
7.835056505199914056e+01 1.320308412046104607e+00
7.840063876811422006e+01 1.314770526184663391e+00
7.845076724820752645e+01 1.312176272216813988e+00
7.850062601688682662e+01 1.310385492221576964e+00
7.855066047661884454e+01 1.307900686694841275e+00
7.860066278381508198e+01 1.305061022799862469e+00
7.865070105683354029e+01 1.299084405024057753e+00
7.870060604587553144e+01 1.298013011539923767e+00
7.875065355180748838e+01 1.294049669955946724e+00
7.880076615489335268e+01 1.292499926132490984e+00
7.885061970150083255e+01 1.287219549814627273e+00
7.890069512598000756e+01 1.286581064259285645e+00
7.895064125650461051e+01 1.283248563480944515e+00
7.900061784463736103e+01 1.280571768156989698e+00
7.905068260470351049e+01 1.279528938882412703e+00
7.910073358004940758e+01 1.272615208697598588e+00
7.915067984073604634e+01 1.270149842550868380e+00
7.920060072632530535e+01 1.270333860257342629e+00
7.925070991771819706e+01 1.268781775852059868e+00
7.930076053603696096e+01 1.264884607852490905e+00
7.935075064956362212e+01 1.260637081208191068e+00
7.940072547750777687e+01 1.260469668202238047e+00
7.945072593113725645e+01 1.257718912329057526e+00
7.950062416114546693e+01 1.251843522113741392e+00
7.955061268565088994e+01 1.249027885873502441e+00
7.960060482791865866e+01 1.247863516400653738e+00
7.965063779017333445e+01 1.245584291521342202e+00
7.970067764707702906e+01 1.242582934081780888e+00
7.975065797923312516e+01 1.240667266823263892e+00
7.980064729418937475e+01 1.234457876201075388e+00
7.985057682223765596e+01 1.234639600252929403e+00
7.990072276115488137e+01 1.230724592918386096e+00
7.995070094938157013e+01 1.229408032905975334e+00
8.000052005949608258e+01 1.226025458532932433e+00
8.005064756019791616e+01 1.224961604542964322e+00
8.010064291399586978e+01 1.220376109165149492e+00
8.015065323523694474e+01 1.217930871086442046e+00
8.020069045907618488e+01 1.216102835255341352e+00
8.025074546367891060e+01 1.215146646177200473e+00
8.030068054365692376e+01 1.211857443369343867e+00
8.035062933392651985e+01 1.206417071763221438e+00
8.040062023743929842e+01 1.203432927205292824e+00
8.045058262634873358e+01 1.201767703862660852e+00
8.050060482323091549e+01 1.199224799406254149e+00
8.055065814041469707e+01 1.195020739825814582e+00
8.060061381781277134e+01 1.192253277668554601e+00
8.065049163168612267e+01 1.190976112394868114e+00
8.070067864682820868e+01 1.189135440627955509e+00
8.075072719419868861e+01 1.185978337701687479e+00
8.080069560119804351e+01 1.182647317935016096e+00
8.085072720008511737e+01 1.180956445272087763e+00
8.090059918459566290e+01 1.177080143387654543e+00
8.095069797226732078e+01 1.175921211819328516e+00
8.100072628747037129e+01 1.173038798592299425e+00
8.105066596491020903e+01 1.169486417013568147e+00
8.110053491390247871e+01 1.168006034522413028e+00
8.115064581461599857e+01 1.164805491037036012e+00
8.120071780755598922e+01 1.163274163925451798e+00
8.125056913049471063e+01 1.161319883180355284e+00
8.130062388841243148e+01 1.158768271344993606e+00
8.135060192578023930e+01 1.155109694189953684e+00
8.140059573350035294e+01 1.152123995818254309e+00
8.145064012854679447e+01 1.150016126660690308e+00
8.150073120039212426e+01 1.146005500804161192e+00
8.155075503725153396e+01 1.147194552129598755e+00
8.160059776271727117e+01 1.141165988264725373e+00
8.165051497760852328e+01 1.141303909799816330e+00
8.170062372795770500e+01 1.139614386580383609e+00
8.175068324348895032e+01 1.132860406567364420e+00
8.180065868057219802e+01 1.131657525812659104e+00
8.185060801216476989e+01 1.129159659613267364e+00
8.190060720797325189e+01 1.125746321900370273e+00
8.195073278306765019e+01 1.125478348226236935e+00
8.200068153483279332e+01 1.121228823939548036e+00
8.205065042937812336e+01 1.118404308652445112e+00
8.210065865687079167e+01 1.117421750076389442e+00
8.215069729564295642e+01 1.115769287157707623e+00
8.220080441105518787e+01 1.111914773455112249e+00
8.225072343998640179e+01 1.109438090400080679e+00
8.230069607718056091e+01 1.106331101251032623e+00
8.235055660277505751e+01 1.105814029952653321e+00
8.240063280819842362e+01 1.102714020770139580e+00
8.245071308585386305e+01 1.099152033786321203e+00
8.250065070222582619e+01 1.097853113334024577e+00
8.255080999539379150e+01 1.095265330827130290e+00
8.260060794064355605e+01 1.093712939965541198e+00
8.265058351342750598e+01 1.090735156099042147e+00
8.270070238389254769e+01 1.088020916630227930e+00
8.275059535776185271e+01 1.086696564793847131e+00
8.280068193384541075e+01 1.082351588619149929e+00
8.285065930747785501e+01 1.082671732472446857e+00
8.290056246277856644e+01 1.077994022484030978e+00
8.295061443318822114e+01 1.076157155167304147e+00
8.300069792099935739e+01 1.074110065184154861e+00
8.305058996061495691e+01 1.072384383063166968e+00
8.310064085671682221e+01 1.068508168510060807e+00
8.315062839157525332e+01 1.066350774991244421e+00
8.320060878384710179e+01 1.065117894246422336e+00
8.325063442827286053e+01 1.061296436210206640e+00
8.330056709054171904e+01 1.058438198894634530e+00
8.335053931775884450e+01 1.058369249284708768e+00
8.340053635319384284e+01 1.053734570702486772e+00
8.345063121432903586e+01 1.053069088763809669e+00
8.350055041619420138e+01 1.050350229310326178e+00
8.355057364268577658e+01 1.047334745215363849e+00
8.360054898998552630e+01 1.045573459281994744e+00
8.365051669125759304e+01 1.042218520680002980e+00
8.370058038604668127e+01 1.041040515429179525e+00
8.375051134911305439e+01 1.038178586583620389e+00
8.380059453927552227e+01 1.035535943144472393e+00
8.385050780487192412e+01 1.034359640424247662e+00
8.390061381005928354e+01 1.031919939417673016e+00
8.395070682904152193e+01 1.028590176606684503e+00
8.400061587044575617e+01 1.027403509022997596e+00
8.405066926691544893e+01 1.024185029519320667e+00
8.410062548643203684e+01 1.022083654357185400e+00
8.415073495725221164e+01 1.018402803744974161e+00
8.420083725162690769e+01 1.018644418074425628e+00
8.425076531496900145e+01 1.016999458705007742e+00
8.430060680776267645e+01 1.011784456730371318e+00
8.435055764847578530e+01 1.010773185849197509e+00
8.440061002678389457e+01 1.008508236400700753e+00
8.445077491139556969e+01 1.007176713343974406e+00
8.450078817497008288e+01 1.003499246854510085e+00
8.455074589247141148e+01 1.001739805639991321e+00
8.460073437873982982e+01 1.000543927895247709e+00
8.465066113206482612e+01 9.965883052789282770e-01
8.470071557061724832e+01 9.945877811443630812e-01
8.475065115121917358e+01 9.936145561961329253e-01
8.480063418980859069e+01 9.898823274268760963e-01
8.485066460852381454e+01 9.890653823762529662e-01
8.490062758450689273e+01 9.877050383994950833e-01
8.495075405742173302e+01 9.846746706119047232e-01
8.500058128620887032e+01 9.824720418470418437e-01
8.505052608964408023e+01 9.801744419766457161e-01
8.510053595481066679e+01 9.773971503390668225e-01
8.515058491547064534e+01 9.762220566060024751e-01
8.520072267622893492e+01 9.717631761336905649e-01
8.525065297660262331e+01 9.693137920233869664e-01
8.530061146004418049e+01 9.680710513418913088e-01
8.535060342914304954e+01 9.643468211238548360e-01
8.540066745759193623e+01 9.648613307119922045e-01
8.545060895460365202e+01 9.609465442919096212e-01
8.550057032255175216e+01 9.598150001983172253e-01
8.555068495657442895e+01 9.578559336059525586e-01
8.560067515382100112e+01 9.555304884101315510e-01
8.565063647086222431e+01 9.542795410135234135e-01
8.570064579552558826e+01 9.521181726905039167e-01
8.575057251211694620e+01 9.493402947599005604e-01
8.580052390842315901e+01 9.475366668724194419e-01
8.585064788181922779e+01 9.462623897914013149e-01
8.590060852984082373e+01 9.435042851838864042e-01
8.595061963450514497e+01 9.418039618702358506e-01
8.600070284410818999e+01 9.398382992169019845e-01
8.605072317602213161e+01 9.391049404810603018e-01
8.610074865953444601e+01 9.358034056718520510e-01
8.615063984349956172e+01 9.312546166755170107e-01
8.620071096469301608e+01 9.310938569382037899e-01
8.625059084022993261e+01 9.305792089235681575e-01
8.630065609635799717e+01 9.281548222278522831e-01
8.635072959374187462e+01 9.258313198000130972e-01
8.640061506888987708e+01 9.218518098090907609e-01
8.645069549907235285e+01 9.216408451832938109e-01
8.650064856629455790e+01 9.195976087603282556e-01
8.655065267582149602e+01 9.157489460552352689e-01
8.660062065985762558e+01 9.143534616833869366e-01
8.665063139598194653e+01 9.136213116157867464e-01
8.670069926104542901e+01 9.108469867448567570e-01
8.675061813732774851e+01 9.101207777531500343e-01
8.680063599026416910e+01 9.067303711042270509e-01
8.685062341554782961e+01 9.048374239634001670e-01
8.690066534610711813e+01 9.029515287864303685e-01
8.695065890316050172e+01 8.999711460262340701e-01
8.700068258669440979e+01 8.988347492899406710e-01
8.705068789434881182e+01 8.963954620125945683e-01
8.710073430022170271e+01 8.950515882211739216e-01
8.715073625712081196e+01 8.935717765711144178e-01
8.720071944953542697e+01 8.917452730250230442e-01
8.725065874059880855e+01 8.913196400762527505e-01
8.730065385491546692e+01 8.874902413528461542e-01
8.735071773693692876e+01 8.860246150809153454e-01
8.740067291151538598e+01 8.841097637616039950e-01
8.745069089587315148e+01 8.809724697820359163e-01
8.750059524727170412e+01 8.809951613806369375e-01
8.755063393985311393e+01 8.786560029212578948e-01
8.760072521610700846e+01 8.761930574548381090e-01
8.765070461050113693e+01 8.754355275282192927e-01
8.770071890489063549e+01 8.738674607357609370e-01
8.775064728536050040e+01 8.706930981429231720e-01
8.780066340967854899e+01 8.690735989734540423e-01
8.785061758882334004e+01 8.669635545891751782e-01
8.790069966232417187e+01 8.653328399717334918e-01
8.795081255270730480e+01 8.633501184761439573e-01
8.800065892052096217e+01 8.608068519463859536e-01
8.805068046215481559e+01 8.600318895362053517e-01
8.810074622042790793e+01 8.584873152766543392e-01
8.815068777402876776e+01 8.569690225860185917e-01
8.820056999239014317e+01 8.533982809819378179e-01
8.825063293195866265e+01 8.519028186678030412e-01
8.830068724278304160e+01 8.505132297233005678e-01
8.835073110258727525e+01 8.473142969876489294e-01
8.840079703231447183e+01 8.467922977410607954e-01
8.845083020292958054e+01 8.434734557904479679e-01
8.850076563709151856e+01 8.420486574467224150e-01
8.855063553538322196e+01 8.403384937727874648e-01
8.860062705552091700e+01 8.399673939220160257e-01
8.865051892067423012e+01 8.367719521068356370e-01
8.870061903020686600e+01 8.366423793750504823e-01
8.875074341963603786e+01 8.340337982196320832e-01
8.880069649634492635e+01 8.325104654519792646e-01
8.885071344892412526e+01 8.310205526703945411e-01
8.890062388383235259e+01 8.282374866815769288e-01
8.895060466980305591e+01 8.275221897221242129e-01
8.900051192815253387e+01 8.239825447077268050e-01
8.905066102494254210e+01 8.230531278183809141e-01
8.910075018557721194e+01 8.212577460686083519e-01
8.915065987269676384e+01 8.175835789729328784e-01
8.920074459493167751e+01 8.173369387079697512e-01
8.925074341970011460e+01 8.151115311392357343e-01
8.930067606158073090e+01 8.151259156417833829e-01
8.935064465320694183e+01 8.127966980852451284e-01
8.940064087878988630e+01 8.101339347132020530e-01
8.945064319424200505e+01 8.091282896684224291e-01
8.950064421180226759e+01 8.061412140519681468e-01
8.955057753817223443e+01 8.035440967715928862e-01
8.960058054534367500e+01 8.024525381596332441e-01
8.965061121043279968e+01 8.024512731146157263e-01
8.970060486906020003e+01 7.985689327191454190e-01
8.975065684933389321e+01 7.989756497353351916e-01
8.980064097263824863e+01 7.973632736146164524e-01
8.985074011343861855e+01 7.943307421531241586e-01
8.990072914643546653e+01 7.921972349211952036e-01
8.995069471840930930e+01 7.911330916386368761e-01
9.000061567245546712e+01 7.892100703656077521e-01
9.005060451355357998e+01 7.872282815859650285e-01
9.010066164734236338e+01 7.850570795291352821e-01
9.015058063102021890e+01 7.832216256716046932e-01
9.020066981206871048e+01 7.814310723909277945e-01
9.025061891167177919e+01 7.802924090619933750e-01
9.030058063625472187e+01 7.798660039044297276e-01
9.035069862056877810e+01 7.766373302100134657e-01
9.040063721053816437e+01 7.759223511965637199e-01
9.045068187473133037e+01 7.733917909126051260e-01
9.050070412097294081e+01 7.720406173202667421e-01
9.055071582655412499e+01 7.708302408128104855e-01
9.060074590370700776e+01 7.690543655332570117e-01
9.065071954180082514e+01 7.678332168127655066e-01
9.070070414937342207e+01 7.661479133847365341e-01
9.075071652356483298e+01 7.633808582019608879e-01
9.080073853391084526e+01 7.614821824401543093e-01
9.085071662263727887e+01 7.594937568640056647e-01
9.090070285251101723e+01 7.587123998910962897e-01
9.095065177011029789e+01 7.579618886739462047e-01
9.100073488155234713e+01 7.570322013298008690e-01
9.105069866664597100e+01 7.533529259472782069e-01
9.110067736133585470e+01 7.533364662012554946e-01
9.115066164323077658e+01 7.510860499818873270e-01
9.120067497178406768e+01 7.495684595897276203e-01
9.125068141284850753e+01 7.469697287956237330e-01
9.130062622558105545e+01 7.459816450802388976e-01
9.135066117588171153e+01 7.458692831400097756e-01
9.140065141538008220e+01 7.410593299800070088e-01
9.145068138473658337e+01 7.403141345938959450e-01
9.150069039643479130e+01 7.396727019130492353e-01
9.155071593148433351e+01 7.375963011353396936e-01
9.160080367935793788e+01 7.363703666827330352e-01
9.165061737073069992e+01 7.349529528729146222e-01
9.170060817655109986e+01 7.324116751253795243e-01
9.175058865088804794e+01 7.309420996097785173e-01
9.180049265407282633e+01 7.298207772640281643e-01
9.185058971654700599e+01 7.293251081638053579e-01
9.190068301485227664e+01 7.275025796899885489e-01
9.195060490867638237e+01 7.262872701092562000e-01
9.200056221650915234e+01 7.243709166959362289e-01
9.205061548325311094e+01 7.229384434541301641e-01
9.210076346697475458e+01 7.227147444528769782e-01
9.215078845474795344e+01 7.210634992377525920e-01
9.220060419601414026e+01 7.181008647425622948e-01
9.225059746084708934e+01 7.172183773081507452e-01
9.230067734231083421e+01 7.156589529994933363e-01
9.235073177795210597e+01 7.138949781121113336e-01
9.240064045690999706e+01 7.125455495119854543e-01
9.245063157109922258e+01 7.110559339796616030e-01
9.250078057204220272e+01 7.099063997657227842e-01
9.255072433387988440e+01 7.084176958058060469e-01
9.260073057984830314e+01 7.061648929935920860e-01
9.265065869044863689e+01 7.051300000884254127e-01
9.270063560508695844e+01 7.029525871563675476e-01
9.275067620960689396e+01 7.017810387993718146e-01
9.280063727441186927e+01 7.000106802846708387e-01
9.285065446184212590e+01 6.998500901754656223e-01
9.290065078317546465e+01 6.978788595980192078e-01
9.295073425389733757e+01 6.966842990248488521e-01
9.300067900763730222e+01 6.946690214404119823e-01
9.305066207492778574e+01 6.926978915882395782e-01
9.310064897906700310e+01 6.923750555710072030e-01
9.315062622189709884e+01 6.904153356373825545e-01
9.320059985716629569e+01 6.908355420843611538e-01
9.325071190903473450e+01 6.881892769865011195e-01
9.330073508132683457e+01 6.857365653482153656e-01
9.335066973357385223e+01 6.845385402290282695e-01
9.340068252241590585e+01 6.854463270547697107e-01
9.345057102658101655e+01 6.827036556969660053e-01
9.350065641105707925e+01 6.808648601027699199e-01
9.355067747282180335e+01 6.794107930153050479e-01
9.360058086835567792e+01 6.789951298853721395e-01
9.365060040510233819e+01 6.768959119496854582e-01
9.370058214130268937e+01 6.750594365779503114e-01
9.375071349954021116e+01 6.746829352113120626e-01
9.380064575722563802e+01 6.729181308995382249e-01
9.385065603128978751e+01 6.713997597071234003e-01
9.390066055478293094e+01 6.702475722066939534e-01
9.395067012729866462e+01 6.685851360083256978e-01
9.400073547639510707e+01 6.675219193394038575e-01
9.405064106370717525e+01 6.659504097938440115e-01
9.410066747113194197e+01 6.647912464106661146e-01
9.415062831545455424e+01 6.638965476567200152e-01
9.420064524406151918e+01 6.612386580783223833e-01
9.425063592468441698e+01 6.597218857740116960e-01
9.430071603443974482e+01 6.602116788372677236e-01
9.435084978846010983e+01 6.569179289202174976e-01
9.440072589518690904e+01 6.556724208835136292e-01
9.445063572665263507e+01 6.540922351121533085e-01
9.450060037327034479e+01 6.533318561840368854e-01
9.455061099756481724e+01 6.524081511324626437e-01
9.460066160523612666e+01 6.504864390221208881e-01
9.465070343930108265e+01 6.485643533458959054e-01
9.470070340329958469e+01 6.470021208049915318e-01
9.475076856330568376e+01 6.475736767972263275e-01
9.480071786998738048e+01 6.458962247554710379e-01
9.485059575869554749e+01 6.430817219639335391e-01
9.490062200472793563e+01 6.432657799723495717e-01
9.495059153222072723e+01 6.415598744511892271e-01
9.500060916233462649e+01 6.405804924831555169e-01
9.505058405688886580e+01 6.389752739603359322e-01
9.510062103402634648e+01 6.381279623911493282e-01
9.515070626581375279e+01 6.369272394359333234e-01
9.520074820467674215e+01 6.355854119125435853e-01
9.525077257252138452e+01 6.340464475675283706e-01
9.530060977714117598e+01 6.331889471759832855e-01
9.535056604075973041e+01 6.318008160701331644e-01
9.540054222256354421e+01 6.312250641641101723e-01
9.545053721567489902e+01 6.292397461890972821e-01
9.550066559135430566e+01 6.269800735469466257e-01
9.555070107743208041e+01 6.267052089523361680e-01
9.560068189569460628e+01 6.248494106430924067e-01
9.565062150426840049e+01 6.249404290213944613e-01
9.570068484578779078e+01 6.231459815171267458e-01
9.575065983295563399e+01 6.217428900114833068e-01
9.580068015784988233e+01 6.205388144459099697e-01
9.585070548727827600e+01 6.190690981337175769e-01
9.590067278065059497e+01 6.186778407036910288e-01
9.595068562266027357e+01 6.180677664469849120e-01
9.600067075531137561e+01 6.165949570686524162e-01
9.605064480354532463e+01 6.141189394395366596e-01
9.610060831827868810e+01 6.138287916916810305e-01
9.615071146236661548e+01 6.135883848944467811e-01
9.620073364420061068e+01 6.113544667996486659e-01
9.625071630024669389e+01 6.094430729262884094e-01
9.630073274647288883e+01 6.086145661149997554e-01
9.635076816718918735e+01 6.078296521118138340e-01
9.640074103949068274e+01 6.076089572242640013e-01
9.645064409383613224e+01 6.056385298195255951e-01
9.650066663688329527e+01 6.046679747485105283e-01
