1.256637126207351685e-01 2.090119466145833030e+03
1.936915606260299627e-01 1.285375488281250000e+03
2.513274252414703369e-01 1.303871582031250000e+03
2.944022864103317261e-01 6.222130126953125000e+02
3.554306328296661377e-01 6.109142659505207575e+02
3.955082564781873811e-01 5.116940604967948616e+02
4.615716010332107655e-01 4.471093750000000000e+02
5.164058804512023926e-01 3.186578776041666288e+02
5.455598746027264800e-01 2.645731491815475920e+02
5.891914814710617065e-01 3.166876424153645644e+02
6.408908295987257864e-01 3.030919717817164383e+02
6.941244165102641306e-01 2.259485460069444400e+02
7.549341718355814246e-01 1.776595579954955042e+02
8.082685545086860657e-01 2.014566650390625000e+02
8.458872155139320892e-01 1.942658691406250000e+02
9.033976386463831165e-01 1.503340567129629619e+02
9.538741086920102807e-01 1.448516743977864394e+02
1.002606617948396561e+00 1.614910775273224033e+02
1.050080132484435991e+00 1.237025260416666725e+02
1.095276718554289541e+00 1.348664550781250000e+02
1.148735394760898254e+00 1.408343678652967981e+02
1.197364068031311124e+00 1.232004638671874943e+02
1.253252735099639192e+00 1.083039188002007904e+02
1.301195175307137575e+00 1.099364885602678470e+02
1.350340962409973145e+00 1.100153614831349103e+02
1.397053004916669616e+00 8.694360926978113469e+01
1.446786667240990587e+00 1.044952148437500057e+02
1.501695110947299794e+00 1.006918107118528525e+02
1.550154135684774337e+00 8.878216737689395188e+01
1.601738236568592155e+00 9.726472594246031633e+01
1.647772800055960385e+00 8.353038847117794319e+01
1.697513295382988119e+00 8.218650755843496825e+01
1.749398548968667422e+00 7.995471112311015816e+01
1.801815896144401075e+00 7.771756394389439038e+01
1.854311002948419773e+00 7.847221163617886930e+01
1.903488172029776715e+00 7.579674543946931919e+01
1.952342433013101397e+00 7.170275661699287184e+01
1.999453311039106396e+00 6.668649534686970526e+01
2.048669610900440308e+00 7.084550107758620641e+01
2.101181018737054540e+00 6.646674962197580783e+01
2.154098840860219966e+00 6.418532283232119084e+01
2.199303392983653183e+00 6.358483512269938842e+01
2.248528172677023207e+00 6.424226973684210407e+01
2.303006410598754883e+00 6.190781004323899595e+01
2.353418758259483656e+00 6.146962453358209189e+01
2.402637737900463311e+00 5.857344736653272577e+01
2.448554739992842677e+00 5.550981570512821150e+01
2.499090067645225233e+00 5.770552099660397971e+01
2.549658622302062305e+00 5.527082987034574302e+01
2.600952340680148911e+00 5.145317131916995379e+01
2.651313533667959632e+00 5.247763579349698659e+01
2.702490112360786068e+00 5.069988255718954662e+01
2.752956631759745587e+00 5.188785294293218442e+01
2.797749358087681770e+00 4.871886377427184556e+01
2.849414770365116478e+00 4.843602133010432453e+01
2.901561026847945257e+00 4.682717051878191228e+01
2.949750350581274994e+00 4.431576425057870239e+01
2.998665080524131721e+00 4.699636040758895916e+01
3.049010105637519175e+00 4.710894206549118479e+01
3.100398808880581836e+00 4.385385448685109111e+01
3.150818746732328979e+00 4.532408453887884292e+01
3.200939400679145841e+00 4.361005412581698693e+01
3.249633022646403635e+00 4.443572169531712746e+01
3.300127326483013768e+00 4.167564206178160902e+01
3.348483428887441438e+00 4.278985206117020823e+01
3.399607315620657211e+00 3.873757417188314633e+01
3.448719927469889424e+00 3.978690538194444315e+01
3.499342967069685173e+00 3.881482482698961434e+01
3.551474963231986415e+00 3.864031952590420360e+01
3.598900760213533889e+00 3.746068929036458428e+01
3.651035188841221135e+00 3.785339608102157172e+01
3.700662589665808522e+00 3.557505900454111014e+01
3.751511811793449613e+00 3.515366631170817158e+01
3.801618192488687153e+00 3.579679961622807127e+01
3.851254485091384794e+00 3.555725845025509813e+01
3.901226825121409281e+00 3.541286213314631226e+01
3.948670251141286780e+00 3.573761409344059103e+01
4.001451143603901528e+00 3.449586413837167242e+01
4.052280480987929145e+00 3.297153365946261516e+01
4.102052814176515128e+00 3.417797392306245285e+01
4.151093749575814229e+00 3.243849675673039457e+01
4.200442130105537686e+00 3.298395063680836614e+01
4.251136814637041184e+00 3.216277916205241638e+01
4.299210999832778768e+00 3.204252316000683010e+01
4.350458908696328564e+00 3.119336189516128854e+01
4.400665589089600260e+00 3.138536159365558831e+01
4.450478535124709367e+00 3.142759980214152549e+01
4.500022132996065238e+00 3.053125512127171604e+01
4.550446791199227903e+00 2.971734029394644949e+01
4.600092420408226523e+00 3.032852305862492059e+01
4.650210011078793393e+00 2.949324336704778560e+01
4.700629595459484555e+00 2.928964310109289571e+01
4.749898185810824458e+00 2.822511022176808737e+01
4.799578612586753223e+00 2.937921751319261077e+01
4.849740758713929623e+00 2.864729870042872406e+01
4.899993706213586542e+00 2.836392859556637092e+01
4.949341788918080631e+00 2.794193694760101110e+01
4.999815610851473302e+00 2.781972506393861622e+01
5.049952627308602615e+00 2.758134720181239175e+01
5.099298258856230781e+00 2.723633769914215819e+01
5.150254496972274332e+00 2.699237628820185009e+01
5.199142517336761138e+00 2.707310477251407121e+01
5.249453250256330250e+00 2.628230839734636959e+01
5.300164924855151227e+00 2.637522412224362967e+01
5.351194235644229025e+00 2.608010319831783974e+01
5.400960675954554979e+00 2.566729997231450966e+01
5.450257125402332647e+00 2.563392763981635980e+01
5.500682865381752329e+00 2.561816448144573144e+01
5.549218122000597830e+00 2.511716310118675821e+01
5.600000335002996543e+00 2.488588342275715348e+01
5.649736614175454363e+00 2.399958675256115370e+01
5.699883098365530643e+00 2.448616055129609492e+01
5.750283329191223203e+00 2.468920465982286672e+01
5.800844330747943367e+00 2.339677753411305972e+01
5.851527811214188191e+00 2.401446352409073981e+01
5.901139501297178569e+00 2.336037752062328110e+01
5.952051273107690221e+00 2.347214708503054936e+01
6.002043196207571540e+00 2.303652798626273679e+01
6.051370665339476318e+00 2.278096750482710320e+01
6.100040307612490942e+00 2.337376827547879543e+01
6.151338437490640132e+00 2.247081820016142117e+01
6.201845191216835751e+00 2.246949623814197139e+01
6.251546338561632332e+00 2.247263066879502347e+01
6.301411320163105678e+00 2.232693428045789119e+01
6.351121094491746888e+00 2.179528433436761148e+01
6.402993818717075847e+00 2.231099992104847729e+01
6.451004855903611279e+00 2.150314730757293447e+01
6.500587485631307061e+00 2.154724668560606204e+01
6.550027029602877526e+00 2.143628366878792235e+01
6.600096165964067119e+00 2.116639512108261911e+01
6.651203611202781474e+00 2.129646047282841081e+01
6.700403804908146022e+00 2.109964352439368440e+01
6.751129568914272738e+00 2.082412556553331484e+01
6.801152226429867831e+00 2.090379914573898645e+01
6.850567314012454112e+00 2.075655310792349795e+01
6.899983763743045451e+00 2.111189162278925124e+01
6.950432818525864143e+00 2.040909179932313577e+01
7.000477802606276612e+00 2.052406862251744357e+01
7.050299486470248844e+00 2.067104406842692654e+01
7.100577605904697442e+00 2.039138594499116763e+01
7.150282711587289342e+00 2.018020133967424812e+01
7.201425401940038995e+00 1.989578357991612378e+01
7.251291360812208708e+00 1.952824759495252138e+01
7.301384627104277492e+00 1.957664054313656976e+01
7.350121157509939884e+00 1.902041385750728608e+01
7.400243896042705494e+00 1.929722548714172348e+01
7.450219004942361778e+00 1.934555191821732123e+01
7.499767164549090204e+00 1.902684805071492491e+01
7.551036194214812980e+00 1.903943549483414799e+01
7.600875332768869619e+00 1.895245115477233000e+01
7.650993174920037276e+00 1.880150329489291749e+01
7.700625888088293181e+00 1.857569052840434409e+01
7.751154263814290069e+00 1.850513086761603532e+01
7.801801090622451973e+00 1.848880819863779834e+01
7.851364051006665790e+00 1.841437847076697309e+01
7.900769558997057018e+00 1.804711108092724814e+01
7.950365025915012041e+00 1.812462646389856857e+01
8.001249973326832077e+00 1.819629237817056122e+01
8.050346754310522712e+00 1.807625585288490555e+01
8.100376043699483830e+00 1.774530731471238809e+01
8.150963831689653105e+00 1.772354558017806525e+01
8.200066242110258585e+00 1.770521716101695020e+01
8.249809700602813933e+00 1.702118344474569867e+01
8.300552262369116363e+00 1.744666196325808016e+01
8.351090274807287273e+00 1.733597337006427708e+01
8.400210126764326546e+00 1.719434299268404231e+01
8.450394926559216202e+00 1.705357586661479985e+01
8.500459425828198690e+00 1.683013361539810404e+01
8.550917286194149369e+00 1.675344511666233061e+01
8.600510843254964399e+00 1.685907798710115202e+01
8.651023792021119263e+00 1.652737097925589893e+01
8.701256476197366752e+00 1.683142372687114374e+01
8.749915613828461503e+00 1.628680519979508290e+01
8.800112521877306193e+00 1.619733294167269477e+01
8.849632071888843043e+00 1.620426145629484438e+01
8.900357776251059505e+00 1.637681643520324570e+01
8.950608837287235886e+00 1.640385377059568839e+01
9.000569819962127127e+00 1.612312229687982779e+01
9.051041288617525993e+00 1.616715155945419014e+01
9.100140618044129326e+00 1.580342109018264907e+01
9.150794710576331426e+00 1.586896906972338073e+01
9.200358087057745493e+00 1.580862850311388002e+01
9.250378436494685275e+00 1.575785665811393699e+01
9.300396476966747983e+00 1.580089532808972486e+01
9.350845697771076104e+00 1.544313782978272975e+01
9.401427877347279249e+00 1.532804239988413464e+01
9.450856317468241841e+00 1.517296449829932037e+01
9.501285360508264333e+00 1.520193492383512535e+01
9.551415626509362156e+00 1.530206478280606142e+01
9.601472418873740367e+00 1.504528100054119832e+01
9.650873339522149763e+00 1.481720863271343980e+01
9.700105298531504161e+00 1.475479254641732041e+01
9.749807236595939841e+00 1.481692552395209539e+01
9.800617716807657587e+00 1.481636412797830360e+01
9.850939668539123062e+00 1.477989319876783370e+01
9.900672862260712748e+00 1.445623192115184708e+01
9.951023643831279131e+00 1.449447329672078943e+01
1.000061390381357818e+01 1.460472951746669956e+01
1.005121303910567399e+01 1.457098102503912429e+01
1.010050487470579128e+01 1.446165305930930955e+01
1.015040394560108972e+01 1.434774606541251707e+01
1.020064233832726863e+01 1.415096094641677205e+01
1.025078872432590593e+01 1.419098194080514475e+01
1.030144077410513148e+01 1.427169280663910378e+01
1.035026615037620701e+01 1.380799891336930507e+01
1.040053707544599071e+01 1.390527592239185672e+01
1.045062977445541463e+01 1.372575309481112882e+01
1.050056916228905557e+01 1.406645500543913840e+01
1.055045547200590939e+01 1.373608598908986522e+01
1.060065943225193585e+01 1.370070928154333068e+01
1.065092618802826330e+01 1.358748194571559331e+01
1.069994190739775242e+01 1.359055886243386269e+01
1.075051342579590496e+01 1.342121195565797898e+01
1.080116309617008952e+01 1.341017440271171601e+01
1.085092532135009691e+01 1.336045583333333298e+01
1.090057119699959287e+01 1.330263430172601069e+01
1.095056114183856977e+01 1.340664732166119499e+01
1.100044795380789964e+01 1.313783581551922808e+01
1.105059621997271790e+01 1.324343178009796240e+01
1.110083536315899444e+01 1.313390475767120513e+01
1.115081901025334687e+01 1.286337681574923586e+01
1.120129035153903629e+01 1.292951023666416255e+01
1.125116374248475992e+01 1.294620140742388337e+01
1.130128079566052257e+01 1.289452352583278483e+01
1.135044509838974847e+01 1.282210624451593972e+01
1.140071777468021708e+01 1.290103257707969675e+01
1.145113705378753899e+01 1.263487102460785749e+01
1.150054064506493923e+01 1.270083182367149810e+01
1.155054572698180770e+01 1.252608206824346837e+01
1.160060598127213360e+01 1.263632053309497572e+01
1.165085593945590148e+01 1.261295331239291784e+01
1.170069293131600929e+01 1.255635837326032345e+01
1.175142896112726554e+01 1.249069042316258304e+01
1.180137066716670269e+01 1.231736639074416040e+01
1.185030839024950744e+01 1.228571981766684296e+01
1.190112650803973615e+01 1.240940690190856621e+01
1.195087750005856186e+01 1.243857903024076350e+01
1.200028886778134840e+01 1.217195118572695200e+01
1.205087280971257790e+01 1.213269916042803409e+01
1.210120573097985641e+01 1.215919752075142135e+01
1.215069798464289086e+01 1.213269143853305820e+01
1.220084588704311912e+01 1.203950769700543333e+01
1.225095075397515565e+01 1.193086941635061038e+01
1.230055747642593111e+01 1.200559062672263977e+01
1.235044509892075659e+01 1.197959343216863459e+01
1.240025358236334618e+01 1.186435645354604063e+01
1.245059963946805226e+01 1.187898720444498579e+01
1.250021218005843338e+01 1.183780142816512360e+01
1.255088259279081875e+01 1.174490806432540957e+01
1.260128860653785665e+01 1.188036128859433305e+01
1.265098919510728237e+01 1.175622848409306798e+01
1.270151919945489816e+01 1.155671635234859984e+01
1.275059048606717838e+01 1.160494519367870581e+01
1.280015324543435007e+01 1.164652346950719952e+01
1.285005587414941175e+01 1.139709612628243818e+01
1.290055459179237118e+01 1.151734971518032324e+01
1.295101831716038809e+01 1.140816796714194759e+01
1.300061854953515450e+01 1.141183204127055895e+01
1.305073094795649524e+01 1.139331763938094433e+01
1.310051576040570609e+01 1.144241255983464001e+01
1.315089754552600176e+01 1.120695381015550041e+01
1.320081412118408615e+01 1.119149870312331174e+01
1.325056877988023629e+01 1.118391984092235880e+01
1.329997547558646787e+01 1.115627824986439975e+01
1.334989268379465521e+01 1.111328864353312440e+01
1.340063178882596162e+01 1.115492261781728089e+01
1.345111248053373743e+01 1.099367265232218749e+01
1.350104577716931509e+01 1.108463156673313499e+01
1.355110471056903876e+01 1.106674093995773056e+01
1.360103386653534407e+01 1.098228996459695139e+01
1.365064521999293667e+01 1.099972723367697469e+01
1.370108558817629785e+01 1.096360580573805699e+01
1.375063751069574458e+01 1.086262593920764985e+01
1.380020275550391951e+01 1.076924044056525354e+01
1.385010291988493947e+01 1.082229319944323009e+01
1.389993945742187975e+01 1.084783492784435133e+01
1.395077535055353124e+01 1.066870598162993922e+01
1.400033540187661885e+01 1.063869007181677162e+01
1.405076036390690319e+01 1.075234991444053811e+01
1.410091255677794386e+01 1.074337741144845104e+01
1.415099424006951345e+01 1.050437792388418146e+01
1.420090845382453182e+01 1.062477327213652600e+01
1.425058535625662692e+01 1.046565863956941378e+01
1.430068992108075854e+01 1.040315362849013603e+01
1.435081631969962146e+01 1.047027969406118864e+01
1.440116277072030648e+01 1.041535475357515494e+01
1.445095548372230709e+01 1.034407822632203811e+01
1.450106060960858834e+01 1.033998945381882706e+01
1.455087147615679299e+01 1.028471681179346220e+01
1.460089164482430135e+01 1.031525200474770543e+01
1.465096435834932009e+01 1.019781834322186320e+01
1.470042432961008316e+01 1.020632182641154451e+01
1.474998265362896355e+01 1.038296654672049613e+01
1.479989122439800120e+01 1.018844063545150469e+01
1.485068890065675262e+01 1.029787675339524355e+01
1.490091461135759410e+01 1.019133465778923231e+01
1.495142624477786164e+01 1.013482891693833743e+01
1.500125581199326774e+01 1.021213791604924204e+01
1.505058992571524001e+01 1.001537326681261852e+01
1.510096182188420677e+01 1.000550768258156786e+01
1.515041653809440625e+01 1.006648939875181092e+01
1.520050358450064110e+01 1.007935914762333773e+01
1.525026187279651246e+01 9.922384750569969825e+00
1.530061285776438496e+01 9.936916733708770266e+00
1.535093523531647719e+01 1.000312874850060041e+01
1.540080134614941620e+01 9.960556993952044635e+00
1.545125002511655588e+01 9.859245530229761911e+00
1.550055590549435180e+01 9.899967426820047933e+00
1.554990690009351617e+01 9.845045089520800374e+00
1.560029939283501221e+01 9.708334126742325765e+00
1.565051554421477675e+01 9.751313093323650705e+00
1.570055893919154144e+01 9.664685057029348769e+00
1.575055944300927990e+01 9.702235078401617585e+00
1.580089161127091657e+01 9.624073247480120941e+00
1.585074981409009887e+01 9.666696462175385918e+00
1.590132026779191321e+01 9.569761318414069962e+00
1.595119615174483307e+01 9.523197545918755225e+00
1.600061799840658239e+01 9.569243089370910837e+00
1.605077212836705058e+01 9.508224045215101228e+00
1.610103563786684688e+01 9.560304616193993965e+00
1.615061123591991432e+01 9.459685270781774236e+00
1.620065196690424969e+01 9.523730249329563691e+00
1.625089452027982517e+01 9.463613779787133140e+00
1.630118119518434128e+01 9.368433788598574452e+00
1.635146405608891840e+01 9.386974395843688868e+00
1.640076947667969520e+01 9.371253863528291816e+00
1.645087400555846102e+01 9.340176600441500554e+00
1.650098843068070664e+01 9.347453831312018124e+00
1.655106400710294778e+01 9.239806405908858267e+00
1.660084850266487777e+01 9.205393536209731664e+00
1.665053292522144801e+01 9.247569256451903641e+00
1.670094208154347726e+01 9.175106395706569273e+00
1.675068958911364447e+01 9.235427207396794458e+00
1.680052177009391556e+01 9.159853910868575255e+00
1.685039801592866127e+01 9.199451790633609960e+00
1.690071147848142274e+01 9.168746018408681309e+00
1.695034504331302116e+01 9.089282383858934722e+00
1.700024952897776132e+01 9.065361959098993339e+00
1.705080262949346803e+01 9.095214649808022855e+00
1.710038038467472177e+01 9.046256787159020263e+00
1.715073677186147094e+01 9.001821067866801585e+00
1.720103001431176537e+01 9.066410697025023779e+00
1.725093874646400494e+01 9.024871098547411208e+00
1.730026876303448802e+01 9.035829392329619125e+00
1.735069699187642200e+01 8.879677026669112294e+00
1.740111744736490706e+01 8.955268347950148922e+00
1.745083602976958304e+01 8.859283774876011819e+00
1.750079017405409587e+01 8.874991679978700532e+00
1.755058064951854391e+01 8.835565291242025054e+00
1.760098984156358171e+01 8.834988522683987711e+00
1.765084796114107490e+01 8.754348055030412468e+00
1.770084590768282951e+01 8.674434156378600491e+00
1.775113545986024732e+01 8.746040897908979872e+00
1.780111750417361804e+01 8.734308082172589138e+00
1.785112557577493675e+01 8.682753322674127361e+00
1.790043071854657697e+01 8.719023567770367578e+00
1.795093294930180150e+01 8.625214416498025116e+00
1.800117591338927880e+01 8.635826214993368666e+00
1.805102955138067244e+01 8.635363919410339761e+00
1.810081125040843375e+01 8.637746766097114559e+00
1.815070355316448669e+01 8.551566393521179421e+00
1.820082603023814727e+01 8.585216532050180760e+00
1.825104242422729328e+01 8.461621764025665016e+00
1.830110038363673652e+01 8.507215639015601738e+00
1.835056608576439530e+01 8.501887766188612972e+00
1.840052225601024816e+01 8.623422031988770442e+00
1.845054397902244503e+01 8.413799952985426600e+00
1.850066401639472602e+01 8.499572477047573571e+00
1.855077375907742265e+01 8.333609682054133216e+00
1.860040149003351218e+01 8.372897347794888034e+00
1.865036571685475764e+01 8.421239357202001230e+00
1.870055233191315480e+01 8.305369840953915173e+00
1.875038082358441471e+01 8.370153749366355811e+00
1.880030100158329631e+01 8.370126354188721862e+00
1.885065092426605204e+01 8.341068187128195532e+00
1.890032953550104367e+01 8.295408442982456165e+00
1.895058111422453706e+01 8.283401122267120442e+00
1.900068398728053864e+01 8.278016622270969904e+00
1.905038713710101916e+01 8.251792350301499823e+00
1.910077607978132974e+01 8.183204417639696970e+00
1.915069731442681800e+01 8.167866918103449336e+00
1.920059048440732141e+01 8.208614601723958515e+00
1.925035227553674133e+01 8.235931522570773211e+00
1.930047157178797690e+01 8.125166852527710759e+00
1.935052191971805868e+01 8.160425612260484129e+00
1.940062364124835170e+01 8.119597448895483183e+00
1.945076194647657530e+01 8.180942423777368688e+00
1.950064015704267106e+01 8.047211259632145897e+00
1.955103246253348104e+01 8.052490937531036508e+00
1.960103224732800342e+01 8.078772616318383726e+00
1.965096451560197721e+01 8.068872644892106649e+00
1.970039326907732402e+01 8.073400252904647800e+00
1.975045869793262909e+01 8.022470823265583917e+00
1.980112994754063038e+01 7.996393302882141896e+00
1.985113240949997149e+01 8.013161222720047050e+00
1.990129882447748955e+01 7.999307793787720833e+00
1.995102839468674816e+01 7.996496920325045998e+00
2.000083692040861649e+01 7.920769454077548843e+00
2.005054571725930401e+01 7.921936332700222572e+00
2.010084313615223905e+01 7.955852296548189706e+00
2.015039891387192839e+01 7.919193979379492099e+00
2.020032978626047537e+01 7.908065766844789124e+00
2.025088372940374271e+01 7.881877859996021307e+00
2.030029183479597066e+01 7.831954254270695692e+00
2.035052695173413539e+01 7.806667731068585248e+00
2.040075823535785560e+01 7.769069266544678776e+00
2.045089601889413444e+01 7.764295412547699726e+00
2.050073645873280981e+01 7.775490536600919711e+00
2.055053498245830212e+01 7.782959463680171552e+00
2.060058405558038430e+01 7.800227568882662332e+00
2.065032429254589985e+01 7.753176013691416735e+00
2.070047025335771806e+01 7.731994136540185636e+00
2.075044015714700407e+01 7.744166485389022192e+00
2.080056166383511851e+01 7.716217183508060629e+00
2.085052640866095430e+01 7.674305645989784708e+00
2.090093885348607117e+01 7.699143960393210584e+00
2.095072566472917686e+01 7.651841398440478059e+00
2.100045951270690026e+01 7.583981897227567437e+00
2.105041555584098489e+01 7.673834615274436111e+00
2.110036039795015128e+01 7.586524154349766569e+00
2.115060440588723267e+01 7.530640797374668516e+00
2.120099297639964320e+01 7.571069733747690655e+00
2.125110208021147429e+01 7.582667813084637665e+00
2.130047153211643263e+01 7.561534355862688628e+00
2.135095211249340252e+01 7.527099985021990847e+00
2.140153998728464302e+01 7.527104330547361499e+00
2.145140411864241869e+01 7.496602921591477120e+00
2.150109067953851039e+01 7.451268715931829156e+00
2.155071421888607830e+01 7.543763388741255405e+00
2.160095248613489716e+01 7.504546826462648923e+00
2.165078368034290790e+01 7.477428033360236981e+00
2.170103250420297769e+01 7.482638333466634428e+00
2.175113749075196878e+01 7.444402304804703441e+00
2.180066400185297226e+01 7.413013183801617778e+00
2.185095183544095931e+01 7.399100628059480655e+00
2.190070081606517505e+01 7.348481088878301648e+00
2.195052143564337399e+01 7.374664031620553395e+00
2.200016785070007685e+01 7.368955596980516276e+00
2.205017752243192319e+01 7.378932897006204250e+00
2.210016093160606587e+01 7.344396934550631251e+00
2.215052494156026341e+01 7.322334124711084691e+00
2.220099768268121565e+01 7.362635634660542827e+00
2.225093828405544372e+01 7.301517318080712471e+00
2.230088287983462081e+01 7.305219808241534274e+00
2.235050207682091994e+01 7.292066737220190831e+00
2.240027092684176679e+01 7.287489997249243956e+00
2.245050285997742989e+01 7.270101178916442919e+00
2.250092599038523389e+01 7.255796844475966623e+00
2.255080398875536929e+01 7.274787570705938400e+00
2.260054706545379233e+01 7.216418259340987795e+00
2.265063038163662057e+01 7.247670471182470209e+00
2.270025254152363914e+01 7.196352841391009392e+00
2.275050358802700146e+01 7.218489048288456722e+00
2.280034136030533887e+01 7.176898580855656462e+00
2.285072882878251832e+01 7.143840251362340688e+00
2.290066141892027929e+01 7.142474051604414953e+00
2.295053262466946720e+01 7.110042487274630396e+00
2.300116596624015131e+01 7.166360392031533522e+00
2.305075049811972576e+01 7.157480231658365000e+00
2.310085238957240961e+01 7.116583546611506605e+00
2.315075103044907934e+01 7.077024742378703159e+00
2.320056411088655324e+01 7.072382684665732278e+00
2.325069316575375922e+01 7.036024685947999124e+00
2.330102321943878252e+01 7.079092007882134219e+00
2.335094979495398704e+01 7.012613877338260693e+00
2.340077491351943451e+01 6.989569891560264203e+00
2.345090180360846333e+01 7.006417104495037407e+00
2.350069764984864307e+01 6.981821948755207785e+00
2.355079805083223476e+01 6.949086902481298900e+00
2.360089425887846915e+01 6.971127191942459334e+00
2.365111588592037251e+01 6.924269712958578182e+00
2.370079117479742337e+01 6.925335708607767593e+00
2.375070238000955669e+01 6.890081726739312629e+00
2.380072099427258792e+01 6.945792475485291106e+00
2.385044315484774557e+01 6.921943382286590563e+00
2.390062030528307702e+01 6.874740371370622327e+00
2.395079098070538137e+01 6.897122497342310865e+00
2.400087914898061214e+01 6.907720446933509173e+00
2.405047136728556012e+01 6.861301247918309976e+00
2.410094161555001691e+01 6.852061768676867892e+00
2.415096374291990955e+01 6.823738549765222317e+00
2.420035762630187293e+01 6.833672449200173027e+00
2.425062718572708675e+01 6.828547558801234985e+00
2.430056200939818467e+01 6.795425112612612395e+00
2.435074088185508856e+01 6.788404467670542175e+00
2.440058288212754434e+01 6.764508461480678747e+00
2.445050734240095736e+01 6.773416556714417780e+00
2.450068293811746400e+01 6.733533996209112971e+00
2.455072252521220122e+01 6.782631183362260785e+00
2.460081802631937720e+01 6.743813421532072638e+00
2.465048464938207218e+01 6.766556025413803965e+00
2.470070557930939970e+01 6.730188475538280812e+00
2.475098408547652795e+01 6.729838647506860561e+00
2.480073664568702796e+01 6.719258902540608425e+00
2.485031139239437081e+01 6.665395295864046332e+00
2.490072463844199291e+01 6.667525526884965359e+00
2.495100174296157647e+01 6.643326905947608552e+00
2.500090082264989988e+01 6.688058291780109244e+00
2.505070236710282572e+01 6.646359799161333015e+00
2.510076910204727341e+01 6.628635426697158550e+00
2.515074714444360993e+01 6.612083320794085672e+00
2.520042346985152193e+01 6.659732167720889606e+00
2.525087251929459242e+01 6.638354443450127818e+00
2.530067364950122766e+01 6.580446382351769152e+00
2.535041708261922722e+01 6.616550830283713047e+00
2.540064572517422192e+01 6.588236083853266756e+00
2.545058671133012140e+01 6.566162118858031249e+00
2.550091448992870014e+01 6.526610922926108671e+00
2.555093562505498284e+01 6.501567719732750383e+00
2.560076420353996340e+01 6.513639804927930044e+00
2.565050233917104450e+01 6.537618694573554379e+00
2.570088089215357030e+01 6.494949183130699133e+00
2.575089593395361831e+01 6.505831407386007292e+00
2.580055172488612314e+01 6.453770285460590728e+00
2.585065705518562851e+01 6.492880755327245623e+00
2.590040009142965260e+01 6.436973886836661052e+00
2.595045451330076602e+01 6.386810523913327486e+00
2.600041449295903817e+01 6.451822365014357352e+00
2.605043175508030728e+01 6.430039711157956361e+00
2.610049216203561073e+01 6.430961449140733421e+00
2.615052744885751324e+01 6.390128082703644630e+00
2.620081245176917406e+01 6.407882692097497390e+00
2.625064376793082488e+01 6.392659630594541120e+00
2.630053287468589573e+01 6.363216430253672229e+00
2.635101688869864489e+01 6.370133678358343765e+00
2.640098937474011720e+01 6.335553339957129992e+00
2.645040677875825708e+01 6.363597713904225905e+00
2.650060382162935113e+01 6.354593213023656872e+00
2.655045256895379424e+01 6.366646602160216162e+00
2.660025631369433086e+01 6.330140589902663706e+00
2.665085337050840764e+01 6.317001391119653420e+00
2.670089682513944851e+01 6.306615793025073025e+00
2.675085862322766772e+01 6.300578964476227561e+00
2.680077379233840063e+01 6.310874431186606515e+00
2.685114965594502934e+01 6.297423692561229913e+00
2.690100378496506650e+01 6.277098097847564340e+00
2.695034706866618635e+01 6.266853833386305084e+00
2.700052841649375068e+01 6.324399396833804587e+00
2.705072101866625545e+01 6.250626209231619157e+00
2.710069443800647093e+01 6.248543733209340090e+00
2.715078986062405875e+01 6.253547622099730141e+00
2.720089493456375251e+01 6.216382535453447211e+00
2.725057769076351022e+01 6.234745643620010824e+00
2.730033549125748493e+01 6.186883943602692781e+00
2.735052912710215978e+01 6.199964387464388160e+00
2.740061522037846942e+01 6.209870461096311800e+00
2.745070084770054564e+01 6.172407996725802093e+00
2.750096527171193372e+01 6.210222319093285925e+00
2.755103462783471358e+01 6.169384376097537093e+00
2.760049968995508962e+01 6.182999605651764874e+00
2.765053177889601344e+01 6.170557064882327580e+00
2.770036622615669586e+01 6.137185573570000052e+00
2.775054988188822946e+01 6.146804242690700804e+00
2.780062562883384203e+01 6.121103379844196724e+00
2.785044576349854850e+01 6.118678408021547277e+00
2.790070893961808807e+01 6.139069132315583488e+00
2.795038926939105650e+01 6.124848054281717857e+00
2.800057880835900548e+01 6.120533031228212906e+00
2.805066800443194808e+01 6.082961916530696733e+00
2.810107801910153924e+01 6.071276486482215518e+00
2.815115147865971323e+01 6.079842979622568144e+00
2.820044725741460923e+01 6.067570694497637973e+00
2.825040259489045624e+01 6.067003713666770714e+00
2.830043012984087625e+01 6.023585857201052107e+00
2.835059611158580495e+01 6.044997680379946559e+00
2.840043375018342431e+01 6.003984285657951503e+00
2.845045081296103717e+01 6.016189310627503950e+00
2.850041934162237567e+01 6.009341507398394455e+00
2.855035665006607104e+01 5.990933458721499960e+00
2.860065628427968321e+01 5.973580812993067646e+00
2.865062202782436529e+01 5.979818054624083778e+00
2.870086574409789293e+01 5.963645473091857774e+00
2.875095097308470926e+01 5.980097475477383462e+00
2.880071965891575303e+01 5.949704646687672849e+00
2.885023923582780014e+01 5.930783049268455898e+00
2.890050167422365490e+01 5.918603540856905099e+00
2.895070215097079469e+01 5.936303269557886786e+00
2.900065347826904372e+01 5.893769120927148109e+00
2.905081112941260457e+01 5.924204569958434696e+00
2.910056439627211589e+01 5.849150065575253521e+00
2.915042575030595273e+01 5.880116969963545159e+00
2.920043042605855632e+01 5.870620129917684338e+00
2.925076636279083431e+01 5.894972753706827717e+00
2.930084321682425852e+01 5.852357604572501870e+00
2.935070565647483676e+01 5.876022204841221175e+00
2.940088173014940054e+01 5.864288716692861669e+00
2.945065901268334230e+01 5.832175116550116556e+00
2.950069929838434035e+01 5.862404603777981116e+00
2.955051767266316176e+01 5.811908424470390244e+00
2.960069847837196377e+01 5.813349131403755088e+00
2.965080039456267258e+01 5.808540378286499717e+00
2.970062591625485382e+01 5.814110387849200201e+00
2.975060950619111466e+01 5.778288566008449756e+00
2.980050069104065713e+01 5.798671373328129874e+00
2.985055554323798788e+01 5.787221850530280598e+00
2.990066955052829911e+01 5.767263919743291112e+00
2.995082529205978972e+01 5.752055632696569276e+00
3.000070388283209866e+01 5.737099060595801880e+00
3.005093720211255359e+01 5.761485296462969252e+00
3.010063232593409666e+01 5.734519158434110864e+00
3.015060885573432614e+01 5.725746670633862223e+00
3.020077941803320698e+01 5.708897658552254839e+00
3.025042159237726480e+01 5.731858489191663963e+00
3.030049283039372909e+01 5.683361358509712247e+00
3.035065172418487123e+01 5.711902493614824827e+00
3.040092396144631337e+01 5.680418774302330220e+00
3.045061899439206599e+01 5.686125864204251812e+00
3.050062299842226565e+01 5.657912297345084163e+00
3.055062136019501651e+01 5.644450497973481973e+00
3.060036071826926829e+01 5.663081381630396649e+00
3.065068276140530301e+01 5.637269368989540119e+00
3.070067093794826718e+01 5.646063785622454922e+00
3.075070739398880093e+01 5.644907277042520377e+00
3.080069406674522270e+01 5.628114750024848512e+00
3.085055902468600664e+01 5.598660043972544464e+00
3.090042768187009870e+01 5.611431825841025400e+00
3.095057938439754608e+01 5.622207474597079369e+00
3.100056714637308275e+01 5.585563161428419576e+00
3.105027657948960851e+01 5.592705686123861319e+00
3.110045185950545488e+01 5.598207309276885368e+00
3.115079716584278557e+01 5.541422581567473138e+00
3.120089638300272838e+01 5.581162552841100855e+00
3.125061034946996230e+01 5.554588933077345025e+00
3.130074673395984064e+01 5.542592822451798185e+00
3.135087371096646081e+01 5.602932535417367355e+00
3.140070298512654645e+01 5.557004531751061016e+00
3.145048999559004343e+01 5.547441845479734290e+00
3.150054566235555598e+01 5.545403950012559591e+00
3.155095465298380120e+01 5.510219549944905815e+00
3.160059061739232078e+01 5.507427394905750617e+00
3.165063358798569126e+01 5.524440022389617511e+00
3.170080811001844268e+01 5.509816808740321648e+00
3.175077922846383416e+01 5.503911795837136189e+00
3.180073041957039948e+01 5.495132174497730837e+00
3.185061501289119335e+01 5.500299513290902276e+00
3.190059534907069860e+01 5.480159805405540041e+00
3.195055220581018673e+01 5.456081330187288359e+00
3.200080217994445064e+01 5.468052415827923340e+00
3.205069744610977267e+01 5.424918274807550844e+00
3.210050528371473888e+01 5.443140139883999140e+00
3.215073795427445447e+01 5.441893989543300947e+00
3.220057376437510754e+01 5.441204112382807878e+00
3.225057755887306854e+01 5.418828860039385020e+00
3.230065419623123546e+01 5.412854536069404254e+00
3.235074821529837408e+01 5.417802655848774407e+00
3.240068920145048992e+01 5.409524976622122949e+00
3.245066524920769524e+01 5.376983383495611335e+00
3.250067061912027810e+01 5.395657811398319126e+00
3.255045672500492770e+01 5.392155136609061650e+00
3.260061114312246389e+01 5.381512796405641730e+00
3.265063760042713170e+01 5.357534210605287228e+00
3.270057442976514039e+01 5.364900265256649092e+00
3.275070100505863735e+01 5.345051256497095338e+00
3.280094527007205585e+01 5.350508536248980818e+00
3.285066030973816709e+01 5.312816852121953204e+00
3.290059813941013545e+01 5.312686210764296035e+00
3.295073451895240169e+01 5.320870638996853863e+00
3.300095649687233390e+01 5.338543107223528317e+00
3.305110906618631361e+01 5.307837802060968002e+00
3.310064384792069347e+01 5.316403169504105186e+00
3.315037612876064799e+01 5.291404349744286861e+00
3.320039352890535156e+01 5.302494266055045813e+00
3.325075369626339494e+01 5.265160113094628613e+00
3.330079563727023384e+01 5.280119864290507614e+00
3.335041517110537512e+01 5.250984716629126581e+00
3.340042234386024944e+01 5.235361185937872364e+00
3.345068942173323023e+01 5.268614318321920287e+00
3.350090898686119090e+01 5.226483797136634024e+00
3.355076868455447681e+01 5.219786361420671206e+00
3.360083299996632178e+01 5.220247031097990487e+00
3.365062953487561259e+01 5.225030626924719535e+00
3.370054413012797312e+01 5.191264091516533341e+00
3.375043567752315710e+01 5.196164501790275558e+00
3.380061640845230642e+01 5.196895773491998050e+00
3.385089393014911963e+01 5.208074668579342870e+00
3.390082568859970991e+01 5.167730515567643401e+00
3.395079958664522479e+01 5.169661179728243461e+00
3.400065462941210370e+01 5.173958196326012171e+00
3.405091816079112021e+01 5.131105129658112496e+00
3.410090749058920068e+01 5.137637749521466013e+00
3.415074457596266910e+01 5.121551542093522258e+00
3.420065295071830036e+01 5.148554876755680354e+00
3.425051858506616043e+01 5.129959220256031571e+00
3.430084962655262615e+01 5.116302706587213756e+00
3.435071212962177611e+01 5.107002092663680770e+00
3.440066905842098777e+01 5.116863747843898302e+00
3.445042983328236375e+01 5.102048590226064384e+00
3.450043860660466777e+01 5.094989977181250573e+00
3.455076374242391068e+01 5.098653872549796517e+00
3.460068794302640782e+01 5.075753460061605438e+00
3.465065597891599936e+01 5.079247427282427729e+00
3.470061275611706719e+01 5.040081631905755977e+00
3.475062702078484023e+01 5.064541263001173910e+00
3.480052422475197460e+01 5.055045604743206411e+00
3.485065294727289142e+01 5.032984124160970296e+00
3.490062447937064150e+01 5.029137380233557941e+00
3.495074122486598611e+01 5.024595593673332417e+00
3.500077310510111062e+01 5.026617330561026442e+00
3.505065889052637829e+01 5.012148717187588254e+00
3.510073836994573782e+01 5.010064509761699370e+00
3.515075393740908538e+01 4.989754892956998589e+00
3.520070871574944249e+01 4.983774220551455691e+00
3.525045083160344461e+01 4.983438593057306853e+00
3.530049570869167752e+01 4.971543610295720228e+00
3.535059160776241782e+01 4.984059948761312420e+00
3.540068430971665947e+01 4.952892358805657480e+00
3.545074911362522840e+01 4.945605726649801248e+00
3.550036890253176836e+01 4.947086510603194931e+00
3.555064134077936444e+01 4.942732291278997714e+00
3.560078931342755482e+01 4.917607748790259414e+00
3.565108547588086907e+01 4.914560867629599983e+00
3.570094795766028284e+01 4.917426477610289837e+00
3.575062622600737683e+01 4.907173885810292902e+00
3.580091761654597349e+01 4.921222161547883722e+00
3.585068011788996500e+01 4.898454686663892055e+00
3.590063654732295362e+01 4.895146401779356005e+00
3.595064781968525836e+01 4.884306089295266773e+00
3.600064661787772025e+01 4.893528983505833985e+00
3.605065997098245134e+01 4.876247837041612243e+00
3.610055580292227972e+01 4.862042088854248156e+00
3.615066567295489364e+01 4.842132052637705186e+00
3.620070823995840925e+01 4.839776935602403185e+00
3.625063407140827110e+01 4.834892526502962085e+00
3.630053903480800415e+01 4.836777287194582442e+00
3.635076095548847519e+01 4.815549650110291680e+00
3.640064521820000465e+01 4.801595539277764502e+00
3.645059114817902213e+01 4.814562323781267139e+00
3.650037969898852452e+01 4.798697097512152787e+00
3.655041555911058992e+01 4.792279991341299450e+00
3.660066049185408588e+01 4.790100343149664042e+00
3.665073222235510997e+01 4.766778647892892629e+00
3.670097527299056139e+01 4.780628795198155423e+00
3.675066829186678774e+01 4.783696986870690004e+00
3.680079532898415096e+01 4.745185642592087305e+00
3.685063282247625693e+01 4.769491909018897857e+00
3.690036457791557467e+01 4.768236382823468844e+00
3.695044255330601146e+01 4.749693965096326131e+00
3.700056414896440060e+01 4.757917136773912148e+00
3.705061200566700563e+01 4.737059467501298471e+00
3.710054642744190545e+01 4.741453425399403621e+00
3.715099645420669816e+01 4.722641919399844568e+00
3.720099847428265605e+01 4.709808008199458662e+00
3.725092363794612282e+01 4.723881193846991344e+00
3.730065785688235991e+01 4.716752958066887658e+00
3.735047039871516006e+01 4.695641858699535653e+00
3.740074484956132039e+01 4.698636237174962815e+00
3.745078498921309773e+01 4.674953955337803890e+00
3.750081080030444269e+01 4.669950433913379051e+00
3.755066575910367987e+01 4.687023653384173372e+00
3.760075719290531993e+01 4.658797702129170659e+00
3.765058742029950167e+01 4.678794054251077306e+00
3.770070520800517500e+01 4.646507873756341667e+00
3.775074171766122078e+01 4.640000334941049687e+00
3.780054920228933923e+01 4.632922886233434845e+00
3.785028605357963016e+01 4.636558801561402099e+00
3.790014956604337470e+01 4.628817423487668670e+00
3.795070399093049929e+01 4.634574396506444316e+00
3.800064488374761140e+01 4.633749801629284626e+00
3.805063670460460656e+01 4.606185036600932037e+00
3.810066986978391412e+01 4.593170812792259916e+00
3.815047335562729103e+01 4.592052513255016954e+00
3.820070457166085731e+01 4.597994696861733566e+00
3.825054652004534717e+01 4.568303277552575814e+00
3.830059095506936728e+01 4.566895060666036343e+00
3.835060440364230061e+01 4.567448710201387208e+00
3.840060189880973240e+01 4.547039634696138144e+00
3.845047415235990229e+01 4.544993834401034327e+00
3.850045558810032276e+01 4.550407553579879583e+00
3.855068545891874265e+01 4.545687787792900281e+00
3.860077335274264954e+01 4.555563822646623073e+00
3.865079795446190758e+01 4.522121922204158651e+00
3.870069735860561622e+01 4.519705912250162605e+00
3.875074558129854552e+01 4.500481150586566059e+00
3.880072689471128911e+01 4.492807376008934206e+00
3.885070431159810767e+01 4.497655016723104637e+00
3.890076604177426134e+01 4.503697153708109191e+00
3.895077654249089250e+01 4.483171643813343543e+00
3.900065635008523657e+01 4.473127747801758147e+00
3.905068303866070778e+01 4.461630810405120329e+00
3.910086666979864845e+01 4.454224471747314062e+00
3.915075167994284300e+01 4.461470530112149113e+00
3.920080110904684290e+01 4.452969735000639417e+00
3.925051722509476093e+01 4.440897024323990472e+00
3.930049924941769746e+01 4.445322821353427933e+00
3.935068663145851531e+01 4.426926459272286785e+00
3.940062002802714858e+01 4.419324436555497115e+00
3.945094720807892230e+01 4.418689945697022559e+00
3.950072275578882852e+01 4.401296773929419537e+00
3.955068874417335678e+01 4.393007070926087110e+00
3.960047988298316568e+01 4.392539034595366765e+00
3.965028426911310078e+01 4.404630814811270945e+00
3.970050640123277219e+01 4.378307579279528738e+00
3.975057126679874386e+01 4.362224636818289980e+00
3.980063131454883063e+01 4.359614096113880066e+00
3.985062444376308832e+01 4.366903925861119973e+00
3.990046459422952552e+01 4.355403229682318411e+00
3.995030915473805777e+01 4.350239850066553338e+00
4.000070700697658310e+01 4.323401835811951699e+00
4.005068128997515231e+01 4.331528126449095240e+00
4.010049471442144409e+01 4.322889453809898086e+00
4.015069681665188028e+01 4.312074969354851461e+00
4.020082895179550064e+01 4.303035051135764455e+00
4.025072769209087653e+01 4.315406383846625005e+00
4.030051348483454632e+01 4.282146020793510033e+00
4.035072609931964394e+01 4.275831367718996745e+00
4.040037176569849464e+01 4.272316680742582307e+00
4.045042667732217012e+01 4.279769357117423567e+00
4.050053434909590777e+01 4.263630352474881313e+00
4.055043005389622834e+01 4.272663750327462040e+00
4.060045540580550494e+01 4.252970687430853047e+00
4.065048092584816430e+01 4.256574141709276837e+00
4.070078642837128058e+01 4.234523746084189355e+00
4.075040725570445943e+01 4.233210529357374519e+00
4.080059557345823151e+01 4.241816473127884457e+00
4.085087876590859679e+01 4.222028557219639211e+00
4.090052355963207731e+01 4.204457624110797376e+00
4.095053410493387958e+01 4.226787342040267070e+00
4.100046890014794343e+01 4.224987390719569191e+00
4.105055555589980543e+01 4.195941436360218546e+00
4.110055962388238271e+01 4.200423935870607473e+00
4.115058724083828423e+01 4.189372059592263220e+00
4.120063807828946523e+01 4.183730627388499101e+00
4.125078781157126429e+01 4.170082171590682840e+00
4.130070977352312411e+01 4.175516496552958756e+00
4.135072597204173661e+01 4.164174657622288223e+00
4.140062101981526865e+01 4.151237250488437169e+00
4.145046210781828933e+01 4.144419819026118113e+00
4.150064410670492521e+01 4.142456868204138942e+00
4.155055390754394296e+01 4.140759116229165926e+00
4.160071856321656014e+01 4.122925882450973134e+00
4.165062465436843553e+01 4.111260870842636805e+00
4.170074665647079826e+01 4.126956923419812462e+00
4.175092031344095034e+01 4.111138931829563248e+00
4.180083223468388809e+01 4.106097827816677537e+00
4.185091650497393800e+01 4.100835309275559837e+00
4.190058894312653592e+01 4.088629920490093994e+00
4.195057327773436384e+01 4.085277428055941407e+00
4.200054620451269471e+01 4.084520310329519788e+00
4.205070097649376493e+01 4.083117030480972964e+00
4.210104367677791259e+01 4.079568693561523851e+00
4.215062999266064736e+01 4.066364232776768617e+00
4.220062489273367845e+01 4.069552828246273180e+00
4.225072019983769422e+01 4.048381264358035914e+00
4.230080984542261291e+01 4.047426944110132929e+00
4.235048512465247939e+01 4.028862910122772867e+00
4.240039033711827443e+01 4.042394005239956734e+00
4.245058113897258067e+01 4.019869386831959268e+00
4.250051056501101243e+01 4.034727878015843316e+00
4.255075469310492764e+01 4.016652821045344268e+00
4.260088839389085535e+01 4.023581174955467965e+00
4.265066822100642696e+01 3.992056327778435776e+00
4.270042497031288775e+01 3.991696570104691144e+00
4.275056154529104191e+01 3.992345645172342916e+00
4.280061966166783094e+01 3.985274688027447887e+00
4.285072612642605350e+01 3.983070442163942460e+00
4.290063911686539910e+01 3.982378816569683178e+00
4.295047238065683359e+01 3.976445607941466509e+00
4.300068081100387474e+01 3.968293479182566141e+00
4.305065341004009127e+01 3.962055831486194002e+00
4.310092706765931325e+01 3.955158142312896530e+00
4.315079602200330555e+01 3.953654241443361084e+00
4.320049660447120488e+01 3.937683104218311136e+00
4.325044276895134487e+01 3.930803698745500174e+00
4.330057972539024291e+01 3.936550636103228751e+00
4.335073935269073786e+01 3.949269994524118754e+00
4.340062665975187173e+01 3.932277819180363121e+00
4.345083521863485743e+01 3.915125321165648042e+00
4.350080434733149559e+01 3.923065028712801272e+00
4.355066849370164306e+01 3.912700748304310583e+00
4.360066807944897249e+01 3.916186221650837407e+00
4.365063945197720585e+01 3.891174117436590585e+00
4.370057186563911955e+01 3.894114281253529875e+00
4.375058189073340742e+01 3.871426376284746063e+00
4.380066239129499195e+01 3.881907006977356467e+00
4.385070439948531629e+01 3.867132287532784041e+00
4.390071035686884926e+01 3.864302621995630016e+00
4.395067528124658196e+01 3.862575266780737149e+00
4.400082397187517103e+01 3.853534008386031218e+00
4.405064825126752481e+01 3.844122703605461933e+00
4.410055966609562716e+01 3.842144417077975049e+00
4.415064464392477106e+01 3.838976198776047788e+00
4.420062521994253046e+01 3.849423155524991369e+00
4.425074133285379219e+01 3.839044794830994700e+00
4.430056633737652305e+01 3.830888131087740955e+00
4.435070835691129076e+01 3.810901810974537618e+00
4.440078972329759210e+01 3.812186940966010518e+00
4.445074787044538311e+01 3.813229470277504252e+00
4.450068873751220622e+01 3.800377113154636000e+00
4.455068020915655325e+01 3.797085923200122171e+00
4.460077488805040957e+01 3.792559403530321394e+00
4.465062459263209860e+01 3.790844659180107712e+00
4.470071478766311657e+01 3.787768766205021453e+00
4.475070854589100833e+01 3.787042293947508576e+00
4.480054713876269545e+01 3.772172418484279088e+00
4.485054816752502660e+01 3.755834568535713291e+00
4.490070656619563039e+01 3.753119211452156101e+00
4.495070056087058674e+01 3.763171437050507162e+00
4.500056910314840763e+01 3.747661095220792937e+00
4.505070887203213914e+01 3.740459373290906164e+00
4.510061236772134663e+01 3.737030491706068602e+00
4.515073277013259201e+01 3.731514798297182356e+00
4.520069200387877117e+01 3.718104536950420869e+00
4.525066379076972112e+01 3.719572436631962908e+00
4.530070851487537453e+01 3.697260324551848942e+00
4.535066554677655404e+01 3.705429179653659588e+00
4.540070412847448011e+01 3.695987753074682303e+00
4.545055029283572168e+01 3.695725512169822036e+00
4.550056965286096755e+01 3.696623698915472378e+00
4.555054912766672004e+01 3.680236905067076680e+00
4.560058025539878912e+01 3.679123789645104559e+00
4.565062272089560480e+01 3.666582869808369338e+00
4.570060765623707510e+01 3.661375370298424414e+00
4.575072027820378651e+01 3.667419368886406073e+00
4.580063544467018488e+01 3.650397311437730608e+00
4.585061524648342157e+01 3.656836130676984542e+00
4.590038557800846775e+01 3.643369594032800141e+00
4.595044581013677742e+01 3.636402745552977489e+00
4.600053540272723041e+01 3.631459458002856522e+00
4.605059275114101780e+01 3.627389420035357581e+00
4.610084778734601940e+01 3.626178246252352189e+00
4.615078372778435067e+01 3.614473017124831156e+00
4.620079763110578597e+01 3.602756460419371365e+00
4.625069257879680862e+01 3.609287696071036944e+00
4.630076930310873706e+01 3.600488039512430127e+00
4.635061760445957191e+01 3.603384584516148514e+00
4.640048883980021799e+01 3.592507675380996801e+00
4.645059142980773004e+01 3.582181690634864690e+00
4.650073860852782559e+01 3.584590091233475384e+00
4.655062247296019962e+01 3.579666531943931584e+00
4.660054129780100141e+01 3.556908109756983016e+00
4.665067910891992398e+01 3.574645543981481488e+00
4.670057831041176399e+01 3.555428147889780455e+00
4.675073081291679244e+01 3.561880305761341514e+00
4.680064903311568969e+01 3.551343401718718873e+00
4.685054893440595691e+01 3.540888096040267996e+00
4.690047720868597025e+01 3.537786592696128274e+00
4.695055373767551288e+01 3.526923684390260494e+00
4.700068443481134040e+01 3.528493459526229170e+00
4.705054892794714760e+01 3.527627026996421389e+00
4.710090191639649504e+01 3.516211271492916346e+00
4.715086923685525022e+01 3.519866289505373391e+00
4.720079403182356970e+01 3.496190281236851050e+00
4.725071271028107134e+01 3.504406779661016991e+00
4.730064744448333869e+01 3.497401638744398689e+00
4.735056319112582912e+01 3.493850227079476234e+00
4.740048645981774200e+01 3.484184795331416229e+00
4.745072982557754671e+01 3.480224320305266517e+00
4.750080386038112579e+01 3.472679386754911501e+00
4.755087940005583391e+01 3.470158194500200910e+00
4.760072805312179867e+01 3.461674183050694520e+00
4.765067020928979247e+01 3.445807172906037774e+00
4.770065166037148430e+01 3.450463063802694297e+00
4.775059472584882059e+01 3.455289114376346227e+00
4.780054320846981142e+01 3.435373866755385475e+00
4.785051871527539191e+01 3.438549667073210525e+00
4.790068485360295369e+01 3.426862307465231350e+00
4.795068468835729902e+01 3.425191691806575900e+00
4.800081266340075814e+01 3.408435318890418841e+00
4.805067758293061075e+01 3.412166305323784954e+00
4.810057955891159054e+01 3.408845143853339810e+00
4.815065247583424224e+01 3.399569931367847353e+00
4.820058876752798938e+01 3.401857339314364292e+00
4.825062758151098308e+01 3.385713180378071563e+00
4.830050891861813511e+01 3.385215117034055421e+00
4.835059949104871180e+01 3.378783908629716226e+00
4.840061817680124534e+01 3.378557300803280761e+00
4.845059197059676848e+01 3.368411752827140226e+00
4.850071348765496282e+01 3.370509813685881984e+00
4.855070861047948938e+01 3.368222944012857933e+00
4.860079885823664370e+01 3.353267813990291391e+00
4.865073159027676297e+01 3.338748406545390512e+00
4.870062505589664426e+01 3.342894478186781093e+00
4.875064142241748044e+01 3.338713260355798518e+00
4.880070725855863856e+01 3.333089740131996326e+00
4.885077510260894940e+01 3.326601278848346777e+00
4.890071465607211110e+01 3.318947046827015246e+00
4.895074531240822324e+01 3.334475670964761385e+00
4.900073502381767554e+01 3.314963354564419262e+00
4.905077811013303801e+01 3.313264897221830818e+00
4.910070723550170868e+01 3.305986082555748773e+00
4.915070259051960733e+01 3.302119108155681548e+00
4.920063847882943975e+01 3.297674011252170079e+00
4.925059680352623559e+01 3.295291330832034404e+00
4.930058817457437215e+01 3.282595672111462637e+00
4.935066150186425205e+01 3.270995972014460573e+00
4.940082702243974921e+01 3.258195406681799522e+00
4.945071213629248774e+01 3.278414632880919388e+00
4.950066337522281401e+01 3.259964828118905089e+00
4.955070025329212768e+01 3.254496444226465890e+00
4.960068424121411823e+01 3.243495376965113586e+00
4.965064114312914256e+01 3.242860247869196577e+00
4.970072747776619337e+01 3.234444567836937789e+00
4.975072021790703047e+01 3.230675058853127446e+00
4.980057431660738132e+01 3.223445183776932677e+00
4.985075637656007075e+01 3.227320990513222299e+00
4.990071580811433449e+01 3.218432950687064142e+00
4.995063927006449234e+01 3.219416310286575378e+00
5.000060084925996762e+01 3.217439897121998182e+00
5.005045873064565853e+01 3.206443996221115089e+00
5.010048364727365566e+01 3.198013420747587432e+00
5.015058301511334093e+01 3.196146681940017054e+00
5.020059771037254848e+01 3.181149839743589780e+00
5.025046478966564933e+01 3.186461549494598700e+00
5.030058377984222062e+01 3.184494915899682699e+00
5.035069760041683651e+01 3.164327084457231543e+00
5.040084924235802077e+01 3.170048021361524970e+00
5.045068624624399689e+01 3.157164676131100300e+00
5.050060330114866503e+01 3.149820470216421864e+00
5.055056632414860474e+01 3.154981965174129321e+00
5.060048892831081702e+01 3.145045896990570800e+00
5.065076270012374238e+01 3.140566400822371484e+00
5.070074418145034656e+01 3.139349183182888581e+00
5.075072033235919378e+01 3.131283257228706152e+00
5.080056856830650247e+01 3.130218877446234504e+00
5.085063996342848469e+01 3.129433388370178815e+00
5.090079576010987950e+01 3.116795769239208980e+00
5.095067199178613038e+01 3.114178293687099863e+00
5.100077085900777263e+01 3.104461236494452159e+00
5.105066948456282461e+01 3.100142602819357940e+00
5.110067782431391947e+01 3.094916933255779767e+00
5.115071056813979311e+01 3.098083454779770651e+00
5.120086418384877192e+01 3.091516648700443071e+00
5.125089251453216832e+01 3.084829115717430792e+00
5.130069535899511379e+01 3.075344214887923311e+00
5.135077314432863460e+01 3.077046890910568600e+00
5.140079527368695267e+01 3.067807291853875462e+00
5.145076795720253671e+01 3.056638022518749942e+00
5.150067190460001854e+01 3.059331452919642480e+00
5.155055705950405098e+01 3.045873075665610497e+00
5.160060338144170089e+01 3.049631097184929640e+00
5.165077786608629395e+01 3.031275416746232132e+00
5.170079892531500576e+01 3.036844971703251517e+00
5.175076409355646234e+01 3.029645436444821094e+00
5.180081050879348936e+01 3.019414048503592518e+00
5.185063236522091756e+01 3.022336351138856791e+00
5.190063627192509443e+01 3.012139068322543523e+00
5.195045194769984676e+01 3.010474162207828819e+00
5.200055348012200085e+01 3.002835729669945941e+00
5.205073650353721604e+01 3.003747513251068035e+00
5.210082264320564605e+01 2.997314503137977759e+00
5.215074029641194642e+01 2.989581360161455592e+00
5.220060961371469688e+01 2.991202737143857870e+00
5.225071803781900570e+01 2.976183102225238741e+00
5.230056258642265021e+01 2.973469726059362994e+00
5.235053885698353326e+01 2.975721127266696353e+00
5.240052133702501891e+01 2.962059355609858446e+00
5.245061225630747259e+01 2.959762012630735128e+00
5.250071488624668348e+01 2.950158961337281838e+00
5.255058134901026534e+01 2.948063752189511888e+00
5.260070941839639147e+01 2.948145627822575499e+00
5.265077959906204796e+01 2.951131576844484350e+00
5.270071039049599904e+01 2.940165878123494725e+00
5.275067087002464206e+01 2.930728896266542982e+00
5.280057513073043651e+01 2.929152445380040160e+00
5.285048295724897827e+01 2.928092536133694690e+00
5.290064806091204730e+01 2.914963623929470504e+00
5.295076237312280654e+01 2.904732288727164491e+00
5.300071428026349452e+01 2.902672743641683706e+00
5.305094238809233786e+01 2.891360217463535331e+00
5.310087107769089698e+01 2.901769020931133536e+00
5.315076924934483316e+01 2.884523185278306645e+00
5.320050195368721546e+01 2.882456994409497764e+00
5.325049837735429747e+01 2.875646209201975001e+00
5.330065167941499737e+01 2.875748373390872192e+00
5.335069576743354247e+01 2.876943376314205825e+00
5.340090396500927739e+01 2.864517037096028229e+00
5.345084246007032647e+01 2.870538951077393541e+00
5.350083523446005529e+01 2.858598232018294549e+00
5.355075183860127197e+01 2.853996945853493283e+00
5.360082432592102464e+01 2.847678610383943987e+00
5.365091818824257075e+01 2.853151830818539292e+00
5.370059238608737218e+01 2.832890070921985526e+00
5.375066957950130586e+01 2.828223770827702488e+00
5.380067487411135829e+01 2.829984702267471341e+00
5.385058139128504706e+01 2.827975581441108499e+00
5.390070192466438925e+01 2.817619120088245666e+00
5.395078131761895435e+01 2.815927343899594870e+00
5.400058870545096568e+01 2.807957596619566232e+00
5.405068033207550116e+01 2.803711959546727250e+00
5.410072161653349809e+01 2.794722741392587917e+00
5.415067609690787265e+01 2.800764392073721520e+00
5.420060581925445575e+01 2.793430810356349880e+00
5.425053353070867246e+01 2.786192447539254324e+00
5.430068570154838170e+01 2.787742157216985373e+00
5.435066411431858313e+01 2.778969087378308167e+00
5.440080914129376310e+01 2.775386385043406623e+00
5.445080163590567679e+01 2.765984931986738893e+00
5.450081660501099634e+01 2.764779632360419015e+00
5.455078215982349121e+01 2.758983105600160801e+00
5.460050313376459741e+01 2.754452417238168138e+00
5.465064987509153127e+01 2.745647701842878874e+00
5.470081260773268639e+01 2.747014533008236281e+00
5.475070460284505458e+01 2.744593245716187013e+00
5.480047950030435544e+01 2.729546996536202030e+00
5.485062926285060314e+01 2.735129822732012439e+00
5.490064179093323560e+01 2.728185125508281850e+00
5.495054313845735550e+01 2.723251973553142413e+00
5.500079655004624613e+01 2.718965214995867630e+00
5.505072119771764960e+01 2.708327146719979872e+00
5.510064043814401913e+01 2.712842072767640111e+00
5.515067446589753075e+01 2.713899783629413864e+00
5.520076119843602669e+01 2.695807608077008588e+00
5.525078088792644593e+01 2.700237178448745112e+00
5.530081900620841395e+01 2.697551808375438398e+00
5.535082610383302892e+01 2.683384732292362518e+00
5.540073174404310663e+01 2.684551868506745542e+00
5.545062967977569457e+01 2.673758231555769527e+00
5.550057000431460352e+01 2.675760063754892837e+00
5.555071841742697103e+01 2.670399044804852018e+00
5.560062756007631890e+01 2.665139777391561715e+00
5.565055936735502939e+01 2.661481546014220267e+00
5.570060012874240130e+01 2.657428415396130283e+00
5.575053199084554478e+01 2.643655194371882455e+00
5.580071707753494792e+01 2.647949989191329401e+00
5.585068299905342570e+01 2.641455677597755791e+00
5.590076095627701847e+01 2.632044016775603179e+00
5.595061593594395077e+01 2.626108740167058642e+00
5.600059719570929673e+01 2.625212956162635614e+00
5.605071976431674585e+01 2.624205221351259443e+00
5.610071043481956110e+01 2.617600593693953481e+00
5.615079356577659553e+01 2.614458850509159937e+00
5.620061827311953806e+01 2.610959513041944291e+00
5.625076579374169228e+01 2.602108298263550168e+00
5.630076324283498934e+01 2.597830281784980322e+00
5.635054101137028226e+01 2.587389828690813243e+00
5.640050948138840425e+01 2.591940541058213920e+00
5.645054455800144666e+01 2.587543338895403888e+00
5.650073481325052427e+01 2.581117731540278459e+00
5.655073477457435871e+01 2.569207929891552666e+00
5.660073824559485445e+01 2.567028521559604037e+00
5.665074086704029810e+01 2.571910671197124021e+00
5.670079376222318501e+01 2.565774149147677097e+00
5.675065281761889935e+01 2.556046533177710245e+00
5.680050522544234326e+01 2.555178008793809408e+00
5.685029008354570834e+01 2.553618015159527577e+00
5.690039644117692319e+01 2.543796421778757200e+00
5.695066971981956527e+01 2.543277599055101312e+00
5.700060778658993144e+01 2.532843987832332111e+00
5.705072362469287839e+01 2.535463689108377938e+00
5.710062844583793407e+01 2.528000029147720706e+00
5.715063642460044946e+01 2.522378868668134988e+00
5.720052563749149499e+01 2.519463630068835780e+00
5.725057250158966582e+01 2.511983950655051867e+00
5.730070061666543069e+01 2.506772390044785137e+00
5.735059468705980379e+01 2.502604047225916784e+00
5.740068046681047065e+01 2.501104675794866061e+00
5.745062246045310417e+01 2.502229694019869388e+00
5.750071044277198240e+01 2.494025030336332716e+00
5.755079038725750706e+01 2.489983041735062130e+00
5.760081478585422587e+01 2.481670589732775323e+00
5.765084819486575185e+01 2.476191292293161261e+00
5.770069974390386847e+01 2.475034541755558593e+00
5.775064567173122754e+01 2.464115678124893627e+00
5.780071185781467591e+01 2.468559063857256763e+00
5.785070888559319968e+01 2.451968209086032413e+00
5.790063092839579895e+01 2.455553357780563939e+00
5.795076274408464201e+01 2.461323215245284857e+00
5.800068408155547672e+01 2.439775053148181438e+00
5.805066207662181199e+01 2.437813009181915014e+00
5.810058441680767771e+01 2.439579218774007963e+00
5.815050057807743400e+01 2.436859139760820359e+00
5.820058481270466899e+01 2.432539194933004190e+00
5.825054799922251192e+01 2.428509266705386693e+00
5.830062176282278585e+01 2.419486697311603596e+00
5.835064111592163982e+01 2.411441403502276870e+00
5.840075419903320153e+01 2.411138313384999066e+00
5.845083088551552919e+01 2.406946022071385638e+00
5.850080154356264472e+01 2.404270515288287058e+00
5.855080032980847449e+01 2.397446396595750873e+00
5.860057089650905482e+01 2.395629924158751312e+00
5.865057581360016314e+01 2.396213938554566436e+00
5.870061249080675481e+01 2.383298381388066378e+00
5.875063584132967520e+01 2.393420343370931569e+00
5.880052804622530971e+01 2.377853686777360753e+00
5.885049062313584045e+01 2.374404294174997432e+00
5.890068540929838292e+01 2.373248926322509611e+00
5.895074667686701986e+01 2.368748896810622728e+00
5.900079285975216692e+01 2.365451071801864202e+00
5.905072163601161606e+01 2.357129202276862401e+00
5.910053840968517136e+01 2.353232850466614678e+00
5.915055836907099263e+01 2.350495318433173164e+00
5.920078583096847069e+01 2.343447091450483022e+00
5.925078445624479428e+01 2.346357774170274357e+00
5.930073572141976967e+01 2.342833474432323815e+00
5.935077471148129291e+01 2.329535181187051940e+00
5.940084008989509812e+01 2.324144435798776609e+00
5.945076794887749827e+01 2.323810289852721755e+00
5.950063683779239909e+01 2.328638660053501397e+00
5.955077877209936332e+01 2.316602877139942063e+00
5.960060236443837312e+01 2.312893321153065340e+00
5.965054645934751676e+01 2.308795691210523859e+00
5.970063068222594893e+01 2.305302720347433443e+00
5.975062169048680261e+01 2.302038128806000561e+00
5.980081898179457056e+01 2.298680540486183421e+00
5.985070991520160533e+01 2.288127789487830466e+00
5.990063533403414198e+01 2.289657540526339741e+00
5.995058497985625223e+01 2.280316036632857646e+00
6.000058384167378733e+01 2.278595660510965182e+00
6.005053987652184588e+01 2.278773077998666796e+00
6.010045421237759911e+01 2.275188906444007397e+00
6.015064859381300977e+01 2.268078979593256772e+00
6.020071100610303461e+01 2.267847666975630450e+00
6.025064422090846250e+01 2.265655396399500532e+00
6.030080715923693901e+01 2.249039563749280379e+00
6.035080229029196630e+01 2.250900307880915552e+00
6.040061132077143924e+01 2.243945854113955640e+00
6.045063089445540783e+01 2.244010749792410220e+00
6.050051327979302584e+01 2.240388484915766920e+00
6.055046586021543931e+01 2.236130637566668966e+00
6.060066561403655072e+01 2.237408260027093476e+00
6.065060531728364168e+01 2.225776508758757100e+00
6.070058213762547439e+01 2.220223055478737884e+00
6.075049250711255411e+01 2.218934942834298152e+00
6.080072220556943563e+01 2.217222457378612788e+00
6.085080501817724041e+01 2.205572860099592525e+00
6.090072241368302031e+01 2.198483984715859485e+00
6.095072344314405655e+01 2.199448089294082642e+00
6.100064471556180479e+01 2.195418791437259376e+00
6.105074558218583292e+01 2.193181548088953825e+00
6.110075563535039578e+01 2.194987677172256735e+00
6.115084051183571034e+01 2.187683930978791658e+00
6.120073852296442141e+01 2.185152341915809426e+00
6.125069677240534105e+01 2.174499897810121318e+00
6.130078678126051983e+01 2.178086721223807309e+00
6.135074668185310287e+01 2.169303046706362537e+00
6.140074771504353635e+01 2.161715528046578072e+00
6.145066576833651339e+01 2.162200733881240122e+00
6.150056726797252082e+01 2.157722357080743780e+00
6.155052199605525942e+01 2.155598662802395094e+00
6.160067465714389101e+01 2.149237264360794430e+00
6.165067242892764909e+01 2.146344438191209125e+00
6.170067030649844497e+01 2.141036848603365961e+00
6.175066561361092710e+01 2.137847733269687467e+00
6.180067991116586512e+01 2.136614693446088786e+00
6.185058426725945679e+01 2.128491711861841384e+00
6.190038579212198044e+01 2.127888061419083154e+00
6.195062912658430321e+01 2.121930137559367324e+00
6.200054455848771084e+01 2.123654224843404936e+00
6.205045608676216062e+01 2.120453197689699643e+00
6.210065680711953462e+01 2.112561940585761633e+00
6.215064819109176142e+01 2.105412010253980171e+00
6.220063023545002778e+01 2.103889369550801192e+00
6.225056036774524415e+01 2.098072765982458510e+00
6.230057029581633543e+01 2.090801552982976652e+00
6.235056477868997149e+01 2.090450057604903655e+00
6.240070311510407208e+01 2.087283325756183583e+00
6.245087981397324484e+01 2.082706907209971536e+00
6.250075171045033784e+01 2.078233205951387941e+00
6.255079729562886115e+01 2.075564691015684637e+00
6.260063960014294082e+01 2.071017359542648428e+00
6.265063784798040558e+01 2.062676893218198693e+00
6.270068305958778154e+01 2.065063709608559339e+00
6.275066561381144226e+01 2.054603463992707546e+00
6.280070487697192050e+01 2.052467910466914347e+00
6.285071948848923284e+01 2.052188092420373255e+00
6.290083993008494190e+01 2.047231297532822403e+00
6.295081676641085977e+01 2.045082697354166257e+00
6.300068683398932734e+01 2.040786569486788604e+00
6.305066180073792736e+01 2.037128799607535790e+00
6.310071566505131813e+01 2.033799412517864003e+00
6.315063473160932972e+01 2.030122275360109807e+00
6.320071410390065125e+01 2.024942770386276347e+00
6.325070212739828435e+01 2.024835384206378652e+00
6.330067373965293598e+01 2.023765404431191683e+00
6.335086637769684614e+01 2.012502572424551328e+00
6.340075853883547552e+01 2.011345875086657742e+00
6.345085909834993743e+01 2.007573038785655406e+00
6.350074052305416927e+01 2.000262064406459483e+00
6.355074211049213773e+01 1.997191009045539589e+00
6.360070004991064252e+01 1.990831524630530369e+00
6.365046078357857340e+01 1.994916037199480296e+00
6.370059063423332191e+01 1.989668115476672439e+00
6.375058423596151158e+01 1.981400952286171080e+00
6.380070654720426404e+01 1.976620719095979695e+00
6.385073591118687375e+01 1.978026406261883530e+00
6.390071077096509811e+01 1.971232302389563706e+00
6.395066974511460245e+01 1.967152064229770625e+00
6.400073832788034167e+01 1.964482454849067583e+00
6.405072727132748867e+01 1.959371375766709500e+00
6.410042485383993949e+01 1.955790232081879854e+00
6.415040342529097472e+01 1.951999841003390967e+00
6.420058933624704878e+01 1.947861811683815114e+00
6.425075689310219218e+01 1.944532011452241749e+00
6.430074059785791007e+01 1.937489454874532280e+00
6.435073239392266942e+01 1.940422409888787669e+00
6.440068334788421112e+01 1.934976339253087652e+00
6.445081674355536450e+01 1.930632649321263550e+00
6.450077001850063141e+01 1.923664330610735718e+00
6.455062786306609723e+01 1.920311092776276762e+00
6.460074774320564472e+01 1.916347709344407235e+00
6.465057417145177965e+01 1.916510623315261785e+00
6.470063659512929632e+01 1.911466318431585432e+00
6.475068947408398401e+01 1.908446387953643963e+00
6.480066604957306708e+01 1.905843401838504425e+00
6.485070380543818658e+01 1.904401985412018661e+00
6.490082017193319075e+01 1.896684680240380283e+00
6.495091978387250720e+01 1.891795715823175295e+00
6.500079650806792131e+01 1.889328408322714647e+00
6.505077306231818568e+01 1.885735745152321563e+00
6.510072438062935873e+01 1.882183214559495887e+00
6.515060376587864255e+01 1.883318911030415821e+00
6.520062617090036383e+01 1.871079450436774927e+00
6.525067363761262129e+01 1.873030649554430438e+00
6.530069142186557940e+01 1.868591938061403779e+00
6.535065255382559712e+01 1.861028020402646588e+00
6.540072432906758593e+01 1.863754304871833467e+00
6.545072134725472779e+01 1.856855623273452549e+00
6.550067517520525939e+01 1.854687408082828393e+00
6.555061567814142620e+01 1.849012795716018287e+00
6.560071804978089460e+01 1.850087231478593663e+00
6.565074992402898602e+01 1.844697818370323539e+00
6.570073563602359457e+01 1.846223436764880432e+00
6.575081836235639798e+01 1.837702608060058695e+00
6.580067310797147684e+01 1.837168627364586859e+00
6.585061954733382095e+01 1.829200578963829260e+00
6.590052302224263769e+01 1.828248682661257618e+00
6.595052826667320289e+01 1.823506956904529908e+00
6.600053918408119102e+01 1.824429758658027589e+00
6.605046954238856927e+01 1.815832208384137614e+00
6.610057363466796687e+01 1.811065757577068558e+00
6.615059008408327657e+01 1.810553155868555475e+00
6.620061791133673523e+01 1.807546995945447987e+00
6.625064855268836084e+01 1.798749298223502935e+00
6.630072856218191646e+01 1.800340921192375099e+00
6.635065875684698256e+01 1.797321434990474032e+00
6.640064264940966154e+01 1.793424483256895297e+00
6.645073824784918770e+01 1.789957046372152139e+00
6.650067115149393260e+01 1.784585376648035959e+00
6.655065369910670370e+01 1.779515883973952217e+00
6.660067342842303617e+01 1.780416080526128209e+00
6.665061323825229067e+01 1.775057980090880783e+00
6.670060323996554530e+01 1.774067887687545086e+00
6.675068430972328315e+01 1.766454756753450317e+00
6.680058418726099490e+01 1.762906543125789538e+00
6.685071694749524340e+01 1.760161792984550111e+00
6.690068793049118767e+01 1.754380771711821829e+00
6.695061923607941878e+01 1.752966729791574974e+00
6.700068639194881825e+01 1.750297916587573832e+00
6.705067682126600914e+01 1.745848538354519919e+00
6.710077604805209717e+01 1.742374958379169003e+00
6.715060699182339476e+01 1.738827828413864518e+00
6.720066061294389215e+01 1.737147884870025916e+00
6.725075986721213894e+01 1.731161528271084604e+00
6.730052522264658421e+01 1.728046333467710527e+00
6.735062924116799365e+01 1.725699314767258130e+00
6.740060732150529077e+01 1.724668635718460408e+00
6.745053620466653399e+01 1.714310568448064398e+00
6.750066425390348002e+01 1.714306702641100077e+00
6.755082937688051459e+01 1.714705388676649012e+00
6.760072503679658951e+01 1.707578440225087979e+00
6.765062988820275791e+01 1.704276370174423461e+00
6.770069412468146197e+01 1.701851017840836588e+00
6.775062100887190297e+01 1.697831300737409954e+00
6.780056248816653408e+01 1.694677236732043513e+00
6.785055195196578381e+01 1.685709125561368760e+00
6.790059441818515040e+01 1.686424396431764006e+00
6.795044836699864277e+01 1.685177872422538359e+00
6.800048085798178477e+01 1.679535657284348282e+00
6.805067835923897235e+01 1.677924973230998207e+00
6.810072656466435603e+01 1.670650509978249820e+00
6.815070145771700538e+01 1.667089349149444288e+00
6.820064337944950239e+01 1.670572101912560781e+00
6.825063037684658696e+01 1.659402503296491416e+00
6.830061409162452435e+01 1.660121870936061450e+00
6.835082789549002769e+01 1.656202157635826788e+00
6.840074162891980336e+01 1.651923337810155656e+00
6.845061665390170447e+01 1.649088804747819381e+00
6.850060607525895762e+01 1.645201784722419402e+00
6.855041616181789266e+01 1.642834238618946507e+00
6.860055351875693930e+01 1.638862013276143337e+00
6.865067407391181575e+01 1.638094876184685633e+00
6.870082429657925616e+01 1.636191115768847792e+00
6.875066073594551597e+01 1.629004698702910314e+00
6.880065260215600631e+01 1.626419518386079899e+00
6.885081659029681589e+01 1.622376191986213190e+00
6.890064504945875967e+01 1.620963167146053152e+00
6.895067122144425298e+01 1.614365827090912475e+00
6.900074781618619113e+01 1.610163018914938959e+00
6.905078903998277440e+01 1.608394050510341566e+00
6.910062926068043510e+01 1.606882298801512787e+00
6.915076312115429857e+01 1.605346193518810249e+00
6.920087728366590341e+01 1.598274694632679571e+00
6.925064015234329418e+01 1.598312093908646148e+00
6.930071161473770758e+01 1.593716600359764257e+00
6.935069662042847938e+01 1.589444400534819168e+00
6.940067336527617670e+01 1.586198186596308402e+00
6.945052358078594068e+01 1.583247261057213473e+00
6.950069882003045052e+01 1.580951432734337025e+00
6.955065043974518346e+01 1.573478168112644182e+00
6.960063238637687277e+01 1.575424416471908895e+00
6.965076356245934619e+01 1.571716139515126454e+00
6.970066267261935877e+01 1.564874431542921496e+00
6.975077150840287743e+01 1.565480743470174518e+00
6.980064065908266002e+01 1.560206465384595509e+00
6.985059517066410706e+01 1.559517223371926331e+00
6.990058917780882553e+01 1.554888733814065338e+00
6.995052199767907553e+01 1.551716748755716413e+00
7.000053278111315080e+01 1.547876759706158456e+00
7.005054756946375960e+01 1.542799794792869106e+00
7.010071906655107910e+01 1.539780856980141888e+00
7.015073724783538012e+01 1.538733273417216108e+00
7.020076257112617668e+01 1.537644217559555049e+00
7.025071380996972437e+01 1.533408754103525951e+00
7.030079663510109356e+01 1.530222726925719368e+00
7.035073212561979972e+01 1.527637587968926347e+00
7.040052429241477228e+01 1.528635532324327695e+00
7.045058297496383659e+01 1.521993444963655184e+00
7.050059401138639714e+01 1.520999964446385855e+00
7.055066771787184621e+01 1.514166609687475518e+00
7.060067847038419586e+01 1.508812908748893289e+00
7.065080545095293019e+01 1.510708868093363799e+00
7.070079978376851670e+01 1.505619183329269140e+00
7.075070557410046490e+01 1.499249969334889743e+00
7.080069760468173001e+01 1.500325006148764961e+00
7.085076568503940564e+01 1.498193633875337660e+00
7.090068528896773614e+01 1.489420684018165852e+00
7.095067439269951137e+01 1.487126556120281551e+00
7.100072450262976531e+01 1.486806508046263575e+00
7.105057251719182432e+01 1.481775439714185794e+00
7.110068585668089725e+01 1.479229227666893465e+00
7.115074285288213218e+01 1.476637377704937526e+00
7.120076272882748469e+01 1.472573532341281854e+00
7.125077295257317189e+01 1.472657298733668130e+00
7.130061307931975989e+01 1.466958282434029481e+00
7.135057697783859965e+01 1.464949400131641877e+00
7.140051818309896703e+01 1.460190136018720386e+00
7.145058945612221635e+01 1.457718735996712311e+00
7.150064250041292269e+01 1.452731101502558797e+00
7.155074281030603345e+01 1.450804917245456016e+00
7.160077175329789156e+01 1.448872998586584471e+00
7.165072107790369671e+01 1.444510049771822846e+00
7.170061197859612889e+01 1.445346490514103133e+00
7.175068484188005868e+01 1.437084795888861732e+00
7.180069797357522532e+01 1.438624468433104431e+00
7.185052908346605705e+01 1.433225434866925552e+00
7.190049244058428712e+01 1.431459222749509763e+00
7.195053709001591358e+01 1.427659380359814545e+00
7.200073012147062457e+01 1.429371216399196065e+00
7.205075630080007443e+01 1.422696734938643015e+00
7.210071330313708415e+01 1.419023699358787471e+00
7.215064984114650315e+01 1.417068118110245800e+00
7.220059128500021473e+01 1.414537341106803181e+00
7.225074277424388924e+01 1.411099056289283338e+00
7.230070284600866160e+01 1.408899354358262412e+00
7.235076160584758043e+01 1.406587727185928172e+00
7.240070180179232295e+01 1.402385135012767625e+00
7.245056331583070630e+01 1.398288324903661062e+00
7.250071177019162860e+01 1.398137386121672376e+00
7.255074361448450304e+01 1.394552916121361896e+00
7.260075840165679040e+01 1.390941497867803855e+00
7.265067087776864696e+01 1.387688209363022507e+00
7.270069141245362232e+01 1.383529584875267116e+00
7.275062612949844265e+01 1.381202290649417685e+00
7.280060566645578035e+01 1.378086556712059041e+00
7.285083494007679406e+01 1.375915879970220912e+00
7.290074926781362308e+01 1.372520871063209524e+00
7.295071018587948686e+01 1.370980229736632916e+00
7.300075757484900407e+01 1.364134247155155855e+00
7.305066473261940985e+01 1.366591517788487531e+00
7.310065101246341612e+01 1.361609340680148605e+00
7.315065952968613772e+01 1.360482926017659855e+00
7.320053081975895282e+01 1.353897901023203953e+00
7.325048511196247603e+01 1.353906713415672591e+00
7.330055218649900439e+01 1.350055014035632217e+00
7.335057734944857089e+01 1.346806866264004698e+00
7.340073750616149084e+01 1.344324453236104722e+00
7.345066119334092036e+01 1.342523248041653128e+00
7.350069271235936696e+01 1.343411120483605004e+00
7.355065125487764988e+01 1.334733254584422601e+00
7.360067355715841586e+01 1.336443147158407063e+00
7.365065198231539512e+01 1.330065293613879041e+00
7.370058815992244661e+01 1.330184273589846811e+00
7.375074490261759763e+01 1.325431877737876629e+00
7.380071985283433378e+01 1.321946054003940274e+00
7.385058263397081646e+01 1.320480988176227610e+00
7.390056078789331195e+01 1.315403291187276613e+00
7.395068617524700016e+01 1.314351252196278574e+00
7.400068845601435896e+01 1.311569705392976903e+00
7.405069234902053665e+01 1.309849248449655112e+00
7.410075148925902511e+01 1.305070121648775672e+00
7.415065451124954166e+01 1.300627985237272188e+00
7.420056880557223167e+01 1.300395136428472709e+00
7.425046977775809864e+01 1.298584272008828533e+00
7.430067703812518687e+01 1.296801059359985242e+00
7.435078812041055585e+01 1.291405719503019078e+00
7.440072909355558295e+01 1.288267828609944932e+00
7.445069986529563266e+01 1.289073677089013881e+00
7.450061340117312625e+01 1.283935865348731387e+00
7.455057097008574374e+01 1.282938828821468258e+00
7.460055163076238216e+01 1.280598239322998211e+00
7.465072268894796537e+01 1.275617903696141475e+00
7.470068041522551994e+01 1.274247919420708364e+00
7.475074307693199671e+01 1.271482058438903273e+00
7.480074283832119875e+01 1.271353370474799460e+00
7.485075224222836709e+01 1.265862682063899847e+00
7.490079641521823817e+01 1.265089856223255982e+00
7.495062089049905296e+01 1.260777049515816373e+00
7.500065700575025573e+01 1.260870023438948939e+00
7.505060954964648090e+01 1.254956298013393257e+00
7.510068713387616413e+01 1.253136156120823852e+00
7.515072625551053420e+01 1.251234034019679475e+00
7.520069140860303492e+01 1.247493305828941246e+00
7.525086333528427929e+01 1.243696911766506874e+00
7.530082937888276717e+01 1.242250873911238340e+00
7.535074694540101348e+01 1.238825424623837712e+00
7.540074504067418104e+01 1.234698069362608619e+00
7.545074662538237931e+01 1.234411909011793096e+00
7.550056337259302097e+01 1.230019206003200027e+00
7.555052049369368206e+01 1.227600709241748467e+00
7.560065310698057317e+01 1.227598228119661572e+00
7.565075416816121390e+01 1.223975632648879541e+00
7.570071701664222985e+01 1.220474410714167401e+00
7.575061222851250875e+01 1.215845663066682514e+00
7.580065553187749572e+01 1.213919117807979342e+00
7.585058469350046551e+01 1.214164989206870437e+00
7.590066946690396321e+01 1.209468764339346469e+00
7.595068836056216810e+01 1.208965796703296736e+00
7.600060267883431209e+01 1.203823355343765389e+00
7.605067801604742783e+01 1.204246429408270869e+00
7.610063384076626392e+01 1.198791367362276317e+00
7.615078978067847970e+01 1.197656687814548926e+00
7.620064171822374988e+01 1.196030900650401518e+00
7.625054711672333951e+01 1.190731751227140922e+00
7.630061089920927486e+01 1.189156428477815997e+00
7.635063093560049197e+01 1.190674100080185482e+00
7.640070055742589261e+01 1.185281051088890480e+00
7.645076656619778532e+01 1.183946693818363372e+00
7.650077950005926652e+01 1.182004308006163518e+00
7.655064655604263635e+01 1.176526160988542458e+00
7.660067666767272954e+01 1.174844601201285199e+00
7.665071231411040742e+01 1.172928855957409811e+00
7.670071940767236640e+01 1.168756434592368665e+00
7.675062818207145199e+01 1.169094057836967293e+00
7.680054458200679335e+01 1.164848006017151771e+00
7.685066700412623675e+01 1.163174146935710418e+00
7.690075471397413764e+01 1.161265741075919289e+00
7.695071244317165338e+01 1.155620064380662004e+00
7.700064457769639148e+01 1.156708556811442135e+00
7.705070218816516103e+01 1.153860450494749834e+00
7.710061276796189134e+01 1.151649502061244723e+00
7.715066621205893682e+01 1.149580321457255971e+00
7.720073160652232502e+01 1.145351831269185938e+00
7.725066506753948659e+01 1.145353141490274895e+00
7.730053675289693160e+01 1.140164662863736078e+00
7.735056956870909062e+01 1.138841830571180491e+00
7.740076694830369775e+01 1.134233420489660027e+00
7.745065508889175021e+01 1.132851192504975790e+00
7.750075270658241777e+01 1.129219942061037818e+00
7.755075245463144995e+01 1.127051269519446342e+00
7.760063065984935804e+01 1.125089718449580944e+00
7.765070321575937839e+01 1.122769670020915767e+00
7.770058184131811174e+01 1.121137999352214365e+00
7.775045631228616116e+01 1.120191563791171241e+00
7.780052299955025319e+01 1.116313899945367893e+00
7.785061811322584902e+01 1.113439989094034743e+00
7.790069755814592156e+01 1.110683280319517907e+00
7.795066993509645670e+01 1.108450914625259687e+00
7.800070320426156911e+01 1.104223128021200484e+00
7.805076988395472881e+01 1.106716776357718146e+00
7.810068407994884865e+01 1.099820846634743443e+00
7.815063458329811397e+01 1.099309936765940909e+00
7.820071803115827436e+01 1.098679397320462492e+00
7.825068518292077613e+01 1.095877182640638381e+00
7.830071889907812022e+01 1.093340254086846430e+00
7.835056505199914056e+01 1.091251403800135966e+00
7.840063876811422006e+01 1.087351984079577560e+00
7.845076724820752645e+01 1.084263697715780905e+00
7.850062601688682662e+01 1.084532558374212918e+00
7.855066047661884454e+01 1.081221801923968995e+00
7.860066278381508198e+01 1.079732082166314555e+00
7.865070105683354029e+01 1.075695973668923999e+00
7.870060604587553144e+01 1.074274718042423471e+00
7.875065355180748838e+01 1.071298976488038956e+00
7.880076615489335268e+01 1.070994317805533891e+00
7.885061970150083255e+01 1.065499972529820427e+00
7.890069512598000756e+01 1.065155799116172641e+00
7.895064125650461051e+01 1.062015047917808763e+00
7.900061784463736103e+01 1.058585057151527398e+00
7.905068260470351049e+01 1.058957705680791728e+00
7.910073358004940758e+01 1.053489158252010061e+00
7.915067984073604634e+01 1.051320048151378028e+00
7.920060072632530535e+01 1.050217757874735369e+00
7.925070991771819706e+01 1.050103839617695378e+00
7.930076053603696096e+01 1.047134465997479280e+00
7.935075064956362212e+01 1.044140112420194333e+00
7.940072547750777687e+01 1.043297208289076572e+00
7.945072593113725645e+01 1.040974179366295438e+00
7.950062416114546693e+01 1.038149764141482967e+00
7.955061268565088994e+01 1.034520452763026288e+00
7.960060482791865866e+01 1.033452064270054871e+00
7.965063779017333445e+01 1.030281622692014842e+00
7.970067764707702906e+01 1.027937677031316444e+00
7.975065797923312516e+01 1.025609186271119633e+00
7.980064729418937475e+01 1.022584471874866230e+00
7.985057682223765596e+01 1.022244699349892372e+00
7.990072276115488137e+01 1.018805996886659626e+00
7.995070094938157013e+01 1.017418576317753232e+00
8.000052005949608258e+01 1.014420843387576765e+00
8.005064756019791616e+01 1.012836260404997413e+00
8.010064291399586978e+01 1.010104472299994782e+00
8.015065323523694474e+01 1.008260474085259428e+00
8.020069045907618488e+01 1.006488917627670787e+00
8.025074546367891060e+01 1.005959605567943616e+00
8.030068054365692376e+01 1.001959000669500721e+00
8.035062933392651985e+01 9.986639149443949925e-01
8.040062023743929842e+01 9.957713961153055182e-01
8.045058262634873358e+01 9.945926404603979698e-01
8.050060482323091549e+01 9.914691653469068777e-01
8.055065814041469707e+01 9.899226450693677792e-01
8.060061381781277134e+01 9.874810322364212523e-01
8.065049163168612267e+01 9.855877613223473777e-01
8.070067864682820868e+01 9.848426359654313123e-01
8.075072719419868861e+01 9.814184501949206885e-01
8.080069560119804351e+01 9.789678915459784081e-01
8.085072720008511737e+01 9.773200601008255051e-01
8.090059918459566290e+01 9.748789355046284522e-01
8.095069797226732078e+01 9.741835943449452806e-01
8.100072628747037129e+01 9.696299938065801038e-01
8.105066596491020903e+01 9.673414827389419379e-01
8.110053491390247871e+01 9.666267288039436245e-01
8.115064581461599857e+01 9.621265910841793056e-01
8.120071780755598922e+01 9.624421449715893084e-01
8.125056913049471063e+01 9.605468734979371037e-01
8.130062388841243148e+01 9.573092991548298736e-01
8.135060192578023930e+01 9.551548280559957194e-01
8.140059573350035294e+01 9.510436956177518164e-01
8.145064012854679447e+01 9.511333129378507500e-01
8.150073120039212426e+01 9.478847045896117152e-01
8.155075503725153396e+01 9.480946264870298013e-01
8.160059776271727117e+01 9.451333902264428266e-01
8.165051497760852328e+01 9.437636184944131479e-01
8.170062372795770500e+01 9.428641438978162537e-01
8.175068324348895032e+01 9.364695870107581088e-01
8.180065868057219802e+01 9.358560958983540568e-01
8.185060801216476989e+01 9.344829078341536643e-01
8.190060720797325189e+01 9.317410586881257339e-01
8.195073278306765019e+01 9.307230478836672205e-01
8.200068153483279332e+01 9.273804223905628419e-01
8.205065042937812336e+01 9.256604593522028690e-01
8.210065865687079167e+01 9.249039508783374330e-01
8.215069729564295642e+01 9.223223006943899183e-01
8.220080441105518787e+01 9.187364244646225586e-01
8.225072343998640179e+01 9.178230905494899616e-01
8.230069607718056091e+01 9.153572126848882329e-01
8.235055660277505751e+01 9.127365002257268323e-01
8.240063280819842362e+01 9.132053625330088797e-01
8.245071308585386305e+01 9.092629207797617852e-01
8.250065070222582619e+01 9.081058506718120427e-01
8.255080999539379150e+01 9.052381887778003788e-01
8.260060794064355605e+01 9.038064850864827582e-01
8.265058351342750598e+01 9.013474641381657992e-01
8.270070238389254769e+01 8.995433673870297797e-01
8.275059535776185271e+01 8.986089613109861096e-01
8.280068193384541075e+01 8.946115942295577161e-01
8.285065930747785501e+01 8.938876616002473519e-01
8.290056246277856644e+01 8.916908879825329315e-01
8.295061443318822114e+01 8.905484746798217888e-01
8.300069792099935739e+01 8.888217936405432562e-01
8.305058996061495691e+01 8.875523604599471206e-01
8.310064085671682221e+01 8.845194217566719752e-01
8.315062839157525332e+01 8.822375797866001124e-01
8.320060878384710179e+01 8.806102364891610357e-01
8.325063442827286053e+01 8.774725981648161532e-01
8.330056709054171904e+01 8.762937677418295435e-01
8.335053931775884450e+01 8.762556201462373684e-01
8.340053635319384284e+01 8.713511980395716172e-01
8.345063121432903586e+01 8.715036149305968038e-01
8.350055041619420138e+01 8.699734536531694706e-01
8.355057364268577658e+01 8.666336053216119328e-01
8.360054898998552630e+01 8.660459977750317728e-01
8.365051669125759304e+01 8.624701444952392881e-01
8.370058038604668127e+01 8.620296921029737547e-01
8.375051134911305439e+01 8.600480912729522309e-01
8.380059453927552227e+01 8.567633585001842578e-01
8.385050780487192412e+01 8.549789389676927254e-01
8.390061381005928354e+01 8.534012291703546582e-01
8.395070682904152193e+01 8.508485578153238693e-01
8.400061587044575617e+01 8.501670233946791999e-01
8.405066926691544893e+01 8.471647800262295247e-01
8.410062548643203684e+01 8.453444741985995936e-01
8.415073495725221164e+01 8.427253715238084419e-01
8.420083725162690769e+01 8.431149806891463649e-01
8.425076531496900145e+01 8.407141067737923246e-01
8.430060680776267645e+01 8.373803367921984764e-01
8.435055764847578530e+01 8.356271140221848137e-01
8.440061002678389457e+01 8.340136408480213204e-01
8.445077491139556969e+01 8.325664871181760462e-01
8.450078817497008288e+01 8.304692207159312112e-01
8.455074589247141148e+01 8.289082907326087435e-01
8.460073437873982982e+01 8.295226339412774541e-01
8.465066113206482612e+01 8.249574777474222298e-01
8.470071557061724832e+01 8.243409623033430833e-01
8.475065115121917358e+01 8.226517899763438058e-01
8.480063418980859069e+01 8.200642734407856960e-01
8.485066460852381454e+01 8.181519781649587708e-01
8.490062758450689273e+01 8.169705713459111118e-01
8.495075405742173302e+01 8.141891641245193600e-01
8.500058128620887032e+01 8.139461910041178028e-01
8.505052608964408023e+01 8.109934328649747171e-01
8.510053595481066679e+01 8.093549968509624604e-01
8.515058491547064534e+01 8.083324864322096737e-01
8.520072267622893492e+01 8.056801273806697417e-01
8.525065297660262331e+01 8.027063974733764651e-01
8.530061146004418049e+01 8.020618342445827720e-01
8.535060342914304954e+01 7.994620052768168783e-01
8.540066745759193623e+01 7.994184332979660246e-01
8.545060895460365202e+01 7.966828003284832649e-01
8.550057032255175216e+01 7.952335207000080786e-01
8.555068495657442895e+01 7.931042712549909446e-01
8.560067515382100112e+01 7.919178955681861476e-01
8.565063647086222431e+01 7.907019622274444881e-01
8.570064579552558826e+01 7.891040730483291910e-01
8.575057251211694620e+01 7.872279463935137889e-01
8.580052390842315901e+01 7.840564367207110141e-01
8.585064788181922779e+01 7.832981383385398955e-01
8.590060852984082373e+01 7.811628202285431088e-01
8.595061963450514497e+01 7.798764002449763977e-01
8.600070284410818999e+01 7.794937937130120842e-01
8.605072317602213161e+01 7.772069689315225238e-01
8.610074865953444601e+01 7.751912489597336808e-01
8.615063984349956172e+01 7.729404095693258592e-01
8.620071096469301608e+01 7.723369331876671628e-01
8.625059084022993261e+01 7.710122762043855049e-01
8.630065609635799717e+01 7.691659804915125243e-01
8.635072959374187462e+01 7.671287184592417985e-01
8.640061506888987708e+01 7.650526046714151152e-01
8.645069549907235285e+01 7.640426459386207014e-01
8.650064856629455790e+01 7.626747239576994186e-01
8.655065267582149602e+01 7.580110767528209781e-01
8.660062065985762558e+01 7.591524542543246490e-01
8.665063139598194653e+01 7.578079089333865648e-01
8.670069926104542901e+01 7.563160433578350883e-01
8.675061813732774851e+01 7.546639183021680575e-01
8.680063599026416910e+01 7.519008970838697570e-01
8.685062341554782961e+01 7.502586417895559245e-01
8.690066534610711813e+01 7.485298245570131126e-01
8.695065890316050172e+01 7.458659563312486362e-01
8.700068258669440979e+01 7.446981748227765596e-01
8.705068789434881182e+01 7.419349385964326693e-01
8.710073430022170271e+01 7.419492037506322246e-01
8.715073625712081196e+01 7.401315542915202217e-01
8.720071944953542697e+01 7.383354409503054550e-01
8.725065874059880855e+01 7.372493592971713916e-01
8.730065385491546692e+01 7.350215620616878942e-01
8.735071773693692876e+01 7.344009068190169298e-01
8.740067291151538598e+01 7.322145432097543205e-01
8.745069089587315148e+01 7.306320848300967841e-01
8.750059524727170412e+01 7.306040410212154557e-01
8.755063393985311393e+01 7.274519525608814652e-01
8.760072521610700846e+01 7.266370275919561417e-01
8.765070461050113693e+01 7.252729888603679509e-01
8.770071890489063549e+01 7.246997367994783001e-01
8.775064728536050040e+01 7.224558280655531961e-01
8.780066340967854899e+01 7.208134016985325854e-01
8.785061758882334004e+01 7.191367549579485985e-01
8.790069966232417187e+01 7.169543896970467234e-01
8.795081255270730480e+01 7.149826723016107222e-01
8.800065892052096217e+01 7.134133297010392116e-01
8.805068046215481559e+01 7.119319168956088628e-01
8.810074622042790793e+01 7.113307473490504407e-01
8.815068777402876776e+01 7.099850136206506956e-01
8.820056999239014317e+01 7.065360059862736408e-01
8.825063293195866265e+01 7.059743554978791247e-01
8.830068724278304160e+01 7.045908451012962148e-01
8.835073110258727525e+01 7.017753429067778992e-01
8.840079703231447183e+01 7.013658094236133733e-01
8.845083020292958054e+01 6.989824222075363691e-01
8.850076563709151856e+01 6.977096728537344195e-01
8.855063553538322196e+01 6.967928241861065519e-01
8.860062705552091700e+01 6.955240088501348783e-01
8.865051892067423012e+01 6.930578494436717696e-01
8.870061903020686600e+01 6.922494237489776880e-01
8.875074341963603786e+01 6.916768944056571611e-01
8.880069649634492635e+01 6.892511086963495348e-01
8.885071344892412526e+01 6.881117961867855293e-01
8.890062388383235259e+01 6.866324527175983183e-01
8.895060466980305591e+01 6.855292813075606340e-01
8.900051192815253387e+01 6.826782553311494528e-01
8.905066102494254210e+01 6.818095947396033418e-01
8.910075018557721194e+01 6.804870396750342110e-01
8.915065987269676384e+01 6.775541756350914602e-01
8.920074459493167751e+01 6.771431456877169408e-01
8.925074341970011460e+01 6.750154356703083058e-01
8.930067606158073090e+01 6.744543390695013629e-01
8.935064465320694183e+01 6.727453217934277196e-01
8.940064087878988630e+01 6.713396950246608430e-01
8.945064319424200505e+01 6.706743539063986237e-01
8.950064421180226759e+01 6.680064093267842340e-01
8.955057753817223443e+01 6.657183691825678817e-01
8.960058054534367500e+01 6.649608209467273712e-01
8.965061121043279968e+01 6.649600021099172364e-01
8.970060486906020003e+01 6.620683401641753729e-01
8.975065684933389321e+01 6.614748356535644636e-01
8.980064097263824863e+01 6.599351659426613281e-01
8.985074011343861855e+01 6.585185782731983739e-01
8.990072914643546653e+01 6.561991900077001061e-01
8.995069471840930930e+01 6.552026231558809588e-01
9.000061567245546712e+01 6.545507950268104613e-01
9.005060451355357998e+01 6.518799261907650688e-01
9.010066164734236338e+01 6.505541979879081449e-01
9.015058063102021890e+01 6.485076691046305353e-01
9.020066981206871048e+01 6.473338460726548726e-01
9.025061891167177919e+01 6.463340998397598680e-01
9.030058063625472187e+01 6.456555381904933721e-01
9.035069862056877810e+01 6.439562466269767027e-01
9.040063721053816437e+01 6.425036375722865678e-01
9.045068187473133037e+01 6.410652462510607608e-01
9.050070412097294081e+01 6.394013214835265746e-01
9.055071582655412499e+01 6.385710055530772200e-01
9.060074590370700776e+01 6.371147832349349782e-01
9.065071954180082514e+01 6.355858135568479561e-01
9.070070414937342207e+01 6.344942167519967979e-01
9.075071652356483298e+01 6.321337512002356274e-01
9.080073853391084526e+01 6.310394087914279471e-01
9.085071662263727887e+01 6.291653273484943965e-01
9.090070285251101723e+01 6.286887435223650344e-01
9.095065177011029789e+01 6.277494010127773194e-01
9.100073488155234713e+01 6.270105126762108849e-01
9.105069866664597100e+01 6.246540265042673790e-01
9.110067736133585470e+01 6.229787948888679816e-01
9.115066164323077658e+01 6.221861410757564270e-01
9.120067497178406768e+01 6.208648288805408422e-01
9.125068141284850753e+01 6.190736253762942898e-01
9.130062622558105545e+01 6.173258806229530160e-01
9.135066117588171153e+01 6.179502545612832742e-01
9.140065141538008220e+01 6.141134889464243685e-01
9.145068138473658337e+01 6.133811706863331326e-01
9.150069039643479130e+01 6.128735781263097149e-01
9.155071593148433351e+01 6.113346717877095049e-01
9.160080367935793788e+01 6.096918840717450161e-01
9.165061737073069992e+01 6.092411548082058426e-01
9.170060817655109986e+01 6.066439549849363955e-01
9.175058865088804794e+01 6.047644868342478830e-01
9.180049265407282633e+01 6.045243291211878089e-01
9.185058971654700599e+01 6.037336077333860240e-01
9.190068301485227664e+01 6.024510793572459555e-01
9.195060490867638237e+01 6.017122250605646538e-01
9.200056221650915234e+01 5.999382727097142265e-01
9.205061548325311094e+01 5.989375097646804091e-01
9.210076346697475458e+01 5.975493545388519401e-01
9.215078845474795344e+01 5.973926308872798963e-01
9.220060419601414026e+01 5.953629038276126995e-01
9.225059746084708934e+01 5.937436878916281247e-01
9.230067734231083421e+01 5.924456752008107063e-01
9.235073177795210597e+01 5.913832309085268468e-01
9.240064045690999706e+01 5.901749479911440055e-01
9.245063157109922258e+01 5.891282209623632804e-01
9.250078057204220272e+01 5.874617529186911824e-01
9.255072433387988440e+01 5.868016041876996658e-01
9.260073057984830314e+01 5.847653897498232833e-01
9.265065869044863689e+01 5.839620901850743895e-01
9.270063560508695844e+01 5.821442797667998326e-01
9.275067620960689396e+01 5.818265223714214063e-01
9.280063727441186927e+01 5.797472857787704381e-01
9.285065446184212590e+01 5.790031662424195424e-01
9.290065078317546465e+01 5.777893333090591277e-01
9.295073425389733757e+01 5.768616272367685927e-01
9.300067900763730222e+01 5.748066308122071755e-01
9.305066207492778574e+01 5.734973462464434402e-01
9.310064897906700310e+01 5.727763475923610681e-01
9.315062622189709884e+01 5.723733093869175503e-01
9.320059985716629569e+01 5.713227484589770144e-01
9.325071190903473450e+01 5.694433358062486183e-01
9.330073508132683457e+01 5.676311135315502687e-01
9.335066973357385223e+01 5.664736265796080916e-01
9.340068252241590585e+01 5.664935475286494437e-01
9.345057102658101655e+01 5.647019415906210371e-01
9.350065641105707925e+01 5.630889581692718471e-01
9.355067747282180335e+01 5.620526099247049601e-01
9.360058086835567792e+01 5.611494423888480076e-01
9.365060040510233819e+01 5.602595687331536345e-01
9.370058214130268937e+01 5.582639516704863691e-01
9.375071349954021116e+01 5.584869905874106921e-01
9.380064575722563802e+01 5.565191338030399670e-01
9.385065603128978751e+01 5.548613393392232140e-01
9.390066055478293094e+01 5.541250089586469141e-01
9.395067012729866462e+01 5.530989015976760514e-01
9.400073547639510707e+01 5.522990560461856768e-01
9.405064106370717525e+01 5.506167028908780514e-01
9.410066747113194197e+01 5.497863423841233832e-01
9.415062831545455424e+01 5.496335373137306579e-01
9.420064524406151918e+01 5.466478992278173132e-01
9.425063592468441698e+01 5.458023078605621636e-01
9.430071603443974482e+01 5.465024458815194164e-01
9.435084978846010983e+01 5.441888916945554211e-01
9.440072589518690904e+01 5.423897614501919096e-01
9.445063572665263507e+01 5.415777658376974557e-01
9.450060037327034479e+01 5.406968341240946385e-01
9.455061099756481724e+01 5.395705270233439599e-01
9.460066160523612666e+01 5.381799872841602772e-01
9.465070343930108265e+01 5.365457084605099736e-01
9.470070340329958469e+01 5.354021879814016005e-01
9.475076856330568376e+01 5.352195951293952092e-01
9.480071786998738048e+01 5.348911054816690713e-01
9.485059575869554749e+01 5.322293251620174859e-01
9.490062200472793563e+01 5.322508571720281356e-01
9.495059153222072723e+01 5.306105107627311357e-01
9.500060916233462649e+01 5.302893584941006377e-01
9.505058405688886580e+01 5.290174261440432346e-01
9.510062103402634648e+01 5.282484097095966336e-01
9.515070626581375279e+01 5.270803091854032729e-01
9.520074820467674215e+01 5.259467583498421694e-01
9.525077257252138452e+01 5.257066755744956854e-01
9.530060977714117598e+01 5.243117628054838608e-01
9.535056604075973041e+01 5.233137457507929247e-01
9.540054222256354421e+01 5.222533786387142385e-01
9.545053721567489902e+01 5.207233202183159104e-01
9.550066559135430566e+01 5.200661680589204749e-01
9.555070107743208041e+01 5.186706236785008084e-01
9.560068189569460628e+01 5.174090396949211357e-01
9.565062150426840049e+01 5.172198922584280156e-01
9.570068484578779078e+01 5.155936765965297708e-01
9.575065983295563399e+01 5.146358656463302372e-01
9.580068015784988233e+01 5.135684228224229875e-01
9.585070548727827600e+01 5.124810311203491509e-01
9.590067278065059497e+01 5.118849117745313260e-01
9.595068562266027357e+01 5.113180819108883446e-01
9.600067075531137561e+01 5.104784416315628626e-01
9.605064480354532463e+01 5.087794683723692035e-01
9.610060831827868810e+01 5.078006995786628064e-01
9.615071146236661548e+01 5.076146992523383750e-01
9.620073364420061068e+01 5.053447185487996984e-01
9.625071630024669389e+01 5.044881478335618841e-01
9.630073274647288883e+01 5.042755460550034652e-01
9.635076816718918735e+01 5.027110113582261564e-01
9.640074103949068274e+01 5.027228654228046434e-01
9.645064409383613224e+01 5.010593752034814274e-01
9.650066663688329527e+01 5.003299539518458738e-01
