1.256637126207351685e-01 2.120001953125000000e+03
1.936915606260299627e-01 1.671254296875000136e+03
2.513274252414703369e-01 1.670352050781250000e+03
2.944022864103317261e-01 7.907715657552082575e+02
3.554306328296661377e-01 9.179896647135416288e+02
3.955082564781873811e-01 7.391702223557691696e+02
4.615716010332107655e-01 6.109440429687500682e+02
5.164058804512023926e-01 4.671298828125000000e+02
5.455598746027264800e-01 3.678615373883928328e+02
5.891914814710617065e-01 4.877615559895833144e+02
6.408908295987257864e-01 4.571530433768656394e+02
6.941244165102641306e-01 3.361109375000000341e+02
7.549341718355814246e-01 2.898741730011261097e+02
8.082685545086860657e-01 3.064180297851562500e+02
8.458872155139320892e-01 2.942362253289473415e+02
9.033976386463831165e-01 2.414463872354497198e+02
9.538741086920102807e-01 2.352746785481770644e+02
1.002606617948396561e+00 2.716324069330601105e+02
1.050080132484435991e+00 2.054220833333333474e+02
1.095276718554289541e+00 2.206667586616847814e+02
1.148735394760898254e+00 2.360338006563926854e+02
1.197364068031311124e+00 2.095480957031250000e+02
1.253252735099639192e+00 1.849389589608433653e+02
1.301195175307137575e+00 1.913186244419642890e+02
1.350340962409973145e+00 1.897477678571428328e+02
1.397053004916669616e+00 1.548101457281144633e+02
1.446786667240990587e+00 1.900089409722222342e+02
1.501695110947299794e+00 1.829935924727520273e+02
1.550154135684774337e+00 1.552271444917929557e+02
1.601738236568592155e+00 1.719367249503968083e+02
1.647772800055960385e+00 1.522523887844611465e+02
1.697513295382988119e+00 1.560244696392276467e+02
1.749398548968667422e+00 1.511770045896328440e+02
1.801815896144401075e+00 1.494633869636963652e+02
1.854311002948419773e+00 1.464896944867886361e+02
1.903488172029776715e+00 1.418780317164179223e+02
1.952342433013101397e+00 1.407308996886120838e+02
1.999453311039106396e+00 1.233385681049069262e+02
2.048669610900440308e+00 1.382221286817528778e+02
2.101181018737054540e+00 1.313594065020161281e+02
2.154098840860219966e+00 1.256384320175438489e+02
2.199303392983653183e+00 1.279699602185582847e+02
2.248528172677023207e+00 1.280003472222222172e+02
2.303006410598754883e+00 1.249465900157232738e+02
2.353418758259483656e+00 1.224666608364427844e+02
2.402637737900463311e+00 1.216447061567164241e+02
2.448554739992842677e+00 1.141791533119658197e+02
2.499090067645225233e+00 1.203872861154650025e+02
2.549658622302062305e+00 1.136139946254432544e+02
2.600952340680148911e+00 1.098754631916995947e+02
2.651313533667959632e+00 1.124443704242032709e+02
2.702490112360786068e+00 1.099806474673202672e+02
2.752956631759745587e+00 1.130610225644699085e+02
2.797749358087681770e+00 1.022680458636731373e+02
2.849414770365116478e+00 1.031171409277198165e+02
2.901561026847945257e+00 1.012750159555069303e+02
2.949750350581274994e+00 9.720170838155863180e+01
2.998665080524131721e+00 1.037267156862745026e+02
3.049010105637519175e+00 1.018019619804785805e+02
3.100398808880581836e+00 9.717367870560109111e+01
3.150818746732328979e+00 1.029603865280289341e+02
3.200939400679145841e+00 9.845832312091502558e+01
3.249633022646403635e+00 1.023731012892708918e+02
3.300127326483013768e+00 9.662520653735631981e+01
3.348483428887441438e+00 9.700338911052008939e+01
3.399607315620657211e+00 9.116603090766822959e+01
3.448719927469889424e+00 9.282026041666667027e+01
3.499342967069685173e+00 9.342390632723676447e+01
3.551474963231986415e+00 9.237755834555230194e+01
3.598900760213533889e+00 8.941373697916667140e+01
3.651035188841221135e+00 9.033481258256274771e+01
3.700662589665808522e+00 8.521286448374760880e+01
3.751511811793449613e+00 8.631607688947138968e+01
3.801618192488687153e+00 8.683737664473684958e+01
3.851254485091384794e+00 8.615834927721087411e+01
3.901226825121409281e+00 8.568045964609409282e+01
3.948670251141286780e+00 8.612920276402640241e+01
4.001451143603901528e+00 8.443298763234757587e+01
4.052280480987929145e+00 8.156107014213395701e+01
4.102052814176515128e+00 8.481672662716327693e+01
4.151093749575814229e+00 8.053487734100663431e+01
4.200442130105537686e+00 8.130446082152496956e+01
4.251136814637041184e+00 8.079136097268364836e+01
4.299210999832778768e+00 8.222734161543715459e+01
4.350458908696328564e+00 7.921561491935483446e+01
4.400665589089600260e+00 7.917611299932863744e+01
4.450478535124709367e+00 7.961095592799503606e+01
4.500022132996065238e+00 7.725861910029497892e+01
4.550446791199227903e+00 7.639646391152503213e+01
4.600092420408226523e+00 7.715369379220379642e+01
4.650210011078793393e+00 7.544656534007621929e+01
4.700629595459484555e+00 7.616103142076502763e+01
4.749898185810824458e+00 7.467924046321525111e+01
4.799578612586753223e+00 7.748386378627968440e+01
4.849740758713929623e+00 7.487407891211147160e+01
4.899993706213586542e+00 7.384347120843472112e+01
4.949341788918080631e+00 7.291845012626262701e+01
4.999815610851473302e+00 7.462615888746802284e+01
5.049952627308602615e+00 7.326239897134459511e+01
5.099298258856230781e+00 7.365428155637255259e+01
5.150254496972274332e+00 7.138769693200663369e+01
5.199142517336761138e+00 7.171157510553470615e+01
5.249453250256330250e+00 7.185566515363127849e+01
5.300164924855151227e+00 7.102581085420681006e+01
5.351194235644229025e+00 7.129161824922532276e+01
5.400960675954554979e+00 6.946342054263566013e+01
5.450257125402332647e+00 6.978746478505843243e+01
5.500682865381752329e+00 7.008789146289146288e+01
5.549218122000597830e+00 6.926887492192379625e+01
5.600000335002996543e+00 6.823657434261407673e+01
5.649736614175454363e+00 6.643968874137570424e+01
5.699883098365530643e+00 6.737713353413654715e+01
5.750283329191223203e+00 6.781946960547503522e+01
5.800844330747943367e+00 6.527697479177741968e+01
5.851527811214188191e+00 6.632940218410199407e+01
5.901139501297178569e+00 6.537651810265811037e+01
5.952051273107690221e+00 6.510577371860149754e+01
6.002043196207571540e+00 6.463241448326056116e+01
6.051370665339476318e+00 6.441249780586274198e+01
6.100040307612490942e+00 6.561592638508891184e+01
6.151338437490640132e+00 6.353683414043583610e+01
6.201845191216835751e+00 6.322657527805037603e+01
6.251546338561632332e+00 6.327269564505566990e+01
6.301411320163105678e+00 6.277965556009812076e+01
6.351121094491746888e+00 6.231260158096926460e+01
6.402993818717075847e+00 6.288794311542713444e+01
6.451004855903611279e+00 6.141716616232153569e+01
6.500587485631307061e+00 6.160574810606060936e+01
6.550027029602877526e+00 6.133836206896551602e+01
6.600096165964067119e+00 6.059866898148148096e+01
6.651203611202781474e+00 6.083947546712308707e+01
6.700403804908146022e+00 6.102137531725888664e+01
6.751129568914272738e+00 6.086077169591444402e+01
6.801152226429867831e+00 6.016602339783175069e+01
6.850567314012454112e+00 5.942559340846994331e+01
6.899983763743045451e+00 6.143560989604427647e+01
6.950432818525864143e+00 5.945481323640009919e+01
7.000477802606276612e+00 5.889047403381642454e+01
7.050299486470248844e+00 6.051954335564646925e+01
7.100577605904697442e+00 6.003701819959626818e+01
7.150282711587289342e+00 5.934037361680964295e+01
7.201425401940038995e+00 5.882840531803354622e+01
7.251291360812208708e+00 5.784260994502748332e+01
7.301384627104277492e+00 5.815189850390033399e+01
7.350121157509939884e+00 5.692159408406219256e+01
7.400243896042705494e+00 5.805515747139458682e+01
7.450219004942361778e+00 5.822182259361360224e+01
7.499767164549090204e+00 5.652562276586237289e+01
7.551036194214812980e+00 5.705082245785753514e+01
7.600875332768869619e+00 5.728748905429071669e+01
7.650993174920037276e+00 5.674137836353651920e+01
7.700625888088293181e+00 5.704276315789473273e+01
7.751154263814290069e+00 5.657327927215190044e+01
7.801801090622451973e+00 5.694887923147301478e+01
7.851364051006665790e+00 5.580360042958927380e+01
7.900769558997057018e+00 5.574404299906861127e+01
7.950365025915012041e+00 5.557784673828881239e+01
8.001249973326832077e+00 5.689869183143598974e+01
8.050346754310522712e+00 5.637610764273486552e+01
8.100376043699483830e+00 5.612903300147492303e+01
8.150963831689653105e+00 5.513121881420604353e+01
8.200066242110258585e+00 5.544098987758945185e+01
8.249809700602813933e+00 5.355112892670157265e+01
8.300552262369116363e+00 5.502486719787516734e+01
8.351090274807287273e+00 5.408869949494949481e+01
8.400210126764326546e+00 5.363071559213534556e+01
8.450394926559216202e+00 5.378215767634855382e+01
8.500459425828198690e+00 5.347606651175026116e+01
8.550917286194149369e+00 5.414761687917425093e+01
8.600510843254964399e+00 5.345517757128309455e+01
8.651023792021119263e+00 5.311908961115310035e+01
8.701256476197366752e+00 5.384200491748624984e+01
8.749915613828461503e+00 5.307338093408469604e+01
8.800112521877306193e+00 5.360359926086607629e+01
8.849632071888843043e+00 5.251382093933463580e+01
8.900357776251059505e+00 5.269140594522898624e+01
8.950608837287235886e+00 5.313603057667933882e+01
9.000569819962127127e+00 5.218981213314797429e+01
9.051041288617525993e+00 5.249389376218324088e+01
9.100140618044129326e+00 5.180407153729071723e+01
9.150794710576331426e+00 5.201491568776052077e+01
9.200358087057745493e+00 5.190506839412811502e+01
9.250378436494685275e+00 5.156443366056819855e+01
9.300396476966747983e+00 5.190096770082296018e+01
9.350845697771076104e+00 5.096494956264108112e+01
9.401427877347279249e+00 5.041201390397566939e+01
9.450856317468241841e+00 5.081775262188208586e+01
9.501285360508264333e+00 5.072216621863799446e+01
9.551415626509362156e+00 5.116166020671834502e+01
9.601472418873740367e+00 5.002069239615748586e+01
9.650873339522149763e+00 4.934515444491405844e+01
9.700105298531504161e+00 4.965990515450097575e+01
9.749807236595939841e+00 4.967146956087824350e+01
9.800617716807657587e+00 4.956239507328727001e+01
9.850939668539123062e+00 4.963227140077820820e+01
9.900672862260712748e+00 4.870819114014560824e+01
9.951023643831279131e+00 4.984945479146768577e+01
1.000061390381357818e+01 4.917805981402361937e+01
1.005121303910567399e+01 4.944026604068857722e+01
1.010050487470579128e+01 4.912078093718718463e+01
1.015040394560108972e+01 4.843566718922906489e+01
1.020064233832726863e+01 4.843817955187120816e+01
1.025078872432590593e+01 4.862656696641257525e+01
1.030144077410513148e+01 4.857433039726765855e+01
1.035026615037620701e+01 4.762163519184652216e+01
1.040053707544599071e+01 4.763620098889659715e+01
1.045062977445541463e+01 4.788530037022039920e+01
1.050056916228905557e+01 4.853491426199472869e+01
1.055045547200590939e+01 4.734182457651449738e+01
1.060065943225193585e+01 4.695055664702029929e+01
1.065092618802826330e+01 4.659195529687679027e+01
1.069994190739775242e+01 4.696963241436925784e+01
1.075051342579590496e+01 4.669642667938122571e+01
1.080116309617008952e+01 4.711472172106500267e+01
1.085092532135009691e+01 4.637305666666666326e+01
1.090057119699959287e+01 4.623120657837603176e+01
1.095056114183856977e+01 4.667397477984471976e+01
1.100044795380789964e+01 4.663906135387195206e+01
1.105059621997271790e+01 4.605453402938901775e+01
1.110083536315899444e+01 4.559835081792318334e+01
1.115081901025334687e+01 4.535584862385321259e+01
1.120129035153903629e+01 4.601593413473578664e+01
1.125116374248475992e+01 4.595306939501779198e+01
1.130128079566052257e+01 4.587061108857679415e+01
1.135044509838974847e+01 4.558598700887198873e+01
1.140071777468021708e+01 4.570615486232305358e+01
1.145113705378753899e+01 4.513471662589341094e+01
1.150054064506493923e+01 4.580310386473429674e+01
1.155054572698180770e+01 4.512226062437538587e+01
1.160060598127213360e+01 4.552065284653465227e+01
1.165085593945590148e+01 4.525221302113078536e+01
1.170069293131600929e+01 4.519901323294546813e+01
1.175142896112726554e+01 4.486157015590200103e+01
1.180137066716670269e+01 4.488880796741035084e+01
1.185030839024950744e+01 4.445869014427331933e+01
1.190112650803973615e+01 4.485201120727918322e+01
1.195087750005856186e+01 4.417319482288828425e+01
1.200028886778134840e+01 4.435534131205674413e+01
1.205087280971257790e+01 4.435437550226282610e+01
1.210120573097985641e+01 4.388909185233726618e+01
1.215069798464289086e+01 4.391000290547520990e+01
1.220084588704311912e+01 4.411253316767047039e+01
1.225095075397515565e+01 4.318671249473240437e+01
1.230055747642593111e+01 4.400359634058432334e+01
1.235044509892075659e+01 4.355704047736220730e+01
1.240025358236334618e+01 4.345747230947263517e+01
1.245059963946805226e+01 4.365141237782374617e+01
1.250021218005843338e+01 4.353862953031041627e+01
1.255088259279081875e+01 4.291396180678727035e+01
1.260128860653785665e+01 4.358582030319866618e+01
1.265098919510728237e+01 4.282296612852168494e+01
1.270151919945489816e+01 4.287106126273866380e+01
1.275059048606717838e+01 4.274847017585550901e+01
1.280015324543435007e+01 4.273101271996566197e+01
1.285005587414941175e+01 4.267627866626433075e+01
1.290055459179237118e+01 4.258185264825713290e+01
1.295101831716038809e+01 4.229099771715129918e+01
1.300061854953515450e+01 4.227278557416629212e+01
1.305073094795649524e+01 4.229621946671639421e+01
1.310051576040570609e+01 4.185426185813751232e+01
1.315089754552600176e+01 4.183048677131696991e+01
1.320081412118408615e+01 4.185287654454411665e+01
1.325056877988023629e+01 4.186046957092819554e+01
1.329997547558646787e+01 4.165915295606581026e+01
1.334989268379465521e+01 4.137872853137049134e+01
1.340063178882596162e+01 4.155362064213862539e+01
1.345111248053373743e+01 4.113680870512955323e+01
1.350104577716931509e+01 4.174679399023585091e+01
1.355110471056903876e+01 4.194858036240169241e+01
1.360103386653534407e+01 4.149474485974945992e+01
1.365064521999293667e+01 4.146018470790377819e+01
1.370108558817629785e+01 4.134854237511968478e+01
1.375063751069574458e+01 4.086255549863388126e+01
1.380020275550391951e+01 4.047296342477140740e+01
1.385010291988493947e+01 4.100739875389407985e+01
1.389993945742187975e+01 4.093433916376756088e+01
1.395077535055353124e+01 4.035716546038752739e+01
1.400033540187661885e+01 4.036161927406832461e+01
1.405076036390690319e+01 4.050540688278353940e+01
1.410091255677794386e+01 4.072710705249841823e+01
1.415099424006951345e+01 4.004569161714501746e+01
1.420090845382453182e+01 4.049933756032933019e+01
1.425058535625662692e+01 3.979187933061123061e+01
1.430068992108075854e+01 3.968727136291155233e+01
1.435081631969962146e+01 3.992174190161967573e+01
1.440116277072030648e+01 3.999761017001166152e+01
1.445095548372230709e+01 3.983844795567327424e+01
1.450106060960858834e+01 3.987775680876258377e+01
1.455087147615679299e+01 3.957504201038802449e+01
1.460089164482430135e+01 3.967931274064209646e+01
1.465096435834932009e+01 3.911825782092772386e+01
1.470042432961008316e+01 3.903567439673162198e+01
1.474998265362896355e+01 3.976758235328535562e+01
1.479989122439800120e+01 3.944868671433513896e+01
1.485068890065675262e+01 3.947067681753534885e+01
1.490091461135759410e+01 3.913869201030927769e+01
1.495142624477786164e+01 3.902822940176655919e+01
1.500125581199326774e+01 3.946524136555340334e+01
1.505058992571524001e+01 3.865514132143258053e+01
1.510096182188420677e+01 3.872817885709573460e+01
1.515041653809440625e+01 3.867903711133399725e+01
1.520050358450064110e+01 3.876856895186610785e+01
1.525026187279651246e+01 3.852005414721528354e+01
1.530061285776438496e+01 3.865070058997050495e+01
1.535093523531647719e+01 3.886580367852858586e+01
1.540080134614941620e+01 3.852271997430957384e+01
1.545125002511655588e+01 3.845984721750267710e+01
1.550055590549435180e+01 3.879268605530351977e+01
1.554990690009351617e+01 3.851063388625592410e+01
1.560029939283501221e+01 3.806887742148424536e+01
1.565051554421477675e+01 3.832760543653058249e+01
1.570055893919154144e+01 3.832556068178905662e+01
1.575055944300927990e+01 3.784752465857359738e+01
1.580089161127091657e+01 3.819980182849617734e+01
1.585074981409009887e+01 3.818899761635930190e+01
1.590132026779191321e+01 3.787199997543480379e+01
1.595119615174483307e+01 3.764852145415745355e+01
1.600061799840658239e+01 3.807409251881363588e+01
1.605077212836705058e+01 3.764528765486294049e+01
1.610103563786684688e+01 3.814193297770817281e+01
1.615061123591991432e+01 3.780015589362837858e+01
1.620065196690424969e+01 3.806780157522166519e+01
1.625089452027982517e+01 3.773195405952717607e+01
1.630118119518434128e+01 3.749987232779097468e+01
1.635146405608891840e+01 3.716479975857416918e+01
1.640076947667969520e+01 3.754451676176889663e+01
1.645087400555846102e+01 3.709683687696061583e+01
1.650098843068070664e+01 3.741124012311650660e+01
1.655106400710294778e+01 3.747902053235471698e+01
1.660084850266487777e+01 3.714567266495286901e+01
1.665053292522144801e+01 3.718621413102327722e+01
1.670094208154347726e+01 3.690937421663134188e+01
1.675068958911364447e+01 3.701188770484463220e+01
1.680052177009391556e+01 3.677955889040472925e+01
1.685039801592866127e+01 3.705638016528925505e+01
1.690071147848142274e+01 3.680623929089231439e+01
1.695034504331302116e+01 3.666516898383633105e+01
1.700024952897776132e+01 3.645707193665847967e+01
1.705080262949346803e+01 3.642024416346705351e+01
1.710038038467472177e+01 3.666850001081618871e+01
1.715073677186147094e+01 3.634416201825558090e+01
1.720103001431176537e+01 3.643154602083556881e+01
1.725093874646400494e+01 3.639432992419430235e+01
1.730026876303448802e+01 3.633462360715211048e+01
1.735069699187642200e+01 3.572376382861683197e+01
1.740111744736490706e+01 3.597123494607863847e+01
1.745083602976958304e+01 3.588966926151464065e+01
1.750079017405409587e+01 3.603989770213811994e+01
1.755058064951854391e+01 3.569070293727732235e+01
1.760098984156358171e+01 3.570203333934764345e+01
1.765084796114107490e+01 3.550089902186421398e+01
1.770084590768282951e+01 3.521928635953025832e+01
1.775113545986024732e+01 3.555547702654445885e+01
1.780111750417361804e+01 3.560327859830291430e+01
1.785112557577493675e+01 3.538623463575497397e+01
1.790043071854657697e+01 3.553732680244561237e+01
1.795093294930180150e+01 3.519589717644791449e+01
1.800117591338927880e+01 3.542354366565254509e+01
1.805102955138067244e+01 3.522973039024008557e+01
1.810081125040843375e+01 3.543575152041702836e+01
1.815070355316448669e+01 3.486533208740654999e+01
1.820082603023814727e+01 3.515327184892402101e+01
1.825104242422729328e+01 3.471490553193076778e+01
1.830110038363673652e+01 3.514080528615785681e+01
1.835056608576439530e+01 3.510519292179203887e+01
1.840052225601024816e+01 3.529877733451536415e+01
1.845054397902244503e+01 3.476194170192759714e+01
1.850066401639472602e+01 3.518403445585513367e+01
1.855077375907742265e+01 3.468426955876900308e+01
1.860040149003351218e+01 3.479059952898750652e+01
1.865036571685475764e+01 3.484279709831875493e+01
1.870055233191315480e+01 3.443974478441023024e+01
1.875038082358441471e+01 3.444516031211528428e+01
1.880030100158329631e+01 3.460770211376949135e+01
1.885065092426605204e+01 3.464567944501357033e+01
1.890032953550104367e+01 3.430456140350877092e+01
1.895058111422453706e+01 3.469378518113320808e+01
1.900068398728053864e+01 3.432560325916639954e+01
1.905038713710101916e+01 3.443535925886972393e+01
1.910077607978132974e+01 3.420060053495190289e+01
1.915069731442681800e+01 3.421186637931034369e+01
1.920059048440732141e+01 3.435958865579672050e+01
1.925035227553674133e+01 3.428627050922384001e+01
1.930047157178797690e+01 3.411878421532846772e+01
1.935052191971805868e+01 3.406740381188370748e+01
1.940062364124835170e+01 3.425571216617210979e+01
1.945076194647657530e+01 3.424518492940453740e+01
1.950064015704267106e+01 3.415151385562777619e+01
1.955103246253348104e+01 3.391213129407091031e+01
1.960103224732800342e+01 3.390259933037554418e+01
1.965096451560197721e+01 3.393470280005215756e+01
1.970039326907732402e+01 3.379923502604167140e+01
1.975045869793262909e+01 3.376360133289114174e+01
1.980112994754063038e+01 3.376010840195574048e+01
1.985113240949997149e+01 3.390742078977373097e+01
1.990129882447748955e+01 3.367003191455746247e+01
1.995102839468674816e+01 3.351142231610981526e+01
2.000083692040861649e+01 3.341398857627065411e+01
2.005054571725930401e+01 3.361187084520418011e+01
2.010084313615223905e+01 3.349341625130044520e+01
2.015039891387192839e+01 3.361319996216420236e+01
2.020032978626047537e+01 3.330357855782814624e+01
2.025088372940374271e+01 3.339384919116634620e+01
2.030029183479597066e+01 3.348214285714285410e+01
2.035052695173413539e+01 3.323537847891363839e+01
2.040075823535785560e+01 3.299798719121683632e+01
2.045089601889413444e+01 3.325756437607043381e+01
2.050073645873280981e+01 3.320889703761065448e+01
2.055053498245830212e+01 3.302846689273603431e+01
2.060058405558038430e+01 3.312614678899082321e+01
2.065032429254589985e+01 3.300167851500790306e+01
2.070047025335771806e+01 3.294273603226770319e+01
2.075044015714700407e+01 3.292496193169458252e+01
2.080056166383511851e+01 3.293428625965406553e+01
2.085052640866095430e+01 3.266852961178394565e+01
2.090093885348607117e+01 3.268552108932959754e+01
2.095072566472917686e+01 3.239741813971213702e+01
2.100045951270690026e+01 3.239753046824887406e+01
2.105041555584098489e+01 3.254488584278675489e+01
2.110036039795015128e+01 3.256374438476908040e+01
2.115060440588723267e+01 3.225450356095517179e+01
2.120099297639964320e+01 3.237695629654515983e+01
2.125110208021147429e+01 3.250735676808597674e+01
2.130047153211643263e+01 3.237596564413730960e+01
2.135095211249340252e+01 3.207050897999754824e+01
2.140153998728464302e+01 3.198089082814377804e+01
2.145140411864241869e+01 3.194649298041174390e+01
2.150109067953851039e+01 3.182058235010005021e+01
2.155071421888607830e+01 3.179775204729106974e+01
2.160095248613489716e+01 3.209752573963292832e+01
2.165078368034290790e+01 3.206053941350551639e+01
2.170103250420297769e+01 3.190920179157002323e+01
2.175113749075196878e+01 3.203126555709538081e+01
2.180066400185297226e+01 3.184463135908897513e+01
2.185095183544095931e+01 3.187669714602382598e+01
2.190070081606517505e+01 3.165799851781271457e+01
2.195052143564337399e+01 3.145888998682476867e+01
2.200016785070007685e+01 3.173166177032421231e+01
2.205017752243192319e+01 3.166235809715035998e+01
2.210016093160606587e+01 3.132542807883703517e+01
2.215052494156026341e+01 3.136868153954376481e+01
2.220099768268121565e+01 3.151980814388563701e+01
2.225093828405544372e+01 3.117110899269145463e+01
2.230088287983462081e+01 3.120913657690738319e+01
2.235050207682091994e+01 3.136136873837470063e+01
2.240027092684176679e+01 3.104986683838055583e+01
2.245050285997742989e+01 3.128394208744148841e+01
2.250092599038523389e+01 3.124752385929548026e+01
2.255080398875536929e+01 3.127133014377912446e+01
2.260054706545379233e+01 3.112164790365411093e+01
2.265063038163662057e+01 3.105701893514225631e+01
2.270025254152363914e+01 3.094710746894177689e+01
2.275050358802700146e+01 3.094001189489240389e+01
2.280034136030533887e+01 3.110836461093121130e+01
2.285072882878251832e+01 3.080576952887447462e+01
2.290066141892027929e+01 3.084579587262139810e+01
2.295053262466946720e+01 3.081307085771371490e+01
2.300116596624015131e+01 3.078251245812766967e+01
2.305075049811972576e+01 3.092167021328045706e+01
2.310085238957240961e+01 3.085387523519031205e+01
2.315075103044907934e+01 3.052444420590620666e+01
2.320056411088655324e+01 3.055747136512389162e+01
2.325069316575375922e+01 3.074993280747882096e+01
2.330102321943878252e+01 3.068537337029993139e+01
2.335094979495398704e+01 3.063021407162573340e+01
2.340077491351943451e+01 3.041764296386851285e+01
2.345090180360846333e+01 3.047374489200233327e+01
2.350069764984864307e+01 3.047305504785041919e+01
2.355079805083223476e+01 3.039300823298668064e+01
2.360089425887846915e+01 3.047888791030114319e+01
2.365111588592037251e+01 3.038677027666914654e+01
2.370079117479742337e+01 3.046263343175107963e+01
2.375070238000955669e+01 3.018900810282201519e+01
2.380072099427258792e+01 3.047551864452004722e+01
2.385044315484774557e+01 3.014251432503158412e+01
2.390062030528307702e+01 3.013665007212659575e+01
2.395079098070538137e+01 3.016149063164422373e+01
2.400087914898061214e+01 3.014721627408993498e+01
2.405047136728556012e+01 3.011708136120606483e+01
2.410094161555001691e+01 3.011044854485448496e+01
2.415096374291990955e+01 2.997810022323146839e+01
2.420035762630187293e+01 3.008741893644617704e+01
2.425062718572708675e+01 2.988103093003640964e+01
2.430056200939818467e+01 2.986057217932217966e+01
2.435074088185508856e+01 2.967271057034542636e+01
2.440058288212754434e+01 2.981239335958878200e+01
2.445050734240095736e+01 2.983043007036944161e+01
2.450068293811746400e+01 2.954754227686182233e+01
2.455072252521220122e+01 2.971129328870154396e+01
2.460081802631937720e+01 2.955076900262689321e+01
2.465048464938207218e+01 2.959072841847786606e+01
2.470070557930939970e+01 2.958815575708968026e+01
2.475098408547652795e+01 2.952370306412984036e+01
2.480073664568702796e+01 2.959225062473969103e+01
2.485031139239437081e+01 2.958151873464373693e+01
2.490072463844199291e+01 2.928028771188571966e+01
2.495100174296157647e+01 2.932772581885906149e+01
2.500090082264989988e+01 2.947667665983460239e+01
2.505070236710282572e+01 2.940203095844786674e+01
2.510076910204727341e+01 2.929654399374097196e+01
2.515074714444360993e+01 2.903955881910379588e+01
2.520042346985152193e+01 2.919754495365397773e+01
2.525087251929459242e+01 2.930315471683269735e+01
2.530067364950122766e+01 2.916001921315653078e+01
2.535041708261922722e+01 2.919125054106166317e+01
2.540064572517422192e+01 2.899832059130808304e+01
2.545058671133012140e+01 2.904253495824432107e+01
2.550091448992870014e+01 2.881226766701283992e+01
2.555093562505498284e+01 2.880458280536036852e+01
2.560076420353996340e+01 2.865751528916681679e+01
2.565050233917104450e+01 2.896396152347277209e+01
2.570088089215357030e+01 2.868797492401215976e+01
2.575089593395361831e+01 2.881735519283547475e+01
2.580055172488612314e+01 2.897534572659260732e+01
2.585065705518562851e+01 2.874456335616438452e+01
2.590040009142965260e+01 2.849298515782214025e+01
2.595045451330076602e+01 2.857601820282078720e+01
2.600041449295903817e+01 2.855613849267994198e+01
2.605043175508030728e+01 2.862244581900218066e+01
2.610049216203561073e+01 2.857123548536925028e+01
2.615052744885751324e+01 2.845784549807633468e+01
2.620081245176917406e+01 2.848378238058804612e+01
2.625064376793082488e+01 2.852404497109934667e+01
2.630053287468589573e+01 2.830458398504216078e+01
2.635101688869864489e+01 2.832899566082082643e+01
2.640098937474011720e+01 2.832898876714597236e+01
2.645040677875825708e+01 2.823371359748836440e+01
2.650060382162935113e+01 2.815691960472246791e+01
2.655045256895379424e+01 2.830838208820882329e+01
2.660025631369433086e+01 2.818956795735729415e+01
2.665085337050840764e+01 2.806448739215531063e+01
2.670089682513944851e+01 2.808475166915263799e+01
2.675085862322766772e+01 2.817331976739008681e+01
2.680077379233840063e+01 2.802062057107128368e+01
2.685114965594502934e+01 2.812260909202475645e+01
2.690100378496506650e+01 2.807100578725048834e+01
2.695034706866618635e+01 2.803899380230956595e+01
2.700052841649375068e+01 2.808576749908158021e+01
2.705072101866625545e+01 2.787019114496959560e+01
2.710069443800647093e+01 2.798372167114417408e+01
2.715078986062405875e+01 2.791822415929581425e+01
2.720089493456375251e+01 2.782867643303427130e+01
2.725057769076351022e+01 2.780921001426903416e+01
2.730033549125748493e+01 2.776246001683501419e+01
2.735052912710215978e+01 2.785709469141421835e+01
2.740061522037846942e+01 2.770543870116555851e+01
2.745070084770054564e+01 2.758084636330226047e+01
2.750096527171193372e+01 2.763432141819238197e+01
2.755103462783471358e+01 2.765943337848912265e+01
2.760049968995508962e+01 2.765537530205396521e+01
2.765053177889601344e+01 2.761780215534603045e+01
2.770036622615669586e+01 2.749488488935164199e+01
2.775054988188822946e+01 2.754498139599260753e+01
2.780062562883384203e+01 2.737872045820596156e+01
2.785044576349854850e+01 2.746073595742609896e+01
2.790070893961808807e+01 2.737159228328179594e+01
2.795038926939105650e+01 2.747560534361075923e+01
2.800057880835900548e+01 2.739557139537306085e+01
2.805066800443194808e+01 2.731648310778385635e+01
2.810107801910153924e+01 2.728589994785658845e+01
2.815115147865971323e+01 2.724860142973955490e+01
2.820044725741460923e+01 2.720156908272692320e+01
2.825040259489045624e+01 2.721839614032582233e+01
2.830043012984087625e+01 2.727190790298320167e+01
2.835059611158580495e+01 2.709714293577404831e+01
2.840043375018342431e+01 2.711742379431365535e+01
2.845045081296103717e+01 2.701563539201583808e+01
2.850041934162237567e+01 2.701223747312716839e+01
2.855035665006607104e+01 2.697261507109585565e+01
2.860065628427968321e+01 2.686424513300294592e+01
2.865062202782436529e+01 2.697839242077349553e+01
2.870086574409789293e+01 2.689719466690935334e+01
2.875095097308470926e+01 2.690178269425909363e+01
2.880071965891575303e+01 2.667855171462084840e+01
2.885023923582780014e+01 2.679235392040074260e+01
2.890050167422365490e+01 2.680737416402675066e+01
2.895070215097079469e+01 2.663994407731330227e+01
2.900065347826904372e+01 2.681093641679476747e+01
2.905081112941260457e+01 2.660494508762928945e+01
2.910056439627211589e+01 2.655945866497829400e+01
2.915042575030595273e+01 2.656251630795381047e+01
2.920043042605855632e+01 2.655566723789436878e+01
2.925076636279083431e+01 2.649954866968539946e+01
2.930084321682425852e+01 2.651059482145084445e+01
2.935070565647483676e+01 2.636736398754443300e+01
2.940088173014940054e+01 2.625101429145802001e+01
2.945065901268334230e+01 2.640812754953379837e+01
2.950069929838434035e+01 2.639687741221362671e+01
2.955051767266316176e+01 2.623459004631139635e+01
2.960069847837196377e+01 2.627981335181005207e+01
2.965080039456267258e+01 2.625009402914903589e+01
2.970062591625485382e+01 2.611191526415714037e+01
2.975060950619111466e+01 2.610120074157109471e+01
2.980050069104065713e+01 2.611623798204846025e+01
2.985055554323798788e+01 2.604211800688161205e+01
2.990066955052829911e+01 2.603727564441623343e+01
2.995082529205978972e+01 2.585940348957895196e+01
3.000070388283209866e+01 2.609489957120288750e+01
3.005093720211255359e+01 2.594407559441674849e+01
3.010063232593409666e+01 2.596082439107477313e+01
3.015060885573432614e+01 2.595692343996881135e+01
3.020077941803320698e+01 2.575394198405050261e+01
3.025042159237726480e+01 2.587216090407081737e+01
3.030049283039372909e+01 2.578773371454429508e+01
3.035065172418487123e+01 2.568184164764699418e+01
3.040092396144631337e+01 2.579223701868483687e+01
3.045061899439206599e+01 2.576358059555240843e+01
3.050062299842226565e+01 2.563503583863772306e+01
3.055062136019501651e+01 2.575826900751542681e+01
3.060036071826926829e+01 2.554452680473532311e+01
3.065068276140530301e+01 2.552151384957203106e+01
3.070067093794826718e+01 2.564178507338761293e+01
3.075070739398880093e+01 2.566588391863443164e+01
3.080069406674522270e+01 2.549938044594639308e+01
3.085055902468600664e+01 2.556414394305019400e+01
3.090042768187009870e+01 2.546992889852180042e+01
3.095057938439754608e+01 2.549793642086565981e+01
3.100056714637308275e+01 2.546966569612848019e+01
3.105027657948960851e+01 2.539813702120394368e+01
3.110045185950545488e+01 2.553585865760890528e+01
3.115079716584278557e+01 2.530753910235166515e+01
3.120089638300272838e+01 2.533403031717627840e+01
3.125061034946996230e+01 2.523793851056604609e+01
3.130074673395984064e+01 2.524036607023507273e+01
3.135087371096646081e+01 2.532700849498847262e+01
3.140070298512654645e+01 2.525556707695655589e+01
3.145048999559004343e+01 2.515587183452542064e+01
3.150054566235555598e+01 2.515412270786234572e+01
3.155095465298380120e+01 2.505684286287523221e+01
3.160059061739232078e+01 2.516940977243321242e+01
3.165063358798569126e+01 2.507489453478296682e+01
3.170080811001844268e+01 2.503714698729402244e+01
3.175077922846383416e+01 2.510753536659568042e+01
3.180073041957039948e+01 2.500929672956836569e+01
3.185061501289119335e+01 2.512768157993260942e+01
3.190059534907069860e+01 2.502171123527616459e+01
3.195055220581018673e+01 2.499418718969670294e+01
3.200080217994445064e+01 2.506995244724230787e+01
3.205069744610977267e+01 2.495862410133303655e+01
3.210050528371473888e+01 2.487150746941560797e+01
3.215073795427445447e+01 2.488590950603435914e+01
3.220057376437510754e+01 2.498800986241324651e+01
3.225057755887306854e+01 2.481435830112075536e+01
3.230065419623123546e+01 2.487101618580165407e+01
3.235074821529837408e+01 2.486960813270804849e+01
3.240068920145048992e+01 2.480139965611897068e+01
3.245066524920769524e+01 2.461760456136984843e+01
3.250067061912027810e+01 2.473129459004051256e+01
3.255045672500492770e+01 2.468027791321306808e+01
3.260061114312246389e+01 2.466775329209428591e+01
3.265063760042713170e+01 2.456449749422320750e+01
3.270057442976514039e+01 2.460698099286793550e+01
3.275070100505863735e+01 2.458003333803711143e+01
3.280094527007205585e+01 2.451201501253000714e+01
3.285066030973816709e+01 2.442093547097017137e+01
3.290059813941013545e+01 2.450588279967518801e+01
3.295073451895240169e+01 2.451578983897834618e+01
3.300095649687233390e+01 2.454973090397824009e+01
3.305110906618631361e+01 2.435810626029174841e+01
3.310064384792069347e+01 2.453003374773855327e+01
3.315037612876064799e+01 2.438120780434568147e+01
3.320039352890535156e+01 2.441672612979952461e+01
3.325075369626339494e+01 2.428178084217951849e+01
3.330079563727023384e+01 2.423745719644608698e+01
3.335041517110537512e+01 2.425746820467317377e+01
3.340042234386024944e+01 2.407922449165160472e+01
3.345068942173323023e+01 2.419786408090501340e+01
3.350090898686119090e+01 2.403935710396152103e+01
3.355076868455447681e+01 2.410801831027740150e+01
3.360083299996632178e+01 2.401393874333255241e+01
3.365062953487561259e+01 2.408022287409805173e+01
3.370054413012797312e+01 2.402808599360094277e+01
3.375043567752315710e+01 2.405575230616501869e+01
3.380061640845230642e+01 2.404625632608398433e+01
3.385089393014911963e+01 2.404055093875038551e+01
3.390082568859970991e+01 2.397413592941488503e+01
3.395079958664522479e+01 2.389846610155578688e+01
3.400065462941210370e+01 2.394277752203077725e+01
3.405091816079112021e+01 2.386326668285706631e+01
3.410090749058920068e+01 2.374416735028712111e+01
3.415074457596266910e+01 2.383664258950423331e+01
3.420065295071830036e+01 2.395209159176304681e+01
3.425051858506616043e+01 2.381078626231539985e+01
3.430084962655262615e+01 2.378320656298951974e+01
3.435071212962177611e+01 2.380599008317338416e+01
3.440066905842098777e+01 2.373617938766710012e+01
3.445042983328236375e+01 2.371667722378065335e+01
3.450043860660466777e+01 2.377224035749373954e+01
3.455076374242391068e+01 2.361894014982341261e+01
3.460068794302640782e+01 2.368825425123423045e+01
3.465065597891599936e+01 2.371816856318742239e+01
3.470061275611706719e+01 2.363585526487866417e+01
3.475062702078484023e+01 2.351619904378459935e+01
3.480052422475197460e+01 2.358920177974830423e+01
3.485065294727289142e+01 2.349627011867569948e+01
3.490062447937064150e+01 2.342625322347317507e+01
3.495074122486598611e+01 2.351365660336939101e+01
3.500077310510111062e+01 2.348076061240867318e+01
3.505065889052637829e+01 2.345065535260068401e+01
3.510073836994573782e+01 2.342186538698166487e+01
3.515075393740908538e+01 2.334743821302475553e+01
3.520070871574944249e+01 2.326121219591107092e+01
3.525045083160344461e+01 2.333625238947411162e+01
3.530049570869167752e+01 2.325114957388451842e+01
3.535059160776241782e+01 2.327822154440854163e+01
3.540068430971665947e+01 2.327753465725035653e+01
3.545074911362522840e+01 2.324041224203313405e+01
3.550036890253176836e+01 2.320848507102330061e+01
3.555064134077936444e+01 2.313597320431708226e+01
3.560078931342755482e+01 2.312058989766778083e+01
3.565108547588086907e+01 2.306358330035615367e+01
3.570094795766028284e+01 2.305040889054198772e+01
3.575062622600737683e+01 2.298748501640826092e+01
3.580091761654597349e+01 2.297421668609885259e+01
3.585068011788996500e+01 2.294113056662108363e+01
3.590063654732295362e+01 2.293539347764586367e+01
3.595064781968525836e+01 2.296031921315723423e+01
3.600064661787772025e+01 2.289886178625421564e+01
3.605065997098245134e+01 2.284132096096626086e+01
3.610055580292227972e+01 2.279797061285759696e+01
3.615066567295489364e+01 2.269340913059505738e+01
3.620070823995840925e+01 2.262673938835012066e+01
3.625063407140827110e+01 2.272251133080141727e+01
3.630053903480800415e+01 2.272193744465982235e+01
3.635076095548847519e+01 2.261393996729291800e+01
3.640064521820000465e+01 2.258399291964079936e+01
3.645059114817902213e+01 2.258591391254320868e+01
3.650037969898852452e+01 2.260529024878466942e+01
3.655041555911058992e+01 2.249350362112535251e+01
3.660066049185408588e+01 2.248348943830337632e+01
3.665073222235510997e+01 2.246299382367340769e+01
3.670097527299056139e+01 2.248857648272353416e+01
3.675066829186678774e+01 2.243497685841125744e+01
3.680079532898415096e+01 2.237447607868870492e+01
3.685063282247625693e+01 2.236951406963147448e+01
3.690036457791557467e+01 2.231338672134781831e+01
3.695044255330601146e+01 2.233119428595343336e+01
3.700056414896440060e+01 2.239050444023875386e+01
3.705061200566700563e+01 2.229451641426546615e+01
3.710054642744190545e+01 2.228283689863706130e+01
3.715099645420669816e+01 2.215697360596496068e+01
3.720099847428265605e+01 2.221139916998778219e+01
3.725092363794612282e+01 2.224712995734640231e+01
3.730065785688235991e+01 2.219325805810249008e+01
3.735047039871516006e+01 2.214264022865308945e+01
3.740074484956132039e+01 2.212739762589797721e+01
3.745078498921309773e+01 2.211251334056838758e+01
3.750081080030444269e+01 2.199958312041096420e+01
3.755066575910367987e+01 2.202823487522028501e+01
3.760075719290531993e+01 2.194005602613961159e+01
3.765058742029950167e+01 2.199337611260608583e+01
3.770070520800517500e+01 2.189727658079111094e+01
3.775074171766122078e+01 2.189419658806716384e+01
3.780054920228933923e+01 2.186032060399026733e+01
3.785028605357963016e+01 2.176841272240647740e+01
3.790014956604337470e+01 2.185284157446734099e+01
3.795070399093049929e+01 2.178491276962412115e+01
3.800064488374761140e+01 2.174232525744110589e+01
3.805063670460460656e+01 2.172654153749967421e+01
3.810066986978391412e+01 2.172094686514411421e+01
3.815047335562729103e+01 2.167459152025505276e+01
3.820070457166085731e+01 2.162707450736522929e+01
3.825054652004534717e+01 2.156842020926445613e+01
3.830059095506936728e+01 2.151380905257723342e+01
3.835060440364230061e+01 2.155346053460534606e+01
3.840060189880973240e+01 2.156026139749766202e+01
3.845047415235990229e+01 2.155288236380900813e+01
3.850045558810032276e+01 2.151512532959232260e+01
3.855068545891874265e+01 2.149932759662607040e+01
3.860077335274264954e+01 2.146638002727084427e+01
3.865079795446190758e+01 2.138941314434735474e+01
3.870069735860561622e+01 2.137286269128304284e+01
3.875074558129854552e+01 2.132690477184486255e+01
3.880072689471128911e+01 2.123932686938423231e+01
3.885070431159810767e+01 2.135574187690295389e+01
3.890076604177426134e+01 2.126596970076374049e+01
3.895077654249089250e+01 2.127674756006553736e+01
3.900065635008523657e+01 2.125340769051425482e+01
3.905068303866070778e+01 2.121459735418316228e+01
3.910086666979864845e+01 2.110564020547407083e+01
3.915075167994284300e+01 2.112937231362086976e+01
3.920080110904684290e+01 2.108742212882956935e+01
3.925051722509476093e+01 2.113054492324155120e+01
3.930049924941769746e+01 2.112633948231149716e+01
3.935068663145851531e+01 2.101817245408539137e+01
3.940062002802714858e+01 2.095830347837415175e+01
3.945094720807892230e+01 2.102941981555504469e+01
3.950072275578882852e+01 2.092292434291329073e+01
3.955068874417335678e+01 2.090574306960907336e+01
3.960047988298316568e+01 2.092016124094295648e+01
3.965028426911310078e+01 2.096284023574259692e+01
3.970050640123277219e+01 2.092525503137457932e+01
3.975057126679874386e+01 2.086836945304437307e+01
3.980063131454883063e+01 2.081561990964749853e+01
3.985062444376308832e+01 2.083078259905703433e+01
3.990046459422952552e+01 2.077439283254033242e+01
3.995030915473805777e+01 2.072032435549551721e+01
4.000070700697658310e+01 2.070330508408625647e+01
4.005068128997515231e+01 2.068284590415580482e+01
4.010049471442144409e+01 2.059602941233896800e+01
4.015069681665188028e+01 2.058659499215328026e+01
4.020082895179550064e+01 2.059359270236603123e+01
4.025072769209087653e+01 2.060042517140212581e+01
4.030051348483454632e+01 2.055519682347273402e+01
4.035072609931964394e+01 2.056216957345200669e+01
4.040037176569849464e+01 2.048644802076979587e+01
4.045042667732217012e+01 2.053146835743520526e+01
4.050053434909590777e+01 2.050220152217330138e+01
4.055043005389622834e+01 2.048911284730247928e+01
4.060045540580550494e+01 2.041996945092049387e+01
4.065048092584816430e+01 2.037215805332359508e+01
4.070078642837128058e+01 2.031199732031044647e+01
4.075040725570445943e+01 2.037624441362305561e+01
4.080059557345823151e+01 2.037036251302664880e+01
4.085087876590859679e+01 2.029565042749755932e+01
4.090052355963207731e+01 2.020830186826962560e+01
4.095053410493387958e+01 2.026117206973111351e+01
4.100046890014794343e+01 2.025515766270642004e+01
4.105055555589980543e+01 2.017281631885692761e+01
4.110055962388238271e+01 2.014318326786853319e+01
4.115058724083828423e+01 2.006119221865431967e+01
4.120063807828946523e+01 2.013368169680493480e+01
4.125078781157126429e+01 1.999808838848378656e+01
4.130070977352312411e+01 2.003077528576118382e+01
4.135072597204173661e+01 1.998001924440021071e+01
4.140062101981526865e+01 1.998874551492054863e+01
4.145046210781828933e+01 1.995064699080447213e+01
4.150064410670492521e+01 1.994587425464749231e+01
4.155055390754394296e+01 1.992124070372438993e+01
4.160071856321656014e+01 1.987696407157426393e+01
4.165062465436843553e+01 1.981195278528616655e+01
4.170074665647079826e+01 1.985388005564762182e+01
4.175092031344095034e+01 1.981212305950488783e+01
4.180083223468388809e+01 1.977525714657716449e+01
4.185091650497393800e+01 1.977882078655132148e+01
4.190058894312653592e+01 1.973422655254315927e+01
4.195057327773436384e+01 1.970200650661960751e+01
4.200054620451269471e+01 1.970467141159117475e+01
4.205070097649376493e+01 1.962930300838262099e+01
4.210104367677791259e+01 1.962238724752728913e+01
4.215062999266064736e+01 1.965922837904086151e+01
4.220062489273367845e+01 1.967253022546563557e+01
4.225072019983769422e+01 1.961992682719305847e+01
4.230080984542261291e+01 1.956716672649085353e+01
4.235048512465247939e+01 1.953995040417377993e+01
4.240039033711827443e+01 1.951245875959965659e+01
4.245058113897258067e+01 1.943952073165991123e+01
4.250051056501101243e+01 1.947370839076139148e+01
4.255075469310492764e+01 1.940512287988923390e+01
4.260088839389085535e+01 1.943738691919775263e+01
4.265066822100642696e+01 1.937432710989784113e+01
4.270042497031288775e+01 1.935934990506384068e+01
4.275056154529104191e+01 1.931248201192352454e+01
4.280061966166783094e+01 1.936044589247668668e+01
4.285072612642605350e+01 1.931163090114059244e+01
4.290063911686539910e+01 1.928227238800812771e+01
4.295047238065683359e+01 1.924618752055244997e+01
4.300068081100387474e+01 1.921872297125413454e+01
4.305065341004009127e+01 1.926273157649891843e+01
4.310092706765931325e+01 1.918157261588610751e+01
4.315079602200330555e+01 1.917582083640634849e+01
4.320049660447120488e+01 1.915824984805337650e+01
4.325044276895134487e+01 1.910121390250531093e+01
4.330057972539024291e+01 1.910819638510469431e+01
4.335073935269073786e+01 1.911461556292391961e+01
4.340062665975187173e+01 1.906390153346223926e+01
4.345083521863485743e+01 1.905707928964149289e+01
4.350080434733149559e+01 1.903473863472556005e+01
4.355066849370164306e+01 1.896466062865565405e+01
4.360066807944897249e+01 1.896991924205127233e+01
4.365063945197720585e+01 1.893260018287350022e+01
4.370057186563911955e+01 1.890373308353098381e+01
4.375058189073340742e+01 1.878174189710198760e+01
4.380066239129499195e+01 1.885966627172195942e+01
4.385070439948531629e+01 1.879093672348652788e+01
4.390071035686884926e+01 1.879257134045917965e+01
4.395067528124658196e+01 1.873481439636368506e+01
4.400082397187517103e+01 1.871248521693235389e+01
4.405064825126752481e+01 1.874884893735468339e+01
4.410055966609562716e+01 1.866747792564324726e+01
4.415064464392477106e+01 1.861580421927854090e+01
4.420062521994253046e+01 1.863358170706389316e+01
4.425074133285379219e+01 1.857283218412974080e+01
4.430056633737652305e+01 1.854689420104259767e+01
4.435070835691129076e+01 1.847892684174352240e+01
4.440078972329759210e+01 1.847166656018400133e+01
4.445074787044538311e+01 1.851370149465001447e+01
4.450068873751220622e+01 1.835339457542740504e+01
4.455068020915655325e+01 1.838810027709985917e+01
4.460077488805040957e+01 1.832339641494483828e+01
4.465062459263209860e+01 1.831122287493986178e+01
4.470071478766311657e+01 1.828565895149560561e+01
4.475070854589100833e+01 1.831730553899628688e+01
4.480054713876269545e+01 1.820279428235160069e+01
4.485054816752502660e+01 1.818511897114170495e+01
4.490070656619563039e+01 1.819029637364959839e+01
4.495070056087058674e+01 1.816199257449186533e+01
4.500056910314840763e+01 1.814161379383165951e+01
4.505070887203213914e+01 1.811696881370258083e+01
4.510061236772134663e+01 1.808617574083610435e+01
4.515073277013259201e+01 1.810073315764578794e+01
4.520069200387877117e+01 1.804759744309323111e+01
4.525066379076972112e+01 1.807015719512532215e+01
4.530070851487537453e+01 1.797215401751373776e+01
4.535066554677655404e+01 1.796272848629467589e+01
4.540070412847448011e+01 1.786426146682756411e+01
4.545055029283572168e+01 1.789527686190247024e+01
4.550056965286096755e+01 1.788382637855078983e+01
4.555054912766672004e+01 1.780093779372810303e+01
4.560058025539878912e+01 1.780507931299542079e+01
4.565062272089560480e+01 1.779922876693300537e+01
4.570060765623707510e+01 1.775410059976204025e+01
4.575072027820378651e+01 1.775345905149759318e+01
4.580063544467018488e+01 1.770167997338656107e+01
4.585061524648342157e+01 1.774741384752748630e+01
4.590038557800846775e+01 1.769707002301565169e+01
4.595044581013677742e+01 1.766947914807543540e+01
4.600053540272723041e+01 1.763477620386422373e+01
4.605059275114101780e+01 1.760066013918205385e+01
4.610084778734601940e+01 1.762296714435615996e+01
4.615078372778435067e+01 1.758737636678446847e+01
4.620079763110578597e+01 1.752748531251296882e+01
4.625069257879680862e+01 1.755289296288737333e+01
4.630076930310873706e+01 1.752297657175705936e+01
4.635061760445957191e+01 1.750940207779082414e+01
4.640048883980021799e+01 1.745865654566997449e+01
4.645059142980773004e+01 1.744664299076347547e+01
4.650073860852782559e+01 1.741559371781518095e+01
4.655062247296019962e+01 1.739557816554495417e+01
4.660054129780100141e+01 1.731376465290588484e+01
4.665067910891992398e+01 1.733816840277777516e+01
4.670057831041176399e+01 1.729327113126380766e+01
4.675073081291679244e+01 1.722946761994290554e+01
4.680064903311568969e+01 1.725265578067194738e+01
4.685054893440595691e+01 1.725751214469391215e+01
4.690047720868597025e+01 1.723192582239017767e+01
4.695055373767551288e+01 1.715731539345922840e+01
4.700068443481134040e+01 1.717910791565768847e+01
4.705054892794714760e+01 1.718856162522081732e+01
4.710090191639649504e+01 1.712266931851485197e+01
4.715086923685525022e+01 1.708526316088428487e+01
4.720079403182356970e+01 1.703524274163283536e+01
4.725071271028107134e+01 1.704995957733493839e+01
4.730064744448333869e+01 1.702059267265644493e+01
4.735056319112582912e+01 1.698168434104294278e+01
4.740048645981774200e+01 1.690774167837156838e+01
4.745072982557754671e+01 1.692853174714514353e+01
4.750080386038112579e+01 1.690799787765816475e+01
4.755087940005583391e+01 1.686442721575449610e+01
4.760072805312179867e+01 1.688050216201607867e+01
4.765067020928979247e+01 1.680695192926533466e+01
4.770065166037148430e+01 1.678884625695328836e+01
4.775059472584882059e+01 1.676597886539062543e+01
4.780054320846981142e+01 1.668646067259973975e+01
4.785051871527539191e+01 1.671197712364439170e+01
4.790068485360295369e+01 1.670151489652851140e+01
4.795068468835729902e+01 1.664047743966422033e+01
4.800081266340075814e+01 1.662492955849325327e+01
4.805067758293061075e+01 1.653227175174648877e+01
4.810057955891159054e+01 1.659208614753739042e+01
4.815065247583424224e+01 1.655955932359531602e+01
4.820058876752798938e+01 1.657229080034489144e+01
4.825062758151098308e+01 1.648245385415224362e+01
4.830050891861813511e+01 1.650131751236351363e+01
4.835059949104871180e+01 1.647549069927009668e+01
4.840061817680124534e+01 1.642396854781556570e+01
4.845059197059676848e+01 1.644415320409262193e+01
4.850071348765496282e+01 1.641199274984003154e+01
4.855070861047948938e+01 1.638887623894990497e+01
4.860079885823664370e+01 1.634328152734116202e+01
4.865073159027676297e+01 1.631665717943167593e+01
4.870062505589664426e+01 1.633226363893740896e+01
4.875064142241748044e+01 1.627994276029081178e+01
4.880070725855863856e+01 1.626695567330879300e+01
4.885077510260894940e+01 1.626070790170212632e+01
4.890071465607211110e+01 1.623536110207352934e+01
4.895074531240822324e+01 1.622799151581335053e+01
4.900073502381767554e+01 1.619271638918192835e+01
4.905077811013303801e+01 1.616236575140057141e+01
4.910070723550170868e+01 1.611012836733618059e+01
4.915070259051960733e+01 1.610473303344416252e+01
4.920063847882943975e+01 1.610599104845962515e+01
4.925059680352623559e+01 1.610390834488682898e+01
4.930058817457437215e+01 1.608357400161480655e+01
4.935066150186425205e+01 1.598834455248067954e+01
4.940082702243974921e+01 1.600082317992213987e+01
4.945071213629248774e+01 1.599713609762171451e+01
4.950066337522281401e+01 1.592747720867271610e+01
4.955070025329212768e+01 1.595160367429931725e+01
4.960068424121411823e+01 1.590850016834580849e+01
4.965064114312914256e+01 1.583087172348383298e+01
4.970072747776619337e+01 1.587774824867757140e+01
4.975072021790703047e+01 1.584402188283799084e+01
4.980057431660738132e+01 1.578877693282636230e+01
4.985075637656007075e+01 1.582675306895217915e+01
4.990071580811433449e+01 1.576083213518646708e+01
4.995063927006449234e+01 1.578288462416485238e+01
5.000060084925996762e+01 1.576529563502611353e+01
5.005045873064565853e+01 1.571704969132372121e+01
5.010048364727365566e+01 1.570835905078758188e+01
5.015058301511334093e+01 1.571879199857314724e+01
5.020059771037254848e+01 1.566332131410256423e+01
5.025046478966564933e+01 1.566400315042261582e+01
5.030058377984222062e+01 1.565514789885212110e+01
5.035069760041683651e+01 1.560291039781014533e+01
5.040084924235802077e+01 1.558147422239050073e+01
5.045068624624399689e+01 1.557564535917273929e+01
5.050060330114866503e+01 1.553821463700840333e+01
5.055056632414860474e+01 1.551598009950248880e+01
5.060048892831081702e+01 1.549358644137647012e+01
5.065076270012374238e+01 1.548322303623204377e+01
5.070074418145034656e+01 1.545459674254317228e+01
5.075072033235919378e+01 1.536777036878057601e+01
5.080056856830650247e+01 1.538222256452385928e+01
5.085063996342848469e+01 1.535761773257937790e+01
5.090079576010987950e+01 1.530347882059496811e+01
5.095067199178613038e+01 1.532190219189815217e+01
5.100077085900777263e+01 1.529255842782659514e+01
5.105066948456282461e+01 1.528391706631788161e+01
5.110067782431391947e+01 1.526846856671998331e+01
5.115071056813979311e+01 1.523759861249954817e+01
5.120086418384877192e+01 1.516881063600431112e+01
5.125089251453216832e+01 1.518060792761636435e+01
5.130069535899511379e+01 1.511003846190736688e+01
5.135077314432863460e+01 1.512867451966516441e+01
5.140079527368695267e+01 1.511885625965996915e+01
5.145076795720253671e+01 1.501896628849887705e+01
5.150067190460001854e+01 1.502360319270239408e+01
5.155055705950405098e+01 1.497195766819713292e+01
5.160060338144170089e+01 1.501137366338700474e+01
5.165077786608629395e+01 1.492973013751270095e+01
5.170079892531500576e+01 1.495464114039449832e+01
5.175076409355646234e+01 1.490502008741855988e+01
5.180081050879348936e+01 1.490450383766760467e+01
5.185063236522091756e+01 1.485826436164703601e+01
5.190063627192509443e+01 1.488631224508484863e+01
5.195045194769984676e+01 1.480903970712475548e+01
5.200055348012200085e+01 1.482166133069445202e+01
5.205073650353721604e+01 1.479554054618049364e+01
5.210082264320564605e+01 1.475840945490437051e+01
5.215074029641194642e+01 1.475115350166389661e+01
5.220060961371469688e+01 1.475050811603019696e+01
5.225071803781900570e+01 1.470523956062345938e+01
5.230056258642265021e+01 1.469334336034156685e+01
5.235053885698353326e+01 1.466273680524841438e+01
5.240052133702501891e+01 1.463170585941375812e+01
5.245061225630747259e+01 1.457689313050090263e+01
5.250071488624668348e+01 1.455121818466960093e+01
5.255058134901026534e+01 1.456010623842441909e+01
5.260070941839639147e+01 1.455192742371941073e+01
5.265077959906204796e+01 1.450960855717531039e+01
5.270071039049599904e+01 1.449759914737349220e+01
5.275067087002464206e+01 1.448787241212849963e+01
5.280057513073043651e+01 1.445200415113963288e+01
5.285048295724897827e+01 1.438411698283649365e+01
5.290064806091204730e+01 1.437070747745335986e+01
5.295076237312280654e+01 1.437684808878927356e+01
5.300071428026349452e+01 1.432906482106684720e+01
5.305094238809233786e+01 1.433749662721906759e+01
5.310087107769089698e+01 1.433918370381049279e+01
5.315076924934483316e+01 1.431409424698545507e+01
5.320050195368721546e+01 1.425593822629420515e+01
5.325049837735429747e+01 1.420736628547075497e+01
5.330065167941499737e+01 1.425714187405794142e+01
5.335069576743354247e+01 1.421575542497079425e+01
5.340090396500927739e+01 1.416553403105456610e+01
5.345084246007032647e+01 1.419076765961961861e+01
5.350083523446005529e+01 1.415517279510963000e+01
5.355075183860127197e+01 1.411390553125144720e+01
5.360082432592102464e+01 1.409671356893542793e+01
5.365091818824257075e+01 1.406989183183461734e+01
5.370059238608737218e+01 1.402542249993408596e+01
5.375066957950130586e+01 1.397696964016357057e+01
5.380067487411135829e+01 1.398037719120091182e+01
5.385058139128504706e+01 1.398090175295913085e+01
5.390070192466438925e+01 1.394028291358248417e+01
5.395078131761895435e+01 1.388997032046930258e+01
5.400058870545096568e+01 1.390633417902198943e+01
5.405068033207550116e+01 1.386121695066050385e+01
5.410072161653349809e+01 1.381460642559856034e+01
5.415067609690787265e+01 1.385555569919440266e+01
5.420060581925445575e+01 1.377144458576756492e+01
5.425053353070867246e+01 1.380172110692816290e+01
5.430068570154838170e+01 1.379538423383070800e+01
5.435066411431858313e+01 1.374938084931647353e+01
5.440080914129376310e+01 1.374397804903459708e+01
5.445080163590567679e+01 1.370973247547762952e+01
5.450081660501099634e+01 1.366150017797213323e+01
5.455078215982349121e+01 1.367908662845798240e+01
5.460050313376459741e+01 1.366831978663957337e+01
5.465064987509153127e+01 1.362005126503770924e+01
5.470081260773268639e+01 1.362553833714568263e+01
5.475070460284505458e+01 1.359382584919101333e+01
5.480047950030435544e+01 1.356748524892504726e+01
5.485062926285060314e+01 1.355072367049009507e+01
5.490064179093323560e+01 1.353393407299800977e+01
5.495054313845735550e+01 1.350663454195304780e+01
5.500079655004624613e+01 1.348130525155893800e+01
5.505072119771764960e+01 1.345777139714293646e+01
5.510064043814401913e+01 1.350232310129345237e+01
5.515067446589753075e+01 1.338734284033679778e+01
5.520076119843602669e+01 1.338655729050670828e+01
5.525078088792644593e+01 1.341020552696399193e+01
5.530081900620841395e+01 1.337295336061842477e+01
5.535082610383302892e+01 1.334529686636476775e+01
5.540073174404310663e+01 1.330383108492272726e+01
5.545062967977569457e+01 1.330919736425892452e+01
5.550057000431460352e+01 1.329114016230010087e+01
5.555071841742697103e+01 1.324194436457294621e+01
5.560062756007631890e+01 1.321927013357328207e+01
5.565055936735502939e+01 1.323843556338099958e+01
5.570060012874240130e+01 1.319123431830385407e+01
5.575053199084554478e+01 1.315908628532832125e+01
5.580071707753494792e+01 1.314513619934824540e+01
5.585068299905342570e+01 1.310551886180444114e+01
5.590076095627701847e+01 1.308568016105225240e+01
5.595061593594395077e+01 1.305383586083853764e+01
5.600059719570929673e+01 1.303928426662814033e+01
5.605071976431674585e+01 1.305046152979678098e+01
5.610071043481956110e+01 1.299848373847040683e+01
5.615079356577659553e+01 1.295513347001969962e+01
5.620061827311953806e+01 1.296635374820587927e+01
5.625076579374169228e+01 1.292325562503467218e+01
5.630076324283498934e+01 1.290569881428804067e+01
5.635054101137028226e+01 1.286512032951101503e+01
5.640050948138840425e+01 1.287193612169120982e+01
5.645054455800144666e+01 1.284714701182989494e+01
5.650073481325052427e+01 1.286460398096164859e+01
5.655073477457435871e+01 1.282295304560250848e+01
5.660073824559485445e+01 1.277953906102250414e+01
5.665074086704029810e+01 1.276441128674841252e+01
5.670079376222318501e+01 1.276761310385123593e+01
5.675065281761889935e+01 1.271191108973044592e+01
5.680050522544234326e+01 1.270546930127150453e+01
5.685029008354570834e+01 1.268153240495916378e+01
5.690039644117692319e+01 1.266876637061422528e+01
5.695066971981956527e+01 1.264295774374276426e+01
5.700060778658993144e+01 1.262915683204412076e+01
5.705072362469287839e+01 1.262617679115211722e+01
5.710062844583793407e+01 1.260185379503322878e+01
5.715063642460044946e+01 1.256292647115644812e+01
5.720052563749149499e+01 1.253092748512831456e+01
5.725057250158966582e+01 1.248986256529486916e+01
5.730070061666543069e+01 1.248943540040432154e+01
5.735059468705980379e+01 1.250142373373694760e+01
5.740068046681047065e+01 1.242237660561942825e+01
5.745062246045310417e+01 1.241588646853100109e+01
5.750071044277198240e+01 1.241197598278269965e+01
5.755079038725750706e+01 1.239546120951798081e+01
5.760081478585422587e+01 1.237036688742225010e+01
5.765084819486575185e+01 1.236717357524793215e+01
5.770069974390386847e+01 1.234340404718993867e+01
5.775064567173122754e+01 1.230765925875454769e+01
5.780071185781467591e+01 1.230371504989703446e+01
5.785070888559319968e+01 1.226830749412573596e+01
5.790063092839579895e+01 1.223737858211097063e+01
5.795076274408464201e+01 1.223428035941306113e+01
5.800068408155547672e+01 1.219368742838188169e+01
5.805066207662181199e+01 1.218135923094663653e+01
5.810058441680767771e+01 1.217803097021777248e+01
5.815050057807743400e+01 1.215325581308383285e+01
5.820058481270466899e+01 1.212330229761153433e+01
5.825054799922251192e+01 1.210779293064677020e+01
5.830062176282278585e+01 1.206877095231462249e+01
5.835064111592163982e+01 1.207246954944282002e+01
5.840075419903320153e+01 1.204028342178698630e+01
5.845083088551552919e+01 1.201570762340120879e+01
5.850080154356264472e+01 1.203319284039116788e+01
5.855080032980847449e+01 1.199041536504385874e+01
5.860057089650905482e+01 1.195594028422060262e+01
5.865057581360016314e+01 1.196216326425650855e+01
5.870061249080675481e+01 1.192590583918507896e+01
5.875063584132967520e+01 1.190222875749886278e+01
5.880052804622530971e+01 1.187266799675356310e+01
5.885049062313584045e+01 1.185224039958673536e+01
5.890068540929838292e+01 1.183798895853283462e+01
5.895074667686701986e+01 1.181991309142323665e+01
5.900079285975216692e+01 1.177893069364224665e+01
5.905072163601161606e+01 1.178561338961614879e+01
5.910053840968517136e+01 1.175341383519690197e+01
5.915055836907099263e+01 1.174458659996246190e+01
5.920078583096847069e+01 1.171273670227546049e+01
5.925078445624479428e+01 1.168445797258297247e+01
5.930073572141976967e+01 1.168547956581054592e+01
5.935077471148129291e+01 1.164899461863177876e+01
5.940084008989509812e+01 1.161900801667582783e+01
5.945076794887749827e+01 1.163539407965767758e+01
5.950063683779239909e+01 1.159360875180052730e+01
5.955077877209936332e+01 1.157787325360535924e+01
5.960060236443837312e+01 1.157202740916440398e+01
5.965054645934751676e+01 1.156003519626088583e+01
5.970063068222594893e+01 1.152790220281014655e+01
5.975062169048680261e+01 1.151955040679664322e+01
5.980081898179457056e+01 1.149024033957690527e+01
5.985070991520160533e+01 1.147109365605924403e+01
5.990063533403414198e+01 1.144128926126926693e+01
5.995058497985625223e+01 1.145195058186044257e+01
6.000058384167378733e+01 1.138058517723932894e+01
6.005053987652184588e+01 1.137294151375138362e+01
6.010045421237759911e+01 1.137254286471630316e+01
6.015064859381300977e+01 1.136421740521961787e+01
6.020071100610303461e+01 1.133826016830661843e+01
6.025064422090846250e+01 1.129537426613630124e+01
6.030080715923693901e+01 1.126958261221370705e+01
6.035080229029196630e+01 1.126800441621041848e+01
6.040061132077143924e+01 1.126850473225534266e+01
6.045063089445540783e+01 1.122269091800499652e+01
6.050051327979302584e+01 1.119433612722377980e+01
6.055046586021543931e+01 1.120376349900350732e+01
6.060066561403655072e+01 1.116251436116398388e+01
6.065060531728364168e+01 1.113595619588204144e+01
6.070058213762547439e+01 1.112228115708526666e+01
6.075049250711255411e+01 1.109548431958121739e+01
6.080072220556943563e+01 1.107659015301031324e+01
6.085080501817724041e+01 1.105785979220885729e+01
6.090072241368302031e+01 1.103772121782286320e+01
6.095072344314405655e+01 1.102075831806756767e+01
6.100064471556180479e+01 1.100705152949621812e+01
6.105074558218583292e+01 1.098718471095356186e+01
6.110075563535039578e+01 1.098985010316786060e+01
6.115084051183571034e+01 1.096229731693060394e+01
6.120073852296442141e+01 1.093689430654509209e+01
6.125069677240534105e+01 1.093287967728101151e+01
6.130078678126051983e+01 1.091709136549741643e+01
6.135074668185310287e+01 1.088658136022507783e+01
6.140074771504353635e+01 1.087732317582684161e+01
6.145066576833651339e+01 1.086061014312019779e+01
6.150056726797252082e+01 1.085549937383117935e+01
6.155052199605525942e+01 1.083807637756128450e+01
6.160067465714389101e+01 1.078650374167502335e+01
6.165067242892764909e+01 1.080130474309748401e+01
6.170067030649844497e+01 1.078948982043866955e+01
6.175066561361092710e+01 1.074413013644138637e+01
6.180067991116586512e+01 1.074746382795983024e+01
6.185058426725945679e+01 1.069349522103641981e+01
6.190038579212198044e+01 1.068692378509896734e+01
6.195062912658430321e+01 1.064688502268048076e+01
6.200054455848771084e+01 1.063440022297647225e+01
6.205045608676216062e+01 1.063236588955765249e+01
6.210065680711953462e+01 1.062185830690047794e+01
6.215064819109176142e+01 1.059209824866230854e+01
6.220063023545002778e+01 1.056351743499251228e+01
6.225056036774524415e+01 1.053152408879252455e+01
6.230057029581633543e+01 1.050218566166901013e+01
6.235056477868997149e+01 1.050393240807996165e+01
6.240070311510407208e+01 1.048494565410149448e+01
6.245087981397324484e+01 1.045851715079819755e+01
6.250075171045033784e+01 1.045134510808066963e+01
6.255079729562886115e+01 1.042969843285921705e+01
6.260063960014294082e+01 1.038942479717247558e+01
6.265063784798040558e+01 1.038699908969107177e+01
6.270068305958778154e+01 1.037112276806931455e+01
6.275066561381144226e+01 1.034946184970173810e+01
6.280070487697192050e+01 1.032775115012223033e+01
6.285071948848923284e+01 1.031231403889551679e+01
6.290083993008494190e+01 1.029325665578688920e+01
6.295081676641085977e+01 1.027018160515524414e+01
6.300068683398932734e+01 1.023508003048780424e+01
6.305066180073792736e+01 1.024827580165268159e+01
6.310071566505131813e+01 1.020256263759220872e+01
6.315063473160932972e+01 1.019154885298376634e+01
6.320071410390065125e+01 1.019692978099819136e+01
6.325070212739828435e+01 1.018777910704734424e+01
6.330067373965293598e+01 1.014096587906695746e+01
6.335086637769684614e+01 1.015351915533359772e+01
6.340075853883547552e+01 1.011035955126993002e+01
6.345085909834993743e+01 1.011883472585142130e+01
6.350074052305416927e+01 1.005013850851512558e+01
6.355074211049213773e+01 1.001996724890829604e+01
6.360070004991064252e+01 1.002420758415372326e+01
6.365046078357857340e+01 1.001873641100614876e+01
6.370059063423332191e+01 9.985162106948237692e+00
6.375058423596151158e+01 9.979579650558870085e+00
6.380070654720426404e+01 9.956640331366951813e+00
6.385073591118687375e+01 9.931231655850959683e+00
6.390071077096509811e+01 9.905458437664224292e+00
6.395066974511460245e+01 9.901154302858973466e+00
6.400073832788034167e+01 9.870517491481967554e+00
6.405072727132748867e+01 9.853581750299241548e+00
6.410042485383993949e+01 9.828378793705510930e+00
6.415040342529097472e+01 9.805590718267181316e+00
6.420058933624704878e+01 9.784224541300881484e+00
6.425075689310219218e+01 9.793823099415204680e+00
6.430074059785791007e+01 9.773828148966194007e+00
6.435073239392266942e+01 9.753513029661178280e+00
6.440068334788421112e+01 9.720044946283708853e+00
6.445081674355536450e+01 9.729831387415167399e+00
6.450077001850063141e+01 9.683637830355587894e+00
6.455062786306609723e+01 9.682526550250543096e+00
6.460074774320564472e+01 9.693967745701373318e+00
6.465057417145177965e+01 9.644402883363115464e+00
6.470063659512929632e+01 9.621130784131937119e+00
6.475068947408398401e+01 9.606215828547078672e+00
6.480066604957306708e+01 9.600414238424622937e+00
6.485070380543818658e+01 9.577056132795163990e+00
6.490082017193319075e+01 9.579467515771220576e+00
6.495091978387250720e+01 9.530471961922431845e+00
6.500079650806792131e+01 9.524728249490001630e+00
6.505077306231818568e+01 9.497955060609047706e+00
6.510072438062935873e+01 9.477706183063633105e+00
6.515060376587864255e+01 9.479029897024012996e+00
6.520062617090036383e+01 9.461809837116440747e+00
6.525067363761262129e+01 9.428306243893773697e+00
6.530069142186557940e+01 9.434167221139679427e+00
6.535065255382559712e+01 9.390741257749594340e+00
6.540072432906758593e+01 9.388510816312702900e+00
6.545072134725472779e+01 9.381162488921242826e+00
6.550067517520525939e+01 9.354204659097593577e+00
6.555061567814142620e+01 9.350251262938495955e+00
6.560071804978089460e+01 9.302514960765966734e+00
6.565074992402898602e+01 9.302741021901230312e+00
6.570073563602359457e+01 9.287682456209777726e+00
6.575081836235639798e+01 9.280921935835198866e+00
6.580067310797147684e+01 9.251030284337915077e+00
6.585061954733382095e+01 9.224665604748084391e+00
6.590052302224263769e+01 9.213412519381201093e+00
6.595052826667320289e+01 9.181459925701974001e+00
6.600053918408119102e+01 9.179031968546794928e+00
6.605046954238856927e+01 9.155313389072752273e+00
6.610057363466796687e+01 9.134098647181231101e+00
6.615059008408327657e+01 9.130358954114271341e+00
6.620061791133673523e+01 9.107906738073040742e+00
6.625064855268836084e+01 9.092887996471066714e+00
6.630072856218191646e+01 9.072600815678057984e+00
6.635065875684698256e+01 9.054547611344764491e+00
6.640064264940966154e+01 9.049224813949637181e+00
6.645073824784918770e+01 9.031542548161647588e+00
6.650067115149393260e+01 9.010770142264670213e+00
6.655065369910670370e+01 8.994659365727320832e+00
6.660067342842303617e+01 8.991907356909550231e+00
6.665061323825229067e+01 8.960075238283160104e+00
6.670060323996554530e+01 8.943937686415400989e+00
6.675068430972328315e+01 8.937884328979205151e+00
6.680058418726099490e+01 8.915533140966038772e+00
6.685071694749524340e+01 8.883672142064058974e+00
6.690068793049118767e+01 8.880464028654852626e+00
6.695061923607941878e+01 8.839161819575483747e+00
6.700068639194881825e+01 8.847614347241028909e+00
6.705067682126600914e+01 8.808150265345734198e+00
6.710077604805209717e+01 8.797247897182147724e+00
6.715060699182339476e+01 8.789529140553048236e+00
6.720066061294389215e+01 8.762343717332218063e+00
6.725075986721213894e+01 8.717438137111857444e+00
6.730052522264658421e+01 8.726316054691437785e+00
6.735062924116799365e+01 8.714141821950477151e+00
6.740060732150529077e+01 8.688626812501739849e+00
6.745053620466653399e+01 8.677566105098739158e+00
6.750066425390348002e+01 8.647544607610926803e+00
6.755082937688051459e+01 8.652081061810394047e+00
6.760072503679658951e+01 8.616153672241155803e+00
6.765062988820275791e+01 8.587983246534953707e+00
6.770069412468146197e+01 8.598977055475703679e+00
6.775062100887190297e+01 8.574696350419261037e+00
6.780056248816653408e+01 8.542489379031016128e+00
6.785055195196578381e+01 8.537347746086370037e+00
6.790059441818515040e+01 8.530885798410531962e+00
6.795044836699864277e+01 8.487737760502811923e+00
6.800048085798178477e+01 8.483374488610090580e+00
6.805067835923897235e+01 8.490369289620167237e+00
6.810072656466435603e+01 8.445811831713307072e+00
6.815070145771700538e+01 8.459159318032215324e+00
6.820064337944950239e+01 8.436131213102266102e+00
6.825063037684658696e+01 8.396660596505380880e+00
6.830061409162452435e+01 8.402228724523657988e+00
6.835082789549002769e+01 8.386198063846920903e+00
6.840074162891980336e+01 8.367230339288862950e+00
6.845061665390170447e+01 8.340324136184610992e+00
6.850060607525895762e+01 8.323293425069634210e+00
6.855041616181789266e+01 8.316674957648766409e+00
6.860055351875693930e+01 8.282950319583584076e+00
6.865067407391181575e+01 8.296636079510605555e+00
6.870082429657925616e+01 8.260897497671130907e+00
6.875066073594551597e+01 8.247564171414495604e+00
6.880065260215600631e+01 8.251402810385030762e+00
6.885081659029681589e+01 8.243822143012923931e+00
6.890064504945875967e+01 8.200703765846384385e+00
6.895067122144425298e+01 8.190412411073696219e+00
6.900074781618619113e+01 8.177903279464215913e+00
6.905078903998277440e+01 8.164839198692000366e+00
6.910062926068043510e+01 8.158889948579089335e+00
6.915076312115429857e+01 8.128852129790498537e+00
6.920087728366590341e+01 8.088401240129877934e+00
6.925064015234329418e+01 8.098993215750194707e+00
6.930071161473770758e+01 8.062909494360631868e+00
6.935069662042847938e+01 8.072869120775619578e+00
6.940067336527617670e+01 8.022198359351278896e+00
6.945052358078594068e+01 8.015797336677856322e+00
6.950069882003045052e+01 7.993953051643193142e+00
6.955065043974518346e+01 7.980245552763687300e+00
6.960063238637687277e+01 7.965176915269660540e+00
6.965076356245934619e+01 7.938978419665962072e+00
6.970066267261935877e+01 7.916374949861173960e+00
6.975077150840287743e+01 7.921123100199702449e+00
6.980064065908266002e+01 7.895799103906197658e+00
6.985059517066410706e+01 7.888696649169046893e+00
6.990058917780882553e+01 7.867880773306453968e+00
6.995052199767907553e+01 7.840468865720958469e+00
7.000053278111315080e+01 7.820118711332835204e+00
7.005054756946375960e+01 7.817168141592920172e+00
7.010071906655107910e+01 7.803169805790419744e+00
7.015073724783538012e+01 7.783661207642634139e+00
7.020076257112617668e+01 7.772230624837903612e+00
7.025071380996972437e+01 7.762669216413848439e+00
7.030079663510109356e+01 7.741214342061734754e+00
7.035073212561979972e+01 7.741407708709454383e+00
7.040052429241477228e+01 7.709984676553089500e+00
7.045058297496383659e+01 7.687256301793821578e+00
7.050059401138639714e+01 7.703486666759783219e+00
7.055066771787184621e+01 7.670022107926185662e+00
7.060067847038419586e+01 7.639998043974998154e+00
7.065080545095293019e+01 7.636725760477777847e+00
7.070079978376851670e+01 7.620025349508249057e+00
7.075070557410046490e+01 7.592306408312584409e+00
7.080069760468173001e+01 7.600263769468996955e+00
7.085076568503940564e+01 7.577264308777344581e+00
7.090068528896773614e+01 7.550269264773668887e+00
7.095067439269951137e+01 7.532844695322768125e+00
7.100072450262976531e+01 7.519584468450358550e+00
7.105057251719182432e+01 7.508044146304902355e+00
7.110068585668089725e+01 7.501538922566910905e+00
7.115074285288213218e+01 7.475341728768979621e+00
7.120076272882748469e+01 7.452116202513995091e+00
7.125077295257317189e+01 7.453578657795725704e+00
7.130061307931975989e+01 7.441809060572653678e+00
7.135057697783859965e+01 7.415955476104993949e+00
7.140051818309896703e+01 7.409193457765045565e+00
7.145058945612221635e+01 7.392607625710841290e+00
7.150064250041292269e+01 7.368869770418069898e+00
7.155074281030603345e+01 7.341055243584060364e+00
7.160077175329789156e+01 7.350576959602960869e+00
7.165072107790369671e+01 7.320154202782938491e+00
7.170061197859612889e+01 7.314367088919802029e+00
7.175068484188005868e+01 7.293621366792455873e+00
7.180069797357522532e+01 7.284490052412680328e+00
7.185052908346605705e+01 7.275110711252288809e+00
7.190049244058428712e+01 7.246421874904569016e+00
7.195053709001591358e+01 7.236976486759356675e+00
7.200073012147062457e+01 7.252707191042619073e+00
7.205075630080007443e+01 7.204335701156934668e+00
7.210071330313708415e+01 7.196029461770135249e+00
7.215064984114650315e+01 7.195171852919409083e+00
7.220059128500021473e+01 7.176053782574310702e+00
7.225074277424388924e+01 7.159766527059708174e+00
7.230070284600866160e+01 7.134883451905836615e+00
7.235076160584758043e+01 7.131349059591060247e+00
7.240070180179232295e+01 7.095404193153074246e+00
7.245056331583070630e+01 7.098955924855491872e+00
7.250071177019162860e+01 7.097595958555058537e+00
7.255074361448450304e+01 7.060578550232742501e+00
7.260075840165679040e+01 7.053427961543633273e+00
7.265067087776864696e+01 7.044938263612396945e+00
7.270069141245362232e+01 7.014345048456239518e+00
7.275062612949844265e+01 7.013081445979952200e+00
7.280060566645578035e+01 6.989931083121518007e+00
7.285083494007679406e+01 6.992181200630784410e+00
7.290074926781362308e+01 6.948422538002466453e+00
7.295071018587948686e+01 6.945974405910622096e+00
7.300075757484900407e+01 6.926088745106012468e+00
7.305066473261940985e+01 6.929877608769202446e+00
7.310065101246341612e+01 6.885920813451488876e+00
7.315065952968613772e+01 6.899498382812620179e+00
7.320053081975895282e+01 6.871733668639193660e+00
7.325048511196247603e+01 6.866806443845399066e+00
7.330055218649900439e+01 6.855469429593789243e+00
7.335057734944857089e+01 6.842221420438305834e+00
7.340073750616149084e+01 6.826920623401552923e+00
7.345066119334092036e+01 6.809636943571462098e+00
7.350069271235936696e+01 6.803107820208786904e+00
7.355065125487764988e+01 6.801587144259763740e+00
7.360067355715841586e+01 6.772356031563925072e+00
7.365065198231539512e+01 6.758031576008028729e+00
7.370058815992244661e+01 6.754405207217980767e+00
7.375074490261759763e+01 6.738350998552182780e+00
7.380071985283433378e+01 6.722362962104531547e+00
7.385058263397081646e+01 6.699046142575847185e+00
7.390056078789331195e+01 6.690863562922968910e+00
7.395068617524700016e+01 6.667449361491876836e+00
7.400068845601435896e+01 6.657829072656781477e+00
7.405069234902053665e+01 6.655617018934389506e+00
7.410075148925902511e+01 6.630861830706799687e+00
7.415065451124954166e+01 6.617755067068283203e+00
7.420056880557223167e+01 6.613700938664702988e+00
7.425046977775809864e+01 6.569619149553691528e+00
7.430067703812518687e+01 6.561922788257248840e+00
7.435078812041055585e+01 6.545058406283837726e+00
7.440072909355558295e+01 6.552798962599522881e+00
7.445069986529563266e+01 6.545996413063567054e+00
7.450061340117312625e+01 6.514251574092778441e+00
7.455057097008574374e+01 6.516833251629536861e+00
7.460055163076238216e+01 6.488694103959023352e+00
7.465072268894796537e+01 6.476791525892167556e+00
7.470068041522551994e+01 6.471967260404031919e+00
7.475074307693199671e+01 6.461979006509356083e+00
7.480074283832119875e+01 6.440697081903727472e+00
7.485075224222836709e+01 6.427191838329052942e+00
7.490079641521823817e+01 6.413954522163743732e+00
7.495062089049905296e+01 6.398278145844296994e+00
7.500065700575025573e+01 6.404212265821290551e+00
7.505060954964648090e+01 6.382486729825975758e+00
7.510068713387616413e+01 6.369443189342018030e+00
7.515072625551053420e+01 6.350941238022363322e+00
7.520069140860303492e+01 6.333890995281779013e+00
7.525086333528427929e+01 6.319356656063400912e+00
7.530082937888276717e+01 6.307145759019254783e+00
7.535074694540101348e+01 6.286708265654209704e+00
7.540074504067418104e+01 6.280731264024017158e+00
7.545074662538237931e+01 6.273046763995453468e+00
7.550056337259302097e+01 6.256003478823220831e+00
7.555052049369368206e+01 6.248707513288637827e+00
7.560065310698057317e+01 6.225379515226959093e+00
7.565075416816121390e+01 6.223441746508602712e+00
7.570071701664222985e+01 6.209349714717401270e+00
7.575061222851250875e+01 6.173901975444715085e+00
7.580065553187749572e+01 6.188229597531351267e+00
7.585058469350046551e+01 6.171538473423297866e+00
7.590066946690396321e+01 6.146627276720367128e+00
7.595068836056216810e+01 6.128464285714286142e+00
7.600060267883431209e+01 6.121628968879087473e+00
7.605067801604742783e+01 6.104164827559900530e+00
7.610063384076626392e+01 6.104593776216442613e+00
7.615078978067847970e+01 6.084521614523207944e+00
7.620064171822374988e+01 6.069043212448413271e+00
7.625054711672333951e+01 6.056759740668197445e+00
7.630061089920927486e+01 6.037682817064333740e+00
7.635063093560049197e+01 6.041583772186463364e+00
7.640070055742589261e+01 6.011662781956919943e+00
7.645076656619778532e+01 5.992400429435709164e+00
7.650077950005926652e+01 5.993591705189139418e+00
7.655064655604263635e+01 5.972529048298287790e+00
7.660067666767272954e+01 5.961618511395016640e+00
7.665071231411040742e+01 5.957184595210663680e+00
7.670071940767236640e+01 5.944763850460073940e+00
7.675062818207145199e+01 5.924832532377791949e+00
7.680054458200679335e+01 5.911141239605935738e+00
7.685066700412623675e+01 5.902966470530506271e+00
7.690075471397413764e+01 5.883429811325993519e+00
7.695071244317165338e+01 5.881588390974745728e+00
7.700064457769639148e+01 5.848005551217555720e+00
7.705070218816516103e+01 5.839514033222633849e+00
7.710061276796189134e+01 5.835350880558646480e+00
7.715066621205893682e+01 5.821249850530525016e+00
7.720073160652232502e+01 5.792047740023287261e+00
7.725066506753948659e+01 5.798919555075924492e+00
7.730053675289693160e+01 5.767960256936423669e+00
7.735056956870909062e+01 5.773305795697165621e+00
7.740076694830369775e+01 5.747162137178776220e+00
7.745065508889175021e+01 5.752394793205161783e+00
7.750075270658241777e+01 5.720767733295772928e+00
7.755075245463144995e+01 5.722910839868282196e+00
7.760063065984935804e+01 5.695166920978405933e+00
7.765070321575937839e+01 5.700533188668930329e+00
7.770058184131811174e+01 5.682079265394371248e+00
7.775045631228616116e+01 5.674969367357522110e+00
7.780052299955025319e+01 5.655534223054710097e+00
7.785061811322584902e+01 5.641899823298388128e+00
7.790069755814592156e+01 5.627628811093700278e+00
7.795066993509645670e+01 5.618181950673112546e+00
7.800070320426156911e+01 5.597003715053529227e+00
7.805076988395472881e+01 5.594742083539295585e+00
7.810068407994884865e+01 5.583269943801543178e+00
7.815063458329811397e+01 5.569281635882977533e+00
7.820071803115827436e+01 5.568300692656929840e+00
7.825068518292077613e+01 5.545932666492923602e+00
7.830071889907812022e+01 5.539817744914918407e+00
7.835056505199914056e+01 5.522669174720635787e+00
7.840063876811422006e+01 5.496648358997764383e+00
7.845076724820752645e+01 5.500910339983487773e+00
7.850062601688682662e+01 5.480047840287989303e+00
7.855066047661884454e+01 5.474207904892509191e+00
7.860066278381508198e+01 5.460377663669271797e+00
7.865070105683354029e+01 5.446086223248568281e+00
7.870060604587553144e+01 5.443172109602705255e+00
7.875065355180748838e+01 5.429848644414818182e+00
7.880076615489335268e+01 5.416781373568881008e+00
7.885061970150083255e+01 5.391140256632522387e+00
7.890069512598000756e+01 5.390436717623977358e+00
7.895064125650461051e+01 5.374505086191143199e+00
7.900061784463736103e+01 5.360129981792433718e+00
7.905068260470351049e+01 5.362240927739845731e+00
7.910073358004940758e+01 5.333069650567396458e+00
7.915067984073604634e+01 5.327722593773136950e+00
7.920060072632530535e+01 5.314271338413765200e+00
7.925070991771819706e+01 5.300375334205129185e+00
7.930076053603696096e+01 5.290564758695837533e+00
7.935075064956362212e+01 5.279639966452513988e+00
7.940072547750777687e+01 5.251877338837719122e+00
7.945072593113725645e+01 5.249710470467988443e+00
7.950062416114546693e+01 5.245634812396209767e+00
7.955061268565088994e+01 5.232345739788317296e+00
7.960060482791865866e+01 5.215559924275520842e+00
7.965063779017333445e+01 5.206736256573807786e+00
7.970067764707702906e+01 5.199821925862362804e+00
7.975065797923312516e+01 5.182715390638351849e+00
7.980064729418937475e+01 5.175625812444738294e+00
7.985057682223765596e+01 5.164644219179164608e+00
7.990072276115488137e+01 5.152808183637667128e+00
7.995070094938157013e+01 5.137638881466042307e+00
8.000052005949608258e+01 5.129246555802536633e+00
8.005064756019791616e+01 5.122108334484952508e+00
8.010064291399586978e+01 5.106786392661246232e+00
8.015065323523694474e+01 5.093017505881334728e+00
8.020069045907618488e+01 5.084858511246291179e+00
8.025074546367891060e+01 5.075083471961678860e+00
8.030068054365692376e+01 5.055544065017060440e+00
8.035062933392651985e+01 5.049170570917164369e+00
8.040062023743929842e+01 5.036687584854722566e+00
8.045058262634873358e+01 5.032635583300819171e+00
8.050060482323091549e+01 5.019051779386813017e+00
8.055065814041469707e+01 5.007850498193470834e+00
8.060061381781277134e+01 4.996627736429028133e+00
8.065049163168612267e+01 4.985400182060079288e+00
8.070067864682820868e+01 4.968284273120930017e+00
8.075072719419868861e+01 4.965719941114845604e+00
8.080069560119804351e+01 4.945503291851088612e+00
8.085072720008511737e+01 4.943656926388091399e+00
8.090059918459566290e+01 4.933712767277069311e+00
8.095069797226732078e+01 4.923763663237067156e+00
8.100072628747037129e+01 4.900500104188372674e+00
8.105066596491020903e+01 4.887099421879360861e+00
8.110053491390247871e+01 4.883298067266188980e+00
8.115064581461599857e+01 4.869022295300624137e+00
8.120071780755598922e+01 4.861363273111146022e+00
8.125056913049471063e+01 4.853307326414390666e+00
8.130062388841243148e+01 4.849248499806380508e+00
8.135060192578023930e+01 4.826907438022854713e+00
8.140059573350035294e+01 4.820578881802728866e+00
8.145064012854679447e+01 4.810525491981729296e+00
8.150073120039212426e+01 4.813395651066321612e+00
8.155075503725153396e+01 4.794398375166519344e+00
8.160059776271727117e+01 4.777489557433165501e+00
8.165051497760852328e+01 4.768655322425263243e+00
8.170062372795770500e+01 4.767518574278754251e+00
8.175068324348895032e+01 4.748071542368290210e+00
8.180065868057219802e+01 4.743352727595008034e+00
8.185060801216476989e+01 4.731204860073320972e+00
8.190060720797325189e+01 4.719735004093036146e+00
8.195073278306765019e+01 4.704127180042100065e+00
8.200068153483279332e+01 4.691749580718713730e+00
8.205065042937812336e+01 4.687796055868172829e+00
8.210065865687079167e+01 4.680650612708570968e+00
8.215069729564295642e+01 4.664784548609165249e+00
8.220080441105518787e+01 4.660120956091704514e+00
8.225072343998640179e+01 4.653916764093963820e+00
8.230069607718056091e+01 4.637421804618894861e+00
8.235055660277505751e+01 4.619899225066505188e+00
8.240063280819842362e+01 4.620696807072514289e+00
8.245071308585386305e+01 4.606229446173085940e+00
8.250065070222582619e+01 4.589041945662478916e+00
8.255080999539379150e+01 4.577962534670838579e+00
8.260060794064355605e+01 4.574061798423247005e+00
8.265058351342750598e+01 4.561401256889428879e+00
8.270070238389254769e+01 4.556750203148125955e+00
8.275059535776185271e+01 4.539757551801461233e+00
8.280068193384541075e+01 4.524909290743287293e+00
8.285065930747785501e+01 4.519663050600387422e+00
8.290056246277856644e+01 4.507439107288653268e+00
8.295061443318822114e+01 4.499869603476025048e+00
8.300069792099935739e+01 4.485598496514496603e+00
8.305058996061495691e+01 4.483306981241893752e+00
8.310064085671682221e+01 4.467033217574015502e+00
8.315062839157525332e+01 4.454233067637766830e+00
8.320060878384710179e+01 4.456087669058947931e+00
8.325063442827286053e+01 4.436138576820036761e+00
8.330056709054171904e+01 4.427036654813687910e+00
8.335053931775884450e+01 4.423087333666379628e+00
8.340053635319384284e+01 4.412645216917771229e+00
8.345063121432903586e+01 4.408120589517335652e+00
8.350055041619420138e+01 4.382482089102403222e+00
8.355057364268577658e+01 4.382751011035805000e+00
8.360054898998552630e+01 4.367955022304037982e+00
8.365051669125759304e+01 4.353683709972008486e+00
8.370058038604668127e+01 4.343210375071930862e+00
8.375051134911305439e+01 4.339478042132063784e+00
8.380059453927552227e+01 4.330192205331242050e+00
8.385050780487192412e+01 4.318310590382569814e+00
8.390061381005928354e+01 4.313473756300973072e+00
8.395070682904152193e+01 4.297120029878858993e+00
8.400061587044575617e+01 4.276433501008915172e+00
8.405066926691544893e+01 4.278578686110477314e+00
8.410062548643203684e+01 4.267914022678551689e+00
8.415073495725221164e+01 4.252446109906233396e+00
8.420083725162690769e+01 4.256398803571507905e+00
8.425076531496900145e+01 4.246964721881738569e+00
8.430060680776267645e+01 4.230308183370573794e+00
8.435055764847578530e+01 4.226792832931846711e+00
8.440061002678389457e+01 4.219822701242399887e+00
8.445077491139556969e+01 4.202721228443802026e+00
8.450078817497008288e+01 4.189338561049087417e+00
8.455074589247141148e+01 4.185131839194079717e+00
8.460073437873982982e+01 4.173481951714494542e+00
8.465066113206482612e+01 4.161599982374196038e+00
8.470071557061724832e+01 4.157073219268608177e+00
8.475065115121917358e+01 4.145574731776571653e+00
8.480063418980859069e+01 4.135775640671054632e+00
8.485066460852381454e+01 4.124665951223618343e+00
8.490062758450689273e+01 4.113654614953008881e+00
8.495075405742173302e+01 4.108686069905776783e+00
8.500058128620887032e+01 4.101734681307852348e+00
8.505052608964408023e+01 4.089960419299057293e+00
8.510053595481066679e+01 4.074934445935125105e+00
8.515058491547064534e+01 4.068726677645980061e+00
8.520072267622893492e+01 4.060265370597918810e+00
8.525065297660262331e+01 4.047691758891905245e+00
8.530061146004418049e+01 4.044109492691869256e+00
8.535060342914304954e+01 4.028039785195193900e+00
8.540066745759193623e+01 4.027452132786873307e+00
8.545060895460365202e+01 4.013615839344976344e+00
8.550057032255175216e+01 4.013269147529053171e+00
8.555068495657442895e+01 3.999333680428651228e+00
8.560067515382100112e+01 3.989839498340605140e+00
8.565063647086222431e+01 3.987666675274815109e+00
8.570064579552558826e+01 3.971599820700181027e+00
8.575057251211694620e+01 3.972323636589079054e+00
8.580052390842315901e+01 3.954059675184834699e+00
8.585064788181922779e+01 3.945427683255297691e+00
8.590060852984082373e+01 3.940811004998521661e+00
8.595061963450514497e+01 3.935908793167920638e+00
8.600070284410818999e+01 3.922188917070171588e+00
8.605072317602213161e+01 3.907844500804494192e+00
8.610074865953444601e+01 3.907493331626229693e+00
8.615063984349956172e+01 3.894548323189412020e+00
8.620071096469301608e+01 3.886702998201844395e+00
8.625059084022993261e+01 3.878399701776066522e+00
8.630065609635799717e+01 3.869060045604256093e+00
8.635072959374187462e+01 3.862239099973944878e+00
8.640061506888987708e+01 3.848134110885962578e+00
8.645069549907235285e+01 3.847388790894911370e+00
8.650064856629455790e+01 3.843128355443763411e+00
8.655065267582149602e+01 3.825782382126041270e+00
8.660062065985762558e+01 3.821748025562111017e+00
8.665063139598194653e+01 3.812067862575681865e+00
8.670069926104542901e+01 3.800069728496244803e+00
8.675061813732774851e+01 3.795069063834931811e+00
8.680063599026416910e+01 3.782518137807102221e+00
8.685062341554782961e+01 3.783566538782961786e+00
8.690066534610711813e+01 3.768286294392531044e+00
8.695065890316050172e+01 3.759101565150094970e+00
8.700068258669440979e+01 3.748324326484132385e+00
8.705068789434881182e+01 3.737686731620666780e+00
8.710073430022170271e+01 3.738242312640733811e+00
8.715073625712081196e+01 3.723886936389226410e+00
8.720071944953542697e+01 3.716151352932232754e+00
8.725065874059880855e+01 3.713600018614453102e+00
8.730065385491546692e+01 3.699728081086087528e+00
8.735071773693692876e+01 3.688239387613082787e+00
8.740067291151538598e+01 3.689401437026186947e+00
8.745069089587315148e+01 3.684125335812756141e+00
8.750059524727170412e+01 3.666942661207711396e+00
8.755063393985311393e+01 3.660240970807203453e+00
8.760072521610700846e+01 3.649586264388348766e+00
8.765070461050113693e+01 3.644991690525553718e+00
8.770071890489063549e+01 3.630500919680673011e+00
8.775064728536050040e+01 3.626814230052071597e+00
8.780066340967854899e+01 3.620377216200629800e+00
8.785061758882334004e+01 3.606424002663545014e+00
8.790069966232417187e+01 3.598606375599605389e+00
8.795081255270730480e+01 3.597013027059345891e+00
8.800065892052096217e+01 3.583993527317468786e+00
8.805068046215481559e+01 3.579147831706382732e+00
8.810074622042790793e+01 3.569512023258788247e+00
8.815068777402876776e+01 3.558798386689701498e+00
8.820056999239014317e+01 3.556602122065590343e+00
8.825063293195866265e+01 3.543078583096063827e+00
8.830068724278304160e+01 3.538528610885142367e+00
8.835073110258727525e+01 3.530340966214836840e+00
8.840079703231447183e+01 3.526499872330660423e+00
8.845083020292958054e+01 3.514272273420850912e+00
8.850076563709151856e+01 3.504215698168142712e+00
8.855063553538322196e+01 3.495555851321266339e+00
8.860062705552091700e+01 3.487338942929194552e+00
8.865051892067423012e+01 3.482017124478442138e+00
8.870061903020686600e+01 3.480895969400930934e+00
8.875074341963603786e+01 3.471841562005141490e+00
8.880069649634492635e+01 3.460411721306216659e+00
8.885071344892412526e+01 3.459536517494639973e+00
8.890062388383235259e+01 3.449812342218681493e+00
8.895060466980305591e+01 3.441670729178924137e+00
8.900051192815253387e+01 3.434079205649170241e+00
8.905066102494254210e+01 3.422706818639315252e+00
8.910075018557721194e+01 3.420957978700057467e+00
8.915065987269676384e+01 3.415928160536391367e+00
8.920074459493167751e+01 3.405015170430240268e+00
8.925074341970011460e+01 3.398625492197754117e+00
8.930067606158073090e+01 3.393232195633520742e+00
8.935064465320694183e+01 3.386657577015037113e+00
8.940064087878988630e+01 3.375170190660980118e+00
8.945064319424200505e+01 3.370385426278511787e+00
8.950064421180226759e+01 3.366948539379685634e+00
8.955057753817223443e+01 3.353460227030222729e+00
8.960058054534367500e+01 3.342240841884044578e+00
8.965061121043279968e+01 3.341686532429742673e+00
8.970060486906020003e+01 3.332220333257304823e+00
8.975065684933389321e+01 3.327607297939019659e+00
8.980064097263824863e+01 3.318987705981879532e+00
8.985074011343861855e+01 3.313409602033832169e+00
8.990072914643546653e+01 3.301351575080476053e+00
8.995069471840930930e+01 3.288771020432764924e+00
9.000061567245546712e+01 3.286980567918651008e+00
9.005060451355357998e+01 3.272679147646474718e+00
9.010066164734236338e+01 3.274663553957989137e+00
9.015058063102021890e+01 3.267161635454517210e+00
9.020066981206871048e+01 3.257042663429838392e+00
9.025061891167177919e+01 3.252633320465449618e+00
9.030058063625472187e+01 3.236953174710070602e+00
9.035069862056877810e+01 3.239713002517752294e+00
9.040063721053816437e+01 3.229812829667094043e+00
9.045068187473133037e+01 3.225010087522735436e+00
9.050070412097294081e+01 3.215864442164249493e+00
9.055071582655412499e+01 3.207071905428478864e+00
9.060074590370700776e+01 3.199515518429940641e+00
9.065071954180082514e+01 3.195027196668791980e+00
9.070070414937342207e+01 3.189624921541358571e+00
9.075071652356483298e+01 3.178754777033514500e+00
9.080073853391084526e+01 3.171547895717802934e+00
9.085071662263727887e+01 3.162929586303749652e+00
9.090070285251101723e+01 3.159188643719371026e+00
9.095065177011029789e+01 3.151192511742900049e+00
9.100073488155234713e+01 3.142968246074833605e+00
9.105069866664597100e+01 3.138151854292111409e+00
9.110067736133585470e+01 3.127668086086557775e+00
9.115066164323077658e+01 3.124292544701928964e+00
9.120067497178406768e+01 3.116161823893047522e+00
9.125068141284850753e+01 3.111480750612932944e+00
9.130062622558105545e+01 3.104757786912639705e+00
9.135066117588171153e+01 3.097302715950113861e+00
9.140065141538008220e+01 3.089857750811361825e+00
9.145068138473658337e+01 3.086232944352836682e+00
9.150069039643479130e+01 3.080685927802081281e+00
9.155071593148433351e+01 3.073981986243767839e+00
9.160080367935793788e+01 3.073179465827293289e+00
9.165061737073069992e+01 3.065279114605805599e+00
9.170060817655109986e+01 3.054830022651637389e+00
9.175058865088804794e+01 3.047835566121708695e+00
9.180049265407282633e+01 3.041783086523237145e+00
9.185058971654700599e+01 3.036718677215354933e+00
9.190068301485227664e+01 3.023962702916918932e+00
9.195060490867638237e+01 3.024365645463049646e+00
9.200056221650915234e+01 3.015979183864922142e+00
9.205061548325311094e+01 3.013130798360277307e+00
9.210076346697475458e+01 3.000585518316318812e+00
9.215078845474795344e+01 2.999801793295206132e+00
9.220060419601414026e+01 2.990594767964228406e+00
9.225059746084708934e+01 2.981161894065341489e+00
9.230067734231083421e+01 2.978346745400836326e+00
9.235073177795210597e+01 2.967062854849945808e+00
9.240064045690999706e+01 2.964146742931473177e+00
9.245063157109922258e+01 2.961303342701263386e+00
9.250078057204220272e+01 2.947541380243851705e+00
9.255072433387988440e+01 2.941917844512537350e+00
9.260073057984830314e+01 2.935100298466535307e+00
9.265065869044863689e+01 2.930035974403791599e+00
9.270063560508695844e+01 2.919593661889098080e+00
9.275067620960689396e+01 2.920481459354316023e+00
9.280063727441186927e+01 2.912177649589935857e+00
9.285065446184212590e+01 2.907764089227796944e+00
9.290065078317546465e+01 2.903567943489659076e+00
9.295073425389733757e+01 2.898260303324958986e+00
9.300067900763730222e+01 2.887466486810420285e+00
9.305066207492778574e+01 2.886326876778288142e+00
9.310064897906700310e+01 2.874667942701090606e+00
9.315062622189709884e+01 2.872331643568040160e+00
9.320059985716629569e+01 2.860764490281495487e+00
9.325071190903473450e+01 2.859981825155978097e+00
9.330073508132683457e+01 2.854733638357242143e+00
9.335066973357385223e+01 2.847061807807629741e+00
9.340068252241590585e+01 2.845918558985529589e+00
9.345057102658101655e+01 2.836313899303773312e+00
9.350065641105707925e+01 2.829849656774434674e+00
9.355067747282180335e+01 2.828645846902944072e+00
9.360058086835567792e+01 2.817207834651555665e+00
9.365060040510233819e+01 2.817458221024258691e+00
9.370058214130268937e+01 2.807087726445624210e+00
9.375071349954021116e+01 2.809362813642485079e+00
9.380064575722563802e+01 2.799070404157077085e+00
9.385065603128978751e+01 2.794830266305511568e+00
9.390066055478293094e+01 2.790610621371748312e+00
9.395067012729866462e+01 2.781029311695514927e+00
9.400073547639510707e+01 2.777245338656295193e+00
9.405064106370717525e+01 2.774156409896864961e+00
9.410066747113194197e+01 2.764749871472077736e+00
9.415062831545455424e+01 2.761655819071811013e+00
9.420064524406151918e+01 2.755163002107245962e+00
9.425063592468441698e+01 2.748984183688373051e+00
9.430071603443974482e+01 2.743904349519715069e+00
9.435084978846010983e+01 2.736855254875043109e+00
9.440072589518690904e+01 2.730968432955187986e+00
9.445063572665263507e+01 2.725711820963063303e+00
9.450060037327034479e+01 2.718032366375482400e+00
9.455061099756481724e+01 2.715662496628524991e+00
9.460066160523612666e+01 2.708649379045508621e+00
9.465070343930108265e+01 2.701444347436063875e+00
9.470070340329958469e+01 2.693914028263331595e+00
9.475076856330568376e+01 2.694610484590981958e+00
9.480071786998738048e+01 2.686848040250509939e+00
9.485059575869554749e+01 2.678474570301493163e+00
9.490062200472793563e+01 2.679746334422616005e+00
9.495059153222072723e+01 2.671113099267690583e+00
9.500060916233462649e+01 2.663628461603523512e+00
9.505058405688886580e+01 2.666482498999583228e+00
9.510062103402634648e+01 2.657794725217073051e+00
9.515070626581375279e+01 2.651646876990715995e+00
9.520074820467674215e+01 2.647162746343678652e+00
9.525077257252138452e+01 2.641048119702263719e+00
9.530060977714117598e+01 2.638421964140178932e+00
9.535056604075973041e+01 2.626697250766455660e+00
9.540054222256354421e+01 2.628288475730103269e+00
9.545053721567489902e+01 2.620683088828968721e+00
9.550066559135430566e+01 2.614849881972357348e+00
9.555070107743208041e+01 2.611696908555713570e+00
9.560068189569460628e+01 2.604845207141619046e+00
9.565062150426840049e+01 2.599937342710201715e+00
9.570068484578779078e+01 2.596774515554307605e+00
9.575065983295563399e+01 2.589170839523772472e+00
9.580068015784988233e+01 2.583228894011551979e+00
9.585070548727827600e+01 2.578022219553869565e+00
9.590067278065059497e+01 2.576523581097256876e+00
9.595068562266027357e+01 2.569328850545546938e+00
9.600067075531137561e+01 2.564605241023211413e+00
9.605064480354532463e+01 2.560257982485178552e+00
9.610060831827868810e+01 2.552771484219731324e+00
9.615071146236661548e+01 2.553956758704869046e+00
9.620073364420061068e+01 2.545382501101342676e+00
9.625071630024669389e+01 2.533822796597287041e+00
9.630073274647288883e+01 2.534719813072669137e+00
9.635076816718918735e+01 2.527023736652383779e+00
9.640074103949068274e+01 2.525848176030399017e+00
9.645064409383613224e+01 2.520345599646213852e+00
9.650066663688329527e+01 2.513312436674860262e+00
