1.256637126207351685e-01 5.462174479166666060e+03
1.936915606260299627e-01 3.000809179687500091e+03
2.513274252414703369e-01 3.919174804687500000e+03
2.944022864103317261e-01 1.741633789062500000e+03
3.554306328296661377e-01 2.272375976562500000e+03
3.955082564781873811e-01 1.211898737980769283e+03
4.615716010332107655e-01 1.303087792968750136e+03
5.164058804512023926e-01 1.308898003472222172e+03
5.455598746027264800e-01 9.281210007440475920e+02
5.891914814710617065e-01 1.153211995442708258e+03
6.408908295987257864e-01 1.016955340485074657e+03
6.941244165102641306e-01 1.000209895833333348e+03
7.549341718355814246e-01 7.790670748873874345e+02
8.082685545086860657e-01 9.321342773437500000e+02
8.458872155139320892e-01 7.185151624177631220e+02
9.033976386463831165e-01 7.684288194444444571e+02
9.538741086920102807e-01 8.871165364583332575e+02
1.002606617948396561e+00 7.891890368852458550e+02
1.050080132484435991e+00 7.235210937500000909e+02
1.095276718554289541e+00 6.998708389945652470e+02
1.148735394760898254e+00 7.137419377853881315e+02
1.197364068031311124e+00 7.151392578124999773e+02
1.253252735099639192e+00 6.975446159638553354e+02
1.301195175307137575e+00 6.650310825892856883e+02
1.350340962409973145e+00 6.516163814484126533e+02
1.397053004916669616e+00 6.251049558080808310e+02
1.446786667240990587e+00 6.017414930555555657e+02
1.501695110947299794e+00 6.500565820844686868e+02
1.550154135684774337e+00 6.078770517676767895e+02
1.601738236568592155e+00 6.178245701058200439e+02
1.647772800055960385e+00 5.888238565162906752e+02
1.697513295382988119e+00 5.562721036585365937e+02
1.749398548968667422e+00 6.055227456803455652e+02
1.801815896144401075e+00 5.133813428217821411e+02
1.854311002948419773e+00 5.255210873983739930e+02
1.903488172029776715e+00 5.119830534825870814e+02
1.952342433013101397e+00 4.706249443950177920e+02
1.999453311039106396e+00 4.938377749576987981e+02
2.048669610900440308e+00 5.235035021551724412e+02
2.101181018737054540e+00 4.889175907258064626e+02
2.154098840860219966e+00 4.444819922402159023e+02
2.199303392983653183e+00 4.714462710889570758e+02
2.248528172677023207e+00 4.351553728070175566e+02
2.303006410598754883e+00 4.437905201781970845e+02
2.353418758259483656e+00 4.522214319029850458e+02
2.402637737900463311e+00 4.261638920780711715e+02
2.448554739992842677e+00 4.291696714743590064e+02
2.499090067645225233e+00 4.265523119122257754e+02
2.549658622302062305e+00 4.256812666223403880e+02
2.600952340680148911e+00 4.155782793972331888e+02
2.651313533667959632e+00 3.872669035314384018e+02
2.702490112360786068e+00 3.849085733251633883e+02
2.752956631759745587e+00 3.748643147086914951e+02
2.797749358087681770e+00 3.937431988268608620e+02
2.849414770365116478e+00 3.678141067436661729e+02
2.901561026847945257e+00 3.642566329321663261e+02
2.949750350581274994e+00 3.385385320216049081e+02
2.998665080524131721e+00 3.623562091503267766e+02
3.049010105637519175e+00 3.488112405541561429e+02
3.100398808880581836e+00 3.563033213797814369e+02
3.150818746732328979e+00 3.437373417721518649e+02
3.200939400679145841e+00 3.369293096405228312e+02
3.249633022646403635e+00 3.301683832246591237e+02
3.300127326483013768e+00 3.284141522988505812e+02
3.348483428887441438e+00 3.210035830378250239e+02
3.399607315620657211e+00 3.301241849243609749e+02
3.448719927469889424e+00 3.130881944444444684e+02
3.499342967069685173e+00 3.144020019772614774e+02
3.551474963231986415e+00 3.056434200879765513e+02
3.598900760213533889e+00 3.053170247395833030e+02
3.651035188841221135e+00 2.880582617789519873e+02
3.700662589665808522e+00 2.856478847992351575e+02
3.751511811793449613e+00 2.945722204019222659e+02
3.801618192488687153e+00 2.833785087719298303e+02
3.851254485091384794e+00 2.855942283163265074e+02
3.901226825121409281e+00 2.744228528269313756e+02
3.948670251141286780e+00 2.719799401815181454e+02
4.001451143603901528e+00 2.726997763782402444e+02
4.052280480987929145e+00 2.638800136292834964e+02
4.102052814176515128e+00 2.580414080135440145e+02
4.151093749575814229e+00 2.646536285602809357e+02
4.200442130105537686e+00 2.578904352226720675e+02
4.251136814637041184e+00 2.502039728682170505e+02
4.299210999832778768e+00 2.386200478142076520e+02
4.350458908696328564e+00 2.531099596774193685e+02
4.400665589089600260e+00 2.428982670359180815e+02
4.450478535124709367e+00 2.515913252638112851e+02
4.500022132996065238e+00 2.343320222877744925e+02
4.550446791199227903e+00 2.353283614668218888e+02
4.600092420408226523e+00 2.313538980969919976e+02
4.650210011078793393e+00 2.186886909997068358e+02
4.700629595459484555e+00 2.337883025956284087e+02
4.749898185810824458e+00 2.260934377838328828e+02
4.799578612586753223e+00 2.256494393139841748e+02
4.849740758713929623e+00 2.151439241693462066e+02
4.899993706213586542e+00 2.188154399837794131e+02
4.949341788918080631e+00 2.153735795454545325e+02
4.999815610851473302e+00 2.116648337595907776e+02
5.049952627308602615e+00 2.096174381582169985e+02
5.099298258856230781e+00 2.055339613970588175e+02
5.150254496972274332e+00 1.969939883913764618e+02
5.199142517336761138e+00 2.013694007973733449e+02
5.249453250256330250e+00 2.011947451117318337e+02
5.300164924855151227e+00 1.944030320059944472e+02
5.351194235644229025e+00 1.921350431606905715e+02
5.400960675954554979e+00 1.923527823920265973e+02
5.450257125402332647e+00 1.868833211602671156e+02
5.500682865381752329e+00 1.873333735521235610e+02
5.549218122000597830e+00 1.820829039142202816e+02
5.600000335002996543e+00 1.851945451469451029e+02
5.649736614175454363e+00 1.813533085929333026e+02
5.699883098365530643e+00 1.788225629791894846e+02
5.750283329191223203e+00 1.764374119363929196e+02
5.800844330747943367e+00 1.763766170476696686e+02
5.851527811214188191e+00 1.775391826021747477e+02
5.901139501297178569e+00 1.709085701191567352e+02
5.952051273107690221e+00 1.674977617956551228e+02
6.002043196207571540e+00 1.655472161572052414e+02
6.051370665339476318e+00 1.668032736527997315e+02
6.100040307612490942e+00 1.654833062585499306e+02
6.151338437490640132e+00 1.614765234059725572e+02
6.201845191216835751e+00 1.584270935557736379e+02
6.251546338561632332e+00 1.587243267026850049e+02
6.301411320163105678e+00 1.579915474243663027e+02
6.351121094491746888e+00 1.521426843232860620e+02
6.402993818717075847e+00 1.531575773724933072e+02
6.451004855903611279e+00 1.550031230602110384e+02
6.500587485631307061e+00 1.515964867424242470e+02
6.550027029602877526e+00 1.479026750036998692e+02
6.600096165964067119e+00 1.500607727920227887e+02
6.651203611202781474e+00 1.458481671658821881e+02
6.700403804908146022e+00 1.470256715313028906e+02
6.751129568914272738e+00 1.459334384425555129e+02
6.801152226429867831e+00 1.438114450391107368e+02
6.850567314012454112e+00 1.415146943306010883e+02
6.899983763743045451e+00 1.366095416497907138e+02
6.950432818525864143e+00 1.387199486086738318e+02
7.000477802606276612e+00 1.369446960547504091e+02
7.050299486470248844e+00 1.348717924879137229e+02
7.100577605904697442e+00 1.330519019682058968e+02
7.150282711587289342e+00 1.330698588835011549e+02
7.201425401940038995e+00 1.314141862767940268e+02
7.251291360812208708e+00 1.293264071089455172e+02
7.301384627104277492e+00 1.283912999185004082e+02
7.350121157509939884e+00 1.282539176384839550e+02
7.400243896042705494e+00 1.275419876515237405e+02
7.450219004942361778e+00 1.243165489317711945e+02
7.499767164549090204e+00 1.267408958891867741e+02
7.551036194214812980e+00 1.269867455138662393e+02
7.600875332768869619e+00 1.266856802758318707e+02
7.650993174920037276e+00 1.207840334980779744e+02
7.700625888088293181e+00 1.219207262949039148e+02
7.751154263814290069e+00 1.218810390295358701e+02
7.801801090622451973e+00 1.199805072684761598e+02
7.851364051006665790e+00 1.182245782690695677e+02
7.900769558997057018e+00 1.177205189899617039e+02
7.950365025915012041e+00 1.151830236159504466e+02
8.001249973326832077e+00 1.148543539045336530e+02
8.050346754310522712e+00 1.148566861343268499e+02
8.100376043699483830e+00 1.136669201696165175e+02
8.150963831689653105e+00 1.137619117503179638e+02
8.200066242110258585e+00 1.111002000941619627e+02
8.249809700602813933e+00 1.120272298055347733e+02
8.300552262369116363e+00 1.093220562195661927e+02
8.351090274807287273e+00 1.075775596877869589e+02
8.400210126764326546e+00 1.085968449931412891e+02
8.450394926559216202e+00 1.063524809820193724e+02
8.500459425828198690e+00 1.046461438968782858e+02
8.550917286194149369e+00 1.054748568826437634e+02
8.600510843254964399e+00 1.059863267990495501e+02
8.651023792021119263e+00 1.029009091290837290e+02
8.701256476197366752e+00 1.058077075345890989e+02
8.749915613828461503e+00 1.026593344433060082e+02
8.800112521877306193e+00 1.021085100827508683e+02
8.849632071888843043e+00 1.012406841161121918e+02
8.900357776251059505e+00 1.010827416712179030e+02
8.950608837287235886e+00 9.928597314638783189e+01
9.000569819962127127e+00 9.806865925239419823e+01
9.051041288617525993e+00 9.850640350877193896e+01
9.100140618044129326e+00 9.798068873668189838e+01
9.150794710576331426e+00 9.593894467601364795e+01
9.200358087057745493e+00 9.589449881376039286e+01
9.250378436494685275e+00 9.537197865536218444e+01
9.300396476966747983e+00 9.455589541912461016e+01
9.350845697771076104e+00 9.298220584085777318e+01
9.401427877347279249e+00 9.202273879354044084e+01
9.450856317468241841e+00 9.280926693594103938e+01
9.501285360508264333e+00 9.067000103391232813e+01
9.551415626509362156e+00 9.116098365807667392e+01
9.601472418873740367e+00 9.194807028818833317e+01
9.650873339522149763e+00 8.984285185967877396e+01
9.700105298531504161e+00 8.929006635833501093e+01
9.749807236595939841e+00 8.893060545575515619e+01
9.800617716807657587e+00 8.777333408665332115e+01
9.850939668539123062e+00 8.786969033722438382e+01
9.900672862260712748e+00 8.734858456838274776e+01
9.951023643831279131e+00 8.550882680674943970e+01
1.000061390381357818e+01 8.546651168635334272e+01
1.005121303910567399e+01 8.611875586854459641e+01
1.010050487470579128e+01 8.440914351851851904e+01
1.015040394560108972e+01 8.365192733308741424e+01
1.020064233832726863e+01 8.350420496185499530e+01
1.025078872432590593e+01 8.286844181753215821e+01
1.030144077410513148e+01 8.253386212475282946e+01
1.035026615037620701e+01 8.199471672661870514e+01
1.040053707544599071e+01 8.094070234790655149e+01
1.045062977445541463e+01 8.044587695956498408e+01
1.050056916228905557e+01 8.003783064239092937e+01
1.055045547200590939e+01 7.981807349985643896e+01
1.060065943225193585e+01 7.862217583497053397e+01
1.065092618802826330e+01 7.787050966708615363e+01
1.069994190739775242e+01 7.798540796435533196e+01
1.075051342579590496e+01 7.694915501165502292e+01
1.080116309617008952e+01 7.677575036903394334e+01
1.085092532135009691e+01 7.632756000000000540e+01
1.090057119699959287e+01 7.608129342162396824e+01
1.095056114183856977e+01 7.568011046844875978e+01
1.100044795380789964e+01 7.536634182123022185e+01
1.105059621997271790e+01 7.470054782160350726e+01
1.110083536315899444e+01 7.388142018898598451e+01
1.115081901025334687e+01 7.354111875637104845e+01
1.120129035153903629e+01 7.236225895316805179e+01
1.125116374248475992e+01 7.239187920126532561e+01
1.130128079566052257e+01 7.162889773361051482e+01
1.135044509838974847e+01 7.245759603197815579e+01
1.140071777468021708e+01 7.142579261198370943e+01
1.145113705378753899e+01 7.113127188564301662e+01
1.150054064506493923e+01 7.057084541062802430e+01
1.155054572698180770e+01 7.113436920001903729e+01
1.160060598127213360e+01 6.987192312981298414e+01
1.165085593945590148e+01 6.915441176470588402e+01
1.170069293131600929e+01 6.877149783253479143e+01
1.175142896112726554e+01 6.836852449888641559e+01
1.180137066716670269e+01 6.851965799819998892e+01
1.185030839024950744e+01 6.841963179323774114e+01
1.190112650803973615e+01 6.762552707501110660e+01
1.195087750005856186e+01 6.688966811095724552e+01
1.200028886778134840e+01 6.615843306737589558e+01
1.205087280971257790e+01 6.557740663198410402e+01
1.210120573097985641e+01 6.539044888597641147e+01
1.215069798464289086e+01 6.486233428030303116e+01
1.220084588704311912e+01 6.514572716168976285e+01
1.225095075397515565e+01 6.518446586599242210e+01
1.230055747642593111e+01 6.442059958444642120e+01
1.235044509892075659e+01 6.393497785433071101e+01
1.240025358236334618e+01 6.363695445528185957e+01
1.245059963946805226e+01 6.334481587378838441e+01
1.250021218005843338e+01 6.302424122379327542e+01
1.255088259279081875e+01 6.140023057821922237e+01
1.260128860653785665e+01 6.265114294785300331e+01
1.265098919510728237e+01 6.112407506331117446e+01
1.270151919945489816e+01 6.124945824059974342e+01
1.275059048606717838e+01 6.115283883871989445e+01
1.280015324543435007e+01 6.024153302899059526e+01
1.285005587414941175e+01 6.043092278968014597e+01
1.290055459179237118e+01 5.987435868417081508e+01
1.295101831716038809e+01 5.928134706784925356e+01
1.300061854953515450e+01 5.899672740304813345e+01
1.305073094795649524e+01 5.870017713966063866e+01
1.310051576040570609e+01 5.852056135770234846e+01
1.315089754552600176e+01 5.812931129781118500e+01
1.320081412118408615e+01 5.845995442919414131e+01
1.325056877988023629e+01 5.739785828955049851e+01
1.329997547558646787e+01 5.735710088591574873e+01
1.334989268379465521e+01 5.698817472835612108e+01
1.340063178882596162e+01 5.670424676174728518e+01
1.345111248053373743e+01 5.597345128854199459e+01
1.350104577716931509e+01 5.626670477205528442e+01
1.355110471056903876e+01 5.507953088729514945e+01
1.360103386653534407e+01 5.550902522467320921e+01
1.365064521999293667e+01 5.526338487972508062e+01
1.370108558817629785e+01 5.435888028657268478e+01
1.375063751069574458e+01 5.430046533469945302e+01
1.380020275550391951e+01 5.399122194513716266e+01
1.385010291988493947e+01 5.349363690594551457e+01
1.389993945742187975e+01 5.363893586522355861e+01
1.395077535055353124e+01 5.386143341663692041e+01
1.400033540187661885e+01 5.273402319487578183e+01
1.405076036390690319e+01 5.250947887948791504e+01
1.410091255677794386e+01 5.226055502846300271e+01
1.415099424006951345e+01 5.231195078391704811e+01
1.420090845382453182e+01 5.186025677423425151e+01
1.425058535625662692e+01 5.151519967211086026e+01
1.430068992108075854e+01 5.137851749366851806e+01
1.435081631969962146e+01 5.138814112177564652e+01
1.440116277072030648e+01 5.076881943165776789e+01
1.445095548372230709e+01 5.023951959083021279e+01
1.450106060960858834e+01 4.990607608052101796e+01
1.455087147615679299e+01 4.992486251145738407e+01
1.460089164482430135e+01 4.938301537214486814e+01
1.465096435834932009e+01 4.917020256502457443e+01
1.470042432961008316e+01 4.908014431414043344e+01
1.474998265362896355e+01 4.913092417061611172e+01
1.479989122439800120e+01 4.860846139430285007e+01
1.485068890065675262e+01 4.808602442901364071e+01
1.490091461135759410e+01 4.813320446735394853e+01
1.495142624477786164e+01 4.738933935189055546e+01
1.500125581199326774e+01 4.762429471104525192e+01
1.505058992571524001e+01 4.730115709554283399e+01
1.510096182188420677e+01 4.680481913636238289e+01
1.515041653809440625e+01 4.693332079572049054e+01
1.520050358450064110e+01 4.634530196303273186e+01
1.525026187279651246e+01 4.639897608837259924e+01
1.530061285776438496e+01 4.536766224188790630e+01
1.535093523531647719e+01 4.569865053978408298e+01
1.540080134614941620e+01 4.507554257653607266e+01
1.545125002511655588e+01 4.494380113443290981e+01
1.550055590549435180e+01 4.464951258371138465e+01
1.554990690009351617e+01 4.447112625065824432e+01
1.560029939283501221e+01 4.443395980907406084e+01
1.565051554421477675e+01 4.424063002541889489e+01
1.570055893919154144e+01 4.413705305651672717e+01
1.575055944300927990e+01 4.420428363682346884e+01
1.580089161127091657e+01 4.358866750240591870e+01
1.585074981409009887e+01 4.357385522519131626e+01
1.590132026779191321e+01 4.281348260784120896e+01
1.595119615174483307e+01 4.325291834971928040e+01
1.600061799840658239e+01 4.263618980866657182e+01
1.605077212836705058e+01 4.225109745390693661e+01
1.610103563786684688e+01 4.210304769129125901e+01
1.615061123591991432e+01 4.167581707672150770e+01
1.620065196690424969e+01 4.196516754850087949e+01
1.625089452027982517e+01 4.175223109164546997e+01
1.630118119518434128e+01 4.173404394299286935e+01
1.635146405608891840e+01 4.141692998650855628e+01
1.640076947667969520e+01 4.099973846885401230e+01
1.645087400555846102e+01 4.072039328453584517e+01
1.650098843068070664e+01 4.037097172454980409e+01
1.655106400710294778e+01 4.057737666651181740e+01
1.660084850266487777e+01 4.025077584010745824e+01
1.665053292522144801e+01 3.977387881248871793e+01
1.670094208154347726e+01 3.958116838722909847e+01
1.675068958911364447e+01 3.985951632040834625e+01
1.680052177009391556e+01 3.933534561164164955e+01
1.685039801592866127e+01 3.905405509641873607e+01
1.690071147848142274e+01 3.913639284302095689e+01
1.695034504331302116e+01 3.870492539844015312e+01
1.700024952897776132e+01 3.862048808112457010e+01
1.705080262949346803e+01 3.820877741736175892e+01
1.710038038467472177e+01 3.810714247085036988e+01
1.715073677186147094e+01 3.810290948275861922e+01
1.720103001431176537e+01 3.830347707013210368e+01
1.725093874646400494e+01 3.795252085715495838e+01
1.730026876303448802e+01 3.781739116351386087e+01
1.735069699187642200e+01 3.769510064584479636e+01
1.740111744736490706e+01 3.724239436028702244e+01
1.745083602976958304e+01 3.722299213175131172e+01
1.750079017405409587e+01 3.702116101417219340e+01
1.755058064951854391e+01 3.707947013008534753e+01
1.760098984156358171e+01 3.665967753252741090e+01
1.765084796114107490e+01 3.635416581045537043e+01
1.770084590768282951e+01 3.643421911070961983e+01
1.775113545986024732e+01 3.634085971908106671e+01
1.780111750417361804e+01 3.559078059958373075e+01
1.785112557577493675e+01 3.587653142800039774e+01
1.790043071854657697e+01 3.575661277195489873e+01
1.795093294930180150e+01 3.554351450322829464e+01
1.800117591338927880e+01 3.529960654107184581e+01
1.805102955138067244e+01 3.540225179870180483e+01
1.810081125040843375e+01 3.509493435659813088e+01
1.815070355316448669e+01 3.494796099290780234e+01
1.820082603023814727e+01 3.478565427431211532e+01
1.825104242422729328e+01 3.435945193598925584e+01
1.830110038363673652e+01 3.459026766205389691e+01
1.835056608576439530e+01 3.417934310224288197e+01
1.840052225601024816e+01 3.415553200723995531e+01
1.845054397902244503e+01 3.399527503526093142e+01
1.850066401639472602e+01 3.388249582683165784e+01
1.855077375907742265e+01 3.365046347793845172e+01
1.860040149003351218e+01 3.332824373056613609e+01
1.865036571685475764e+01 3.330524804694531582e+01
1.870055233191315480e+01 3.325168274015235426e+01
1.875038082358441471e+01 3.326453309435875383e+01
1.880030100158329631e+01 3.296212682616980771e+01
1.885065092426605204e+01 3.287745772002659805e+01
1.890032953550104367e+01 3.281562719298245412e+01
1.895058111422453706e+01 3.248049707963508581e+01
1.900068398728053864e+01 3.244276001949928201e+01
1.905038713710101916e+01 3.210961383396437441e+01
1.910077607978132974e+01 3.205917262486497776e+01
1.915069731442681800e+01 3.204288793103448540e+01
1.920059048440732141e+01 3.183606812753141213e+01
1.925035227553674133e+01 3.169322239224687721e+01
1.930047157178797690e+01 3.145630787037037024e+01
1.935052191971805868e+01 3.151077077782115055e+01
1.940062364124835170e+01 3.129722840422024888e+01
1.945076194647657530e+01 3.116326052111042699e+01
1.950064015704267106e+01 3.094255534920091932e+01
1.955103246253348104e+01 3.080995712914225138e+01
1.960103224732800342e+01 3.073342225924032078e+01
1.965096451560197721e+01 3.062033256731208297e+01
1.970039326907732402e+01 3.050729917868590135e+01
1.975045869793262909e+01 3.040348778446329092e+01
1.980112994754063038e+01 3.034707925887802560e+01
1.985113240949997149e+01 3.000769619887267226e+01
1.990129882447748955e+01 3.013212745283913208e+01
1.995102839468674816e+01 2.986957718207718315e+01
2.000083692040861649e+01 2.973767594583143392e+01
2.005054571725930401e+01 2.935877255460589197e+01
2.010084313615223905e+01 2.924278155618701192e+01
2.015039891387192839e+01 2.918550573842854945e+01
2.020032978626047537e+01 2.898102466064738181e+01
2.025088372940374271e+01 2.900891477020553921e+01
2.030029183479597066e+01 2.879070263124960860e+01
2.035052695173413539e+01 2.878917932744737840e+01
2.040075823535785560e+01 2.878114135407136231e+01
2.045089601889413444e+01 2.848603181995733280e+01
2.050073645873280981e+01 2.852247794530739711e+01
2.055053498245830212e+01 2.830867020643702858e+01
2.060058405558038430e+01 2.822086704026754589e+01
2.065032429254589985e+01 2.838562510970686503e+01
2.070047025335771806e+01 2.808494920824619001e+01
2.075044015714700407e+01 2.798824233195562172e+01
2.080056166383511851e+01 2.769883527148856217e+01
2.085052640866095430e+01 2.771830099405304537e+01
2.090093885348607117e+01 2.773510280333771405e+01
2.095072566472917686e+01 2.755055257526456458e+01
2.100045951270690026e+01 2.743010833155156192e+01
2.105041555584098489e+01 2.712080146384782964e+01
2.110036039795015128e+01 2.716928946958209679e+01
2.115060440588723267e+01 2.705511450914676885e+01
2.120099297639964320e+01 2.681621311383616302e+01
2.125110208021147429e+01 2.681609486432881795e+01
2.130047153211643263e+01 2.662448557503230262e+01
2.135095211249340252e+01 2.667413127544559615e+01
2.140153998728464302e+01 2.654195687206380327e+01
2.145140411864241869e+01 2.644612361966594705e+01
2.150109067953851039e+01 2.611369454219278552e+01
2.155071421888607830e+01 2.612415769564509915e+01
2.160095248613489716e+01 2.623679105793621602e+01
2.165078368034290790e+01 2.605560768092547974e+01
2.170103250420297769e+01 2.590438294809245789e+01
2.175113749075196878e+01 2.568720483564979773e+01
2.180066400185297226e+01 2.577859261919966016e+01
2.185095183544095931e+01 2.568432094367256369e+01
2.190070081606517505e+01 2.547631643375152066e+01
2.195052143564337399e+01 2.555463768115942003e+01
2.200016785070007685e+01 2.531425626095090209e+01
2.205017752243192319e+01 2.540253751898473666e+01
2.210016093160606587e+01 2.514076642764781866e+01
2.215052494156026341e+01 2.518925547683650024e+01
2.220099768268121565e+01 2.476140556860114117e+01
2.225093828405544372e+01 2.482119637750238539e+01
2.230088287983462081e+01 2.476063022745817932e+01
2.235050207682091994e+01 2.465278045025976539e+01
2.240027092684176679e+01 2.459405398984720748e+01
2.245050285997742989e+01 2.440593410765859872e+01
2.250092599038523389e+01 2.420565966130376978e+01
2.255080398875536929e+01 2.423450387480999879e+01
2.260054706545379233e+01 2.383953728291630725e+01
2.265063038163662057e+01 2.406067755356010096e+01
2.270025254152363914e+01 2.407853271715811161e+01
2.275050358802700146e+01 2.403019380264090543e+01
2.280034136030533887e+01 2.393605877735256371e+01
2.285072882878251832e+01 2.380376328058857993e+01
2.290066141892027929e+01 2.379067075993470581e+01
2.295053262466946720e+01 2.349872597640454686e+01
2.300116596624015131e+01 2.348793692222103857e+01
2.305075049811972576e+01 2.337051736228659848e+01
2.310085238957240961e+01 2.330055130946955089e+01
2.315075103044907934e+01 2.329824883116263479e+01
2.320056411088655324e+01 2.316556510051426088e+01
2.325069316575375922e+01 2.309712971078001686e+01
2.330102321943878252e+01 2.286901249914075507e+01
2.335094979495398704e+01 2.287455574510430978e+01
2.340077491351943451e+01 2.267952124649098877e+01
2.345090180360846333e+01 2.268730151780501814e+01
2.350069764984864307e+01 2.250498512833902964e+01
2.355079805083223476e+01 2.245268455801860696e+01
2.360089425887846915e+01 2.244225014961101294e+01
2.365111588592037251e+01 2.227168030846242175e+01
2.370079117479742337e+01 2.222588434022257431e+01
2.375070238000955669e+01 2.205117211511595343e+01
2.380072099427258792e+01 2.202407555644497705e+01
2.385044315484774557e+01 2.195114684849305320e+01
2.390062030528307702e+01 2.182280447727198691e+01
2.395079098070538137e+01 2.186030795978029673e+01
2.400087914898061214e+01 2.167338027782353294e+01
2.405047136728556012e+01 2.174635841221842369e+01
2.410094161555001691e+01 2.162019014401440131e+01
2.415096374291990955e+01 2.152993418520514268e+01
2.420035762630187293e+01 2.143195930609597966e+01
2.425062718572708675e+01 2.139656668054621491e+01
2.430056200939818467e+01 2.127521584084083983e+01
2.435074088185508856e+01 2.126180586441324039e+01
2.440058288212754434e+01 2.104725176258491004e+01
2.445050734240095736e+01 2.111177693306526137e+01
2.450068293811746400e+01 2.092520013342228324e+01
2.455072252521220122e+01 2.088209640259525557e+01
2.460081802631937720e+01 2.088129051563426586e+01
2.465048464938207218e+01 2.072738720810919943e+01
2.470070557930939970e+01 2.068528800871943574e+01
2.475098408547652795e+01 2.060033971650888418e+01
2.480073664568702796e+01 2.054242503123698427e+01
2.485031139239437081e+01 2.045085099303849319e+01
2.490072463844199291e+01 2.036456415673255904e+01
2.495100174296157647e+01 2.044667041175755884e+01
2.500090082264989988e+01 2.025424327245658418e+01
2.505070236710282572e+01 2.022340668325274393e+01
2.510076910204727341e+01 2.018626624939816949e+01
2.515074714444360993e+01 2.001817940152677977e+01
2.520042346985152193e+01 1.995786713808330504e+01
2.525087251929459242e+01 2.007364365860614441e+01
2.530067364950122766e+01 1.988577629116393908e+01
2.535041708261922722e+01 1.983190689804430917e+01
2.540064572517422192e+01 1.975459640489371793e+01
2.545058671133012140e+01 1.962086934356185708e+01
2.550091448992870014e+01 1.966070769962438192e+01
2.555093562505498284e+01 1.948390162423683947e+01
2.560076420353996340e+01 1.939025967002930173e+01
2.565050233917104450e+01 1.946079514671076893e+01
2.570088089215357030e+01 1.934107855243161112e+01
2.575089593395361831e+01 1.924030526265106644e+01
2.580055172488612314e+01 1.936162434822035650e+01
2.585065705518562851e+01 1.919607829147641098e+01
2.590040009142965260e+01 1.916885457311024510e+01
2.595045451330076602e+01 1.913699159726492027e+01
2.600041449295903817e+01 1.902273454785105855e+01
2.605043175508030728e+01 1.892637255445837496e+01
2.610049216203561073e+01 1.892848351137946850e+01
2.615052744885751324e+01 1.882832696725622057e+01
2.620081245176917406e+01 1.878717050132983601e+01
2.625064376793082488e+01 1.871886059519474088e+01
2.630053287468589573e+01 1.863007771065926121e+01
2.635101688869864489e+01 1.847186878502983021e+01
2.640098937474011720e+01 1.841867680475441560e+01
2.645040677875825708e+01 1.839274114972393903e+01
2.650060382162935113e+01 1.827295707336372388e+01
2.655045256895379424e+01 1.826979297929792878e+01
2.660025631369433086e+01 1.825480332121082583e+01
2.665085337050840764e+01 1.807957577433142760e+01
2.670089682513944851e+01 1.809851773918602191e+01
2.675085862322766772e+01 1.798667969828392543e+01
2.680077379233840063e+01 1.794031367236348729e+01
2.685114965594502934e+01 1.792362572099791507e+01
2.690100378496506650e+01 1.781626906762916107e+01
2.695034706866618635e+01 1.776726105343080064e+01
2.700052841649375068e+01 1.778866329485941478e+01
2.705072101866625545e+01 1.771185414075456066e+01
2.710069443800647093e+01 1.765639099848453242e+01
2.715078986062405875e+01 1.758080053839251278e+01
2.720089493456375251e+01 1.762183557772519293e+01
2.725057769076351022e+01 1.737794785315864488e+01
2.730033549125748493e+01 1.746237899831649543e+01
2.735052912710215978e+01 1.733182348825840080e+01
2.740061522037846942e+01 1.722473403137841430e+01
2.745070084770054564e+01 1.717950243894290097e+01
2.750096527171193372e+01 1.717342238551915656e+01
2.755103462783471358e+01 1.715882712023146794e+01
2.760049968995508962e+01 1.701890459289837665e+01
2.765053177889601344e+01 1.689656681819302619e+01
2.770036622615669586e+01 1.690577433189548273e+01
2.775054988188822946e+01 1.684136826978660295e+01
2.780062562883384203e+01 1.679145917562370371e+01
2.785044576349854850e+01 1.678725926436707283e+01
2.790070893961808807e+01 1.676130156720475739e+01
2.795038926939105650e+01 1.663511785702669954e+01
2.800057880835900548e+01 1.655249877795674252e+01
2.805066800443194808e+01 1.660187617973573992e+01
2.810107801910153924e+01 1.653102137879817235e+01
2.815115147865971323e+01 1.650094519871436916e+01
2.820044725741460923e+01 1.640456542033703613e+01
2.825040259489045624e+01 1.625390311932138587e+01
2.830043012984087625e+01 1.630926845700676608e+01
2.835059611158580495e+01 1.618840229288545274e+01
2.840043375018342431e+01 1.623174711147915872e+01
2.845045081296103717e+01 1.616745839326868150e+01
2.850041934162237567e+01 1.606483340814413907e+01
2.855035665006607104e+01 1.611123092363324361e+01
2.860065628427968321e+01 1.594934424837509290e+01
2.865062202782436529e+01 1.588945387479475535e+01
2.870086574409789293e+01 1.590646993690086042e+01
2.875095097308470926e+01 1.574228863657329036e+01
2.880071965891575303e+01 1.573921510000996449e+01
2.885023923582780014e+01 1.567663184581080493e+01
2.890050167422365490e+01 1.570093314460745759e+01
2.895070215097079469e+01 1.568240919149192436e+01
2.900065347826904372e+01 1.553975457395183390e+01
2.905081112941260457e+01 1.549506736710611499e+01
2.910056439627211589e+01 1.546813852960685054e+01
2.915042575030595273e+01 1.546535445104631812e+01
2.920043042605855632e+01 1.540023654685531795e+01
2.925076636279083431e+01 1.529680702299564921e+01
2.930084321682425852e+01 1.531076614352901544e+01
2.935070565647483676e+01 1.518879898504744297e+01
2.940088173014940054e+01 1.515262893380606002e+01
2.945065901268334230e+01 1.516953307109557159e+01
2.950069929838434035e+01 1.506855329080555173e+01
2.955051767266316176e+01 1.502605831322157748e+01
2.960069847837196377e+01 1.502978299379982374e+01
2.965080039456267258e+01 1.492943383602763063e+01
2.970062591625485382e+01 1.483477509885372569e+01
2.975060950619111466e+01 1.480726696559454858e+01
2.980050069104065713e+01 1.480220314329300635e+01
2.985055554323798788e+01 1.475426029763674762e+01
2.990066955052829911e+01 1.463442469762685505e+01
2.995082529205978972e+01 1.464711229627759614e+01
3.000070388283209866e+01 1.457270332599864560e+01
3.005093720211255359e+01 1.452330429144969060e+01
3.010063232593409666e+01 1.449498239936410471e+01
3.015060885573432614e+01 1.446821626686913120e+01
3.020077941803320698e+01 1.453911520090501597e+01
3.025042159237726480e+01 1.442570829980298086e+01
3.030049283039372909e+01 1.444918958389040853e+01
3.035065172418487123e+01 1.435977237528529571e+01
3.040092396144631337e+01 1.435749285984653056e+01
3.045061899439206599e+01 1.432111992705299564e+01
3.050062299842226565e+01 1.423979499891192013e+01
3.055062136019501651e+01 1.420668530248409667e+01
3.060036071826926829e+01 1.408862467303076826e+01
3.065068276140530301e+01 1.407515375400697266e+01
3.070067093794826718e+01 1.404918510284979583e+01
3.075070739398880093e+01 1.397551775346286362e+01
3.080069406674522270e+01 1.387903372759500442e+01
3.085055902468600664e+01 1.386054553437366010e+01
3.090042768187009870e+01 1.382496629948524003e+01
3.095057938439754608e+01 1.378128673301465312e+01
3.100056714637308275e+01 1.377818299962773807e+01
3.105027657948960851e+01 1.368450516472620038e+01
3.110045185950545488e+01 1.366402446111921876e+01
3.115079716584278557e+01 1.365215314735754504e+01
3.120089638300272838e+01 1.367318589693716113e+01
3.125061034946996230e+01 1.357718014523417693e+01
3.130074673395984064e+01 1.352999026104225955e+01
3.135087371096646081e+01 1.351666947243013617e+01
3.140070298512654645e+01 1.348291152204108023e+01
3.145048999559004343e+01 1.342124734196790925e+01
3.150054566235555598e+01 1.339204345641798533e+01
3.155095465298380120e+01 1.336296121730157971e+01
3.160059061739232078e+01 1.334594369180810247e+01
3.165063358798569126e+01 1.324425949819428361e+01
3.170080811001844268e+01 1.321982796059162091e+01
3.175077922846383416e+01 1.318472153559476645e+01
3.180073041957039948e+01 1.308681616974119244e+01
3.185061501289119335e+01 1.311718769499563209e+01
3.190059534907069860e+01 1.310559116476370178e+01
3.195055220581018673e+01 1.300140865408248558e+01
3.200080217994445064e+01 1.296209330688775729e+01
3.205069744610977267e+01 1.294383913008417686e+01
3.210050528371473888e+01 1.289315415265389753e+01
3.215073795427445447e+01 1.290475884007870100e+01
3.220057376437510754e+01 1.276458130403019631e+01
3.225057755887306854e+01 1.283018349014173687e+01
3.230065419623123546e+01 1.274630672728041247e+01
3.235074821529837408e+01 1.273916804301438255e+01
3.240068920145048992e+01 1.268198847696902121e+01
3.245066524920769524e+01 1.268163491054726855e+01
3.250067061912027810e+01 1.264389661683337529e+01
3.255045672500492770e+01 1.258257640055137294e+01
3.260061114312246389e+01 1.254378280378649357e+01
3.265063760042713170e+01 1.259219458031989802e+01
3.270057442976514039e+01 1.247025963531602422e+01
3.275070100505863735e+01 1.239446776735106681e+01
3.280094527007205585e+01 1.243019877810447760e+01
3.285066030973816709e+01 1.236723528512280090e+01
3.290059813941013545e+01 1.229655999345706441e+01
3.295073451895240169e+01 1.232405752591153103e+01
3.300095649687233390e+01 1.226731117180657193e+01
3.305110906618631361e+01 1.220888537829990561e+01
3.310064384792069347e+01 1.215682840840562129e+01
3.315037612876064799e+01 1.217665430185240005e+01
3.320039352890535156e+01 1.213381894891833745e+01
3.325075369626339494e+01 1.203666046580423554e+01
3.330079563727023384e+01 1.210911966640473025e+01
3.335041517110537512e+01 1.200753361545286957e+01
3.340042234386024944e+01 1.202655260794944247e+01
3.345068942173323023e+01 1.199495176688159148e+01
3.350090898686119090e+01 1.197763420610790952e+01
3.355076868455447681e+01 1.191065475490113812e+01
3.360083299996632178e+01 1.186978904581390459e+01
3.365062953487561259e+01 1.179156129880639270e+01
3.370054413012797312e+01 1.179224127892469198e+01
3.375043567752315710e+01 1.173098320152591789e+01
3.380061640845230642e+01 1.174148816851319843e+01
3.385089393014911963e+01 1.167497966407246146e+01
3.390082568859970991e+01 1.164062016275264178e+01
3.395079958664522479e+01 1.155023476362203461e+01
3.400065462941210370e+01 1.158895337366828926e+01
3.405091816079112021e+01 1.154366415715480620e+01
3.410090749058920068e+01 1.148449001914137213e+01
3.415074457596266910e+01 1.147464317428688929e+01
3.420065295071830036e+01 1.144171927592263316e+01
3.425051858506616043e+01 1.141887996623282220e+01
3.430084962655262615e+01 1.136893130716104494e+01
3.435071212962177611e+01 1.138948869695030908e+01
3.440066905842098777e+01 1.130275778891763672e+01
3.445042983328236375e+01 1.132129644908366117e+01
3.450043860660466777e+01 1.126325679544470049e+01
3.455076374242391068e+01 1.128171869308373410e+01
3.460068794302640782e+01 1.120140485885480430e+01
3.465065597891599936e+01 1.117093251767092354e+01
3.470061275611706719e+01 1.118450877000256405e+01
3.475062702078484023e+01 1.116940320416037480e+01
3.480052422475197460e+01 1.110250414350919890e+01
3.485065294727289142e+01 1.105322620557394231e+01
3.490062447937064150e+01 1.102223803383860634e+01
3.495074122486598611e+01 1.102009981689185381e+01
3.500077310510111062e+01 1.093434532928951697e+01
3.505065889052637829e+01 1.095538944987230678e+01
3.510073836994573782e+01 1.088582938558713664e+01
3.515075393740908538e+01 1.090461284924182017e+01
3.520070871574944249e+01 1.086241468562712775e+01
3.525045083160344461e+01 1.078991057266034836e+01
3.530049570869167752e+01 1.075673647761436058e+01
3.535059160776241782e+01 1.076301981095038229e+01
3.540068430971665947e+01 1.072550099595581585e+01
3.545074911362522840e+01 1.064810971576305576e+01
3.550036890253176836e+01 1.070086213834453304e+01
3.555064134077936444e+01 1.065249844932390388e+01
3.560078931342755482e+01 1.068365634420117516e+01
3.565108547588086907e+01 1.060225192916501769e+01
3.570094795766028284e+01 1.056966595125481945e+01
3.575062622600737683e+01 1.056390993141936363e+01
3.580091761654597349e+01 1.055308553605777355e+01
3.585068011788996500e+01 1.050241294567651806e+01
3.590063654732295362e+01 1.044214776263547506e+01
3.595064781968525836e+01 1.044006777880844794e+01
3.600064661787772025e+01 1.040389749777105877e+01
3.605065997098245134e+01 1.036643333676465595e+01
3.610055580292227972e+01 1.035819789651954004e+01
3.615066567295489364e+01 1.035032061853669738e+01
3.620070823995840925e+01 1.030113573593478904e+01
3.625063407140827110e+01 1.026841678021627580e+01
3.630053903480800415e+01 1.025138081221432529e+01
3.635076095548847519e+01 1.023756132577774380e+01
3.640064521820000465e+01 1.022978068155652664e+01
3.645059114817902213e+01 1.020832441838903293e+01
3.650037969898852452e+01 1.017682656562767995e+01
3.655041555911058992e+01 1.010590438723218121e+01
3.660066049185408588e+01 1.011724280182638047e+01
3.665073222235510997e+01 1.007835037472225359e+01
3.670097527299056139e+01 1.005280255401375022e+01
3.675066829186678774e+01 1.005938651175970477e+01
3.680079532898415096e+01 9.982131221782188035e+00
3.685063282247625693e+01 9.995962760740825459e+00
3.690036457791557467e+01 9.951245335476244236e+00
3.695044255330601146e+01 9.912473436286612483e+00
3.700056414896440060e+01 9.896266286941330037e+00
3.705061200566700563e+01 9.898798579629188410e+00
3.710054642744190545e+01 9.870406850798808307e+00
3.715099645420669816e+01 9.822314852934450613e+00
3.720099847428265605e+01 9.825788946287135062e+00
3.725092363794612282e+01 9.786227198475360822e+00
3.730065785688235991e+01 9.743953244279220272e+00
3.735047039871516006e+01 9.769638710253660818e+00
3.740074484956132039e+01 9.722172837160487191e+00
3.745078498921309773e+01 9.671928967383717435e+00
3.750081080030444269e+01 9.679508126910699062e+00
3.755066575910367987e+01 9.626388757431119103e+00
3.760075719290531993e+01 9.624745840214515624e+00
3.765058742029950167e+01 9.581253993682107506e+00
3.770070520800517500e+01 9.531412663899320847e+00
3.775074171766122078e+01 9.571425062522328275e+00
3.780054920228933923e+01 9.521446705568035185e+00
3.785028605357963016e+01 9.502752016218666498e+00
3.790014956604337470e+01 9.477590320381731104e+00
3.795070399093049929e+01 9.406646785346859829e+00
3.800064488374761140e+01 9.423979933700097789e+00
3.805063670460460656e+01 9.368491720287249080e+00
3.810066986978391412e+01 9.356833998958911991e+00
3.815047335562729103e+01 9.341669698859895732e+00
3.820070457166085731e+01 9.314417151420144592e+00
3.825054652004534717e+01 9.289595459584935710e+00
3.830059095506936728e+01 9.251705963342226724e+00
3.835060440364230061e+01 9.280379589510181049e+00
3.840060189880973240e+01 9.204368146258941508e+00
3.845047415235990229e+01 9.211825919576527966e+00
3.850045558810032276e+01 9.184543176593875202e+00
3.855068545891874265e+01 9.194175624952123371e+00
3.860077335274264954e+01 9.113511733640658363e+00
3.865079795446190758e+01 9.117612443270338929e+00
3.870069735860561622e+01 9.110423205126576107e+00
3.875074558129854552e+01 9.098718323383293338e+00
3.880072689471128911e+01 9.047752000947594908e+00
3.885070431159810767e+01 9.035996326331703798e+00
3.890076604177426134e+01 9.011138934101246889e+00
3.895077654249089250e+01 8.999567461425897363e+00
3.900065635008523657e+01 8.965074815147881182e+00
3.905068303866070778e+01 8.918045039918185424e+00
3.910086666979864845e+01 8.954042119705590608e+00
3.915075167994284300e+01 8.907092452612683786e+00
3.920080110904684290e+01 8.881119776077810002e+00
3.925051722509476093e+01 8.859359180145697010e+00
3.930049924941769746e+01 8.811404152599044082e+00
3.935068663145851531e+01 8.811419312023906159e+00
3.940062002802714858e+01 8.760466877279831976e+00
3.945094720807892230e+01 8.732039561872788624e+00
3.950072275578882852e+01 8.741810980103169371e+00
3.955068874417335678e+01 8.684667212746138176e+00
3.960047988298316568e+01 8.680317379324421267e+00
3.965028426911310078e+01 8.682242944070946322e+00
3.970050640123277219e+01 8.637648693026934055e+00
3.975057126679874386e+01 8.598762602206873495e+00
3.980063131454883063e+01 8.583595122890638862e+00
3.985062444376308832e+01 8.581971204281749976e+00
3.990046459422952552e+01 8.590277110267377836e+00
3.995030915473805777e+01 8.531827284253433064e+00
4.000070700697658310e+01 8.545319418828162483e+00
4.005068128997515231e+01 8.500123922672251808e+00
4.010049471442144409e+01 8.525047543179359977e+00
4.015069681665188028e+01 8.473071307552370257e+00
4.020082895179550064e+01 8.440129762616027875e+00
4.025072769209087653e+01 8.404981643891495935e+00
4.030051348483454632e+01 8.399970084075404131e+00
4.035072609931964394e+01 8.369316663374505083e+00
4.040037176569849464e+01 8.388330088052674327e+00
4.045042667732217012e+01 8.339311900085380813e+00
4.050053434909590777e+01 8.295034815665893291e+00
4.055043005389622834e+01 8.300642981523429498e+00
4.060045540580550494e+01 8.254965182471412533e+00
4.065048092584816430e+01 8.273385188397856638e+00
4.070078642837128058e+01 8.236637712824064650e+00
4.075040725570445943e+01 8.192989096933272819e+00
4.080059557345823151e+01 8.230457235372934832e+00
4.085087876590859679e+01 8.148252711310036034e+00
4.090052355963207731e+01 8.144327415384150726e+00
4.095053410493387958e+01 8.127767250280838240e+00
4.100046890014794343e+01 8.081298102069789380e+00
4.105055555589980543e+01 8.074150216206053443e+00
4.110055962388238271e+01 8.075487815340771647e+00
4.115058724083828423e+01 8.057562915390933611e+00
4.120063807828946523e+01 8.014557544965999369e+00
4.125078781157126429e+01 8.005202907865866635e+00
4.130070977352312411e+01 7.976869572029724687e+00
4.135072597204173661e+01 7.981180702714415709e+00
4.140062101981526865e+01 7.952524087569551092e+00
4.145046210781828933e+01 7.937195088376190810e+00
4.150064410670492521e+01 7.920567892844615265e+00
4.155055390754394296e+01 7.897662886916134717e+00
4.160071856321656014e+01 7.873470677955662467e+00
4.165062465436843553e+01 7.855308533611470523e+00
4.170074665647079826e+01 7.838408003479773178e+00
4.175092031344095034e+01 7.794214983997039603e+00
4.180083223468388809e+01 7.791134410624384721e+00
4.185091650497393800e+01 7.775526647250101675e+00
4.190058894312653592e+01 7.771457898852972335e+00
4.195057327773436384e+01 7.754862926974493753e+00
4.200054620451269471e+01 7.734402075069097826e+00
4.205070097649376493e+01 7.711440470618271981e+00
4.210104367677791259e+01 7.694594709943130439e+00
4.215062999266064736e+01 7.659596057905816657e+00
4.220062489273367845e+01 7.658881771962432694e+00
4.225072019983769422e+01 7.619075980600698017e+00
4.230080984542261291e+01 7.626614373288852278e+00
4.235048512465247939e+01 7.595273367470720238e+00
4.240039033711827443e+01 7.586375246056170418e+00
4.245058113897258067e+01 7.563376187834175646e+00
4.250051056501101243e+01 7.570511214133567535e+00
4.255075469310492764e+01 7.540661128418137515e+00
4.260088839389085535e+01 7.512952016994054460e+00
4.265066822100642696e+01 7.500104459006804447e+00
4.270042497031288775e+01 7.493421533959272907e+00
4.275056154529104191e+01 7.476697731789214707e+00
4.280061966166783094e+01 7.438751175949752437e+00
4.285072612642605350e+01 7.443979612451676608e+00
4.290063911686539910e+01 7.386565467387248063e+00
4.295047238065683359e+01 7.391504473583251134e+00
4.300068081100387474e+01 7.383569066395319069e+00
4.305065341004009127e+01 7.360996805133678045e+00
4.310092706765931325e+01 7.354356548235682745e+00
4.315079602200330555e+01 7.321082247534759446e+00
4.320049660447120488e+01 7.311452165836935357e+00
4.325044276895134487e+01 7.299301787973037747e+00
4.330057972539024291e+01 7.278881843489019232e+00
4.335073935269073786e+01 7.252575007810688312e+00
4.340062665975187173e+01 7.242960441508217606e+00
4.345083521863485743e+01 7.225271077119693075e+00
4.350080434733149559e+01 7.205732335676619194e+00
4.355066849370164306e+01 7.205127585217988795e+00
4.360066807944897249e+01 7.197520621347869962e+00
4.365063945197720585e+01 7.147300131191858696e+00
4.370057186563911955e+01 7.155023618280749176e+00
4.375058189073340742e+01 7.118406175326958518e+00
4.380066239129499195e+01 7.148545286993154946e+00
4.385070439948531629e+01 7.089469943902287241e+00
4.390071035686884926e+01 7.100908446684121245e+00
4.395067528124658196e+01 7.094262254933973999e+00
4.400082397187517103e+01 7.045214195654510903e+00
4.405064825126752481e+01 7.039581491305629157e+00
4.410055966609562716e+01 7.013414167177759673e+00
4.415064464392477106e+01 7.022495610297725399e+00
4.420062521994253046e+01 6.992243862562931511e+00
4.425074133285379219e+01 6.969584679428452390e+00
4.430056633737652305e+01 6.969351093691386723e+00
4.435070835691129076e+01 6.961940763710180669e+00
4.440078972329759210e+01 6.927175440838231779e+00
4.445074787044538311e+01 6.920803012462923398e+00
4.450068873751220622e+01 6.889032922400154746e+00
4.455068020915655325e+01 6.876062163158429996e+00
4.460077488805040957e+01 6.867355186492240193e+00
4.465062459263209860e+01 6.851554389385460908e+00
4.470071478766311657e+01 6.843231044077658254e+00
4.475070854589100833e+01 6.835892134505414219e+00
4.480054713876269545e+01 6.792204515398292841e+00
4.485054816752502660e+01 6.764938375674922177e+00
4.490070656619563039e+01 6.774598608883749762e+00
4.495070056087058674e+01 6.759479204157273990e+00
4.500056910314840763e+01 6.716265423184544225e+00
4.505070887203213914e+01 6.739047817332073365e+00
4.510061236772134663e+01 6.691060031521620211e+00
4.515073277013259201e+01 6.683614986270571379e+00
4.520069200387877117e+01 6.649063766760211713e+00
4.525066379076972112e+01 6.652359770090225055e+00
4.530070851487537453e+01 6.636274546002793429e+00
4.535066554677655404e+01 6.595468657029315729e+00
4.540070412847448011e+01 6.606282224741288012e+00
4.545055029283572168e+01 6.565836513170081545e+00
4.550056965286096755e+01 6.557221189675612294e+00
4.555054912766672004e+01 6.529671879005382706e+00
4.560058025539878912e+01 6.527000750442822685e+00
4.565062272089560480e+01 6.517592810682514504e+00
4.570060765623707510e+01 6.506599355316514455e+00
4.575072027820378651e+01 6.485461772487964183e+00
4.580063544467018488e+01 6.465608933647855494e+00
4.585061524648342157e+01 6.481252085606833191e+00
4.590038557800846775e+01 6.467601100172315931e+00
4.595044581013677742e+01 6.451285025878993551e+00
4.600053540272723041e+01 6.431483111618116588e+00
4.605059275114101780e+01 6.398439671024235942e+00
4.610084778734601940e+01 6.395104500150114113e+00
4.615078372778435067e+01 6.377059071179526306e+00
4.620079763110578597e+01 6.334048440547541681e+00
4.625069257879680862e+01 6.374710496659065306e+00
4.630076930310873706e+01 6.327808426893793303e+00
4.635061760445957191e+01 6.310137776258490483e+00
4.640048883980021799e+01 6.308796190909780499e+00
4.645059142980773004e+01 6.285999795393428791e+00
4.650073860852782559e+01 6.260143050121518726e+00
4.655062247296019962e+01 6.254988402129790792e+00
4.660054129780100141e+01 6.253275569048414084e+00
4.665067910891992398e+01 6.214586226851851691e+00
4.670057831041176399e+01 6.216291710266248494e+00
4.675073081291679244e+01 6.199444161757983629e+00
4.680064903311568969e+01 6.182845135514397406e+00
4.685054893440595691e+01 6.176897149488439709e+00
4.690047720868597025e+01 6.169639724364836653e+00
4.695055373767551288e+01 6.133841164953499181e+00
4.700068443481134040e+01 6.138411714401710739e+00
4.705054892794714760e+01 6.105350732662952140e+00
4.710090191639649504e+01 6.112308046879667778e+00
4.715086923685525022e+01 6.100198378888055828e+00
4.720079403182356970e+01 6.083917584979473325e+00
4.725071271028107134e+01 6.085495354939365775e+00
4.730064744448333869e+01 6.072710486613074110e+00
4.735056319112582912e+01 6.036220385110866005e+00
4.740048645981774200e+01 6.048736985262970656e+00
4.745072982557754671e+01 5.997895681939339418e+00
4.750080386038112579e+01 6.006403328725617108e+00
4.755087940005583391e+01 5.974149995539498548e+00
4.760072805312179867e+01 5.974703285814021214e+00
4.765067020928979247e+01 5.964044316891740749e+00
4.770065166037148430e+01 5.927456130062775053e+00
4.775059472584882059e+01 5.927203549906384872e+00
4.780054320846981142e+01 5.920486428789264899e+00
4.785051871527539191e+01 5.906658947819494188e+00
4.790068485360295369e+01 5.877995789961568462e+00
4.795068468835729902e+01 5.894132290573627309e+00
4.800081266340075814e+01 5.877369239946450108e+00
4.805067758293061075e+01 5.852281935045879457e+00
4.810057955891159054e+01 5.834225335511600719e+00
4.815065247583424224e+01 5.841021597587443104e+00
4.820058876752798938e+01 5.804177853813998311e+00
4.825062758151098308e+01 5.800582609144194102e+00
4.830050891861813511e+01 5.784346627492993775e+00
4.835059949104871180e+01 5.763026559621380329e+00
4.840061817680124534e+01 5.749099306661492825e+00
4.845059197059676848e+01 5.753516424340333835e+00
4.850071348765496282e+01 5.724947725489880845e+00
4.855070861047948938e+01 5.722787972140369384e+00
4.860079885823664370e+01 5.730635572378692366e+00
4.865073159027676297e+01 5.712814047521693972e+00
4.870062505589664426e+01 5.680761659802460173e+00
4.875064142241748044e+01 5.693138263870284099e+00
4.880070725855863856e+01 5.667705821381732179e+00
4.885077510260894940e+01 5.662207140546016149e+00
4.890071465607211110e+01 5.663924973085642023e+00
4.895074531240822324e+01 5.635970772606997414e+00
4.900073502381767554e+01 5.625283235374214819e+00
4.905077811013303801e+01 5.603373379488223449e+00
4.910070723550170868e+01 5.570976329801254678e+00
4.915070259051960733e+01 5.589813547167350904e+00
4.920063847882943975e+01 5.561301319724760717e+00
4.925059680352623559e+01 5.559706110427910630e+00
4.930058817457437215e+01 5.540943367906755235e+00
4.935066150186425205e+01 5.535198776281891497e+00
4.940082702243974921e+01 5.502716236096762081e+00
4.945071213629248774e+01 5.509225319594902359e+00
4.950066337522281401e+01 5.489560164195722791e+00
4.955070025329212768e+01 5.486951307359837493e+00
4.960068424121411823e+01 5.453891378104684939e+00
4.965064114312914256e+01 5.437130790392200375e+00
4.970072747776619337e+01 5.427208427792414192e+00
4.975072021790703047e+01 5.427033674001164876e+00
4.980057431660738132e+01 5.414913181242078544e+00
4.985075637656007075e+01 5.403110431383725931e+00
4.990071580811433449e+01 5.407033312286520399e+00
4.995063927006449234e+01 5.377314568209373924e+00
5.000060084925996762e+01 5.388154347380332609e+00
5.005045873064565853e+01 5.344730400824484029e+00
5.010048364727365566e+01 5.346044655536654311e+00
5.015058301511334093e+01 5.343660429211286811e+00
5.020059771037254848e+01 5.329070262419871362e+00
5.025046478966564933e+01 5.327431323554945308e+00
5.030058377984222062e+01 5.302526224165302615e+00
5.035069760041683651e+01 5.282555595516393865e+00
5.040084924235802077e+01 5.267528848699921440e+00
5.045068624624399689e+01 5.274333358371516844e+00
5.050060330114866503e+01 5.258020599394048311e+00
5.055056632414860474e+01 5.235804104477612242e+00
5.060048892831081702e+01 5.223150505823594969e+00
5.065076270012374238e+01 5.217959737254352248e+00
5.070074418145034656e+01 5.196537725667189633e+00
5.075072033235919378e+01 5.196011352787501814e+00
5.080056856830650247e+01 5.168990650275308241e+00
5.085063996342848469e+01 5.176360213718298908e+00
5.090079576010987950e+01 5.140709613082393936e+00
5.095067199178613038e+01 5.158925390784683707e+00
5.100077085900777263e+01 5.142072288863771767e+00
5.105066948456282461e+01 5.137816693310081284e+00
5.110067782431391947e+01 5.128312369734864262e+00
5.115071056813979311e+01 5.105985402338998114e+00
5.120086418384877192e+01 5.092244580189244196e+00
5.125089251453216832e+01 5.095461249518661973e+00
5.130069535899511379e+01 5.090751757642026476e+00
5.135077314432863460e+01 5.051203645716307200e+00
5.140079527368695267e+01 5.047738518864647084e+00
5.145076795720253671e+01 5.038036081394905885e+00
5.150067190460001854e+01 5.030677248994779305e+00
5.155055705950405098e+01 5.032486247139263291e+00
5.160060338144170089e+01 4.997198686869645634e+00
5.165077786608629395e+01 4.997831693695349742e+00
5.170079892531500576e+01 4.964344912505032070e+00
5.175076409355646234e+01 4.961601220561033365e+00
5.180081050879348936e+01 4.974039168725366444e+00
5.185063236522091756e+01 4.957498258052974727e+00
5.190063627192509443e+01 4.939426759369489162e+00
5.195045194769984676e+01 4.929701140523796710e+00
5.200055348012200085e+01 4.913132894813434959e+00
5.205073650353721604e+01 4.909612762760674265e+00
5.210082264320564605e+01 4.897774782576307828e+00
5.215074029641194642e+01 4.874112511137459691e+00
5.220060961371469688e+01 4.867122473246135783e+00
5.225071803781900570e+01 4.872210897951404718e+00
5.230056258642265021e+01 4.856815939708570617e+00
5.235053885698353326e+01 4.835018382352941124e+00
5.240052133702501891e+01 4.830200336432294961e+00
5.245061225630747259e+01 4.821457679751209646e+00
5.250071488624668348e+01 4.806077835127630316e+00
5.255058134901026534e+01 4.807664947029229197e+00
5.260070941839639147e+01 4.781625916981613322e+00
5.265077959906204796e+01 4.789930821128094429e+00
5.270071039049599904e+01 4.762828597529383146e+00
5.275067087002464206e+01 4.754313878186736453e+00
5.280057513073043651e+01 4.746142369555887086e+00
5.285048295724897827e+01 4.729931967028003115e+00
5.290064806091204730e+01 4.720887333163862998e+00
5.295076237312280654e+01 4.712751306320294375e+00
5.300071428026349452e+01 4.708989140220571912e+00
5.305094238809233786e+01 4.704327528805221981e+00
5.310087107769089698e+01 4.696456889793932277e+00
5.315076924934483316e+01 4.684383074175411998e+00
5.320050195368721546e+01 4.680592633638133826e+00
5.325049837735429747e+01 4.669108148062648844e+00
5.330065167941499737e+01 4.653944319021836584e+00
5.335069576743354247e+01 4.639129924953095063e+00
5.340090396500927739e+01 4.640793021902783089e+00
5.345084246007032647e+01 4.629059568335145869e+00
5.350083523446005529e+01 4.615899118441946669e+00
5.355075183860127197e+01 4.615298723353509658e+00
5.360082432592102464e+01 4.591104930191971967e+00
5.365091818824257075e+01 4.575584631594292517e+00
5.370059238608737218e+01 4.566119976359337862e+00
5.375066957950130586e+01 4.557711317801746098e+00
5.380067487411135829e+01 4.557505716176287969e+00
5.385058139128504706e+01 4.542774563946498034e+00
5.390070192466438925e+01 4.540128893407676891e+00
5.395078131761895435e+01 4.520565967326406032e+00
5.400058870545096568e+01 4.509776733843067653e+00
5.405068033207550116e+01 4.507033763353512690e+00
5.410072161653349809e+01 4.493179940122351113e+00
5.415067609690787265e+01 4.493404822386976250e+00
5.420060581925445575e+01 4.479571862806389859e+00
5.425053353070867246e+01 4.454745639347916786e+00
5.430068570154838170e+01 4.454364014598384713e+00
5.435066411431858313e+01 4.439425088114017370e+00
5.440080914129376310e+01 4.435124893423853187e+00
5.445080163590567679e+01 4.416845030588878451e+00
5.450081660501099634e+01 4.415619491338689251e+00
5.455078215982349121e+01 4.404375332935415166e+00
5.460050313376459741e+01 4.402155829311658941e+00
5.465064987509153127e+01 4.384180319381607127e+00
5.470081260773268639e+01 4.384937504713068535e+00
5.475070460284505458e+01 4.355396516642565885e+00
5.480047950030435544e+01 4.343764638170677372e+00
5.485062926285060314e+01 4.350937695516162940e+00
5.490064179093323560e+01 4.337921083403641909e+00
5.495054313845735550e+01 4.328590891357040782e+00
5.500079655004624613e+01 4.330282497725242763e+00
5.505072119771764960e+01 4.318814658823086461e+00
5.510064043814401913e+01 4.287744679214531729e+00
5.515067446589753075e+01 4.293161619058902367e+00
5.520076119843602669e+01 4.288937160261644621e+00
5.525078088792644593e+01 4.273280923542142062e+00
5.530081900620841395e+01 4.260962098164537970e+00
5.535082610383302892e+01 4.259188917209010050e+00
5.540073174404310663e+01 4.254103478575490094e+00
5.545062967977569457e+01 4.239063790192381553e+00
5.550057000431460352e+01 4.225781397438317377e+00
5.555071841742697103e+01 4.210933150614534881e+00
5.560062756007631890e+01 4.207858010082707878e+00
5.565055936735502939e+01 4.206661510840481455e+00
5.570060012874240130e+01 4.186984649836470673e+00
5.575053199084554478e+01 4.188832822684993573e+00
5.580071707753494792e+01 4.186273796752550069e+00
5.585068299905342570e+01 4.159483256702184661e+00
5.590076095627701847e+01 4.158236966499274878e+00
5.595061593594395077e+01 4.157509021977131347e+00
5.600059719570929673e+01 4.140390785845864841e+00
5.605071976431674585e+01 4.124621845274373477e+00
5.610071043481956110e+01 4.126511007157955824e+00
5.615079356577659553e+01 4.111218741026191559e+00
5.620061827311953806e+01 4.110940218742231700e+00
5.625076579374169228e+01 4.094052897913248223e+00
5.630076324283498934e+01 4.082590043959180903e+00
5.635054101137028226e+01 4.076090690996039712e+00
5.640050948138840425e+01 4.065984491313898275e+00
5.645054455800144666e+01 4.063035218140746530e+00
5.650073481325052427e+01 4.052887601729751488e+00
5.655073477457435871e+01 4.037421016327409795e+00
5.660073824559485445e+01 4.026220607703460352e+00
5.665074086704029810e+01 4.021435711823508896e+00
5.670079376222318501e+01 4.014964422824292001e+00
5.675065281761889935e+01 4.000078370214980694e+00
5.680050522544234326e+01 3.996896418203224499e+00
5.685029008354570834e+01 3.988742973539377790e+00
5.690039644117692319e+01 3.978343288993324567e+00
5.695066971981956527e+01 3.968929936825419613e+00
5.700060778658993144e+01 3.957733275299322617e+00
5.705072362469287839e+01 3.953380146858115118e+00
5.710062844583793407e+01 3.949201352454238201e+00
5.715063642460044946e+01 3.929720885978130962e+00
5.720052563749149499e+01 3.928724516415589285e+00
5.725057250158966582e+01 3.913044777175284761e+00
5.730070061666543069e+01 3.911869698112842464e+00
5.735059468705980379e+01 3.899054889235426202e+00
5.740068046681047065e+01 3.899268684884549696e+00
5.745062246045310417e+01 3.889032118660074921e+00
5.750071044277198240e+01 3.877847131594813312e+00
5.755079038725750706e+01 3.869465685966106072e+00
5.760081478585422587e+01 3.868433851216055430e+00
5.765084819486575185e+01 3.854729131438233924e+00
5.770069974390386847e+01 3.847885197668289070e+00
5.775064567173122754e+01 3.817694907202368260e+00
5.780071185781467591e+01 3.831946229739652043e+00
5.785070888559319968e+01 3.814035619574333236e+00
5.790063092839579895e+01 3.810702807529041891e+00
5.795076274408464201e+01 3.806009206261830702e+00
5.800068408155547672e+01 3.783156832368373301e+00
5.805066207662181199e+01 3.788982826799867532e+00
5.810058441680767771e+01 3.783950501617091788e+00
5.815050057807743400e+01 3.769529643175002054e+00
5.820058481270466899e+01 3.768881848291732339e+00
5.825054799922251192e+01 3.757430536940237431e+00
5.830062176282278585e+01 3.742954450480568518e+00
5.835064111592163982e+01 3.741542103217208037e+00
5.840075419903320153e+01 3.728775980947305335e+00
5.845083088551552919e+01 3.720135060257653503e+00
5.850080154356264472e+01 3.715039474460521518e+00
5.855080032980847449e+01 3.709062998235286734e+00
5.860057089650905482e+01 3.695132215963478739e+00
5.865057581360016314e+01 3.690647856977542940e+00
5.870061249080675481e+01 3.678221767577642520e+00
5.875063584132967520e+01 3.669824730114261246e+00
5.880052804622530971e+01 3.661011965285831504e+00
5.885049062313584045e+01 3.657492114855720899e+00
5.890068540929838292e+01 3.647359515104030780e+00
5.895074667686701986e+01 3.653232777052933145e+00
5.900079285975216692e+01 3.633519531857488882e+00
5.905072163601161606e+01 3.623623726382296351e+00
5.910053840968517136e+01 3.627192222125913634e+00
5.915055836907099263e+01 3.608224686331413356e+00
5.920078583096847069e+01 3.604298914884882521e+00
5.925078445624479428e+01 3.591924603174603270e+00
5.930073572141976967e+01 3.589914208218971226e+00
5.935077471148129291e+01 3.574013281560489474e+00
5.940084008989509812e+01 3.573311447498983107e+00
5.945076794887749827e+01 3.557135106588151796e+00
5.950063683779239909e+01 3.550704112296088066e+00
5.955077877209936332e+01 3.542150001876162246e+00
5.960060236443837312e+01 3.538875577850431942e+00
5.965054645934751676e+01 3.528898181230554876e+00
5.970063068222594893e+01 3.519353184660917400e+00
5.975062169048680261e+01 3.516311337030843198e+00
5.980081898179457056e+01 3.511765577614176070e+00
5.985070991520160533e+01 3.498098860156034107e+00
5.990063533403414198e+01 3.489780917974053320e+00
5.995058497985625223e+01 3.479077330562485582e+00
6.000058384167378733e+01 3.473671537593246761e+00
6.005053987652184588e+01 3.464753342209542897e+00
6.010045421237759911e+01 3.464820589014913743e+00
6.015064859381300977e+01 3.457827165389940394e+00
6.020071100610303461e+01 3.451117636585480764e+00
6.025064422090846250e+01 3.433292355289212949e+00
6.030080715923693901e+01 3.426316990644607596e+00
6.035080229029196630e+01 3.416795748526769039e+00
6.040061132077143924e+01 3.411931591405238606e+00
6.045063089445540783e+01 3.414511788173674844e+00
6.050051327979302584e+01 3.398531819821820399e+00
6.055046586021543931e+01 3.402705036366414415e+00
6.060066561403655072e+01 3.385948565598367654e+00
6.065060531728364168e+01 3.381174484566264127e+00
6.070058213762547439e+01 3.368980671158923190e+00
6.075049250711255411e+01 3.356196268340520206e+00
6.080072220556943563e+01 3.347601872298180847e+00
6.085080501817724041e+01 3.347189064666626024e+00
6.090072241368302031e+01 3.336871881135471174e+00
6.095072344314405655e+01 3.331691943935585876e+00
6.100064471556180479e+01 3.323988998598159661e+00
6.105074558218583292e+01 3.312953399103260921e+00
6.110075563535039578e+01 3.304913706490808956e+00
6.115084051183571034e+01 3.298670755523419817e+00
6.120073852296442141e+01 3.292065447524507249e+00
6.125069677240534105e+01 3.281726397488474500e+00
6.130078678126051983e+01 3.281185841797787717e+00
6.135074668185310287e+01 3.275000501212935067e+00
6.140074771504353635e+01 3.269582316908811404e+00
6.145066576833651339e+01 3.259802890450361978e+00
6.150056726797252082e+01 3.260069063231299857e+00
6.155052199605525942e+01 3.251270562198311342e+00
6.160067465714389101e+01 3.242298150410687807e+00
6.165067242892764909e+01 3.236743187396141863e+00
6.170067030649844497e+01 3.226601302586113995e+00
6.175066561361092710e+01 3.218075002983412425e+00
6.180067991116586512e+01 3.215708410412261742e+00
6.185058426725945679e+01 3.206953570793023456e+00
6.190038579212198044e+01 3.197354631090945087e+00
6.195062912658430321e+01 3.191936740737095324e+00
6.200054455848771084e+01 3.180046285759521751e+00
6.205045608676216062e+01 3.179586473637868949e+00
6.210065680711953462e+01 3.167339466080677290e+00
6.215064819109176142e+01 3.162206876353321316e+00
6.220063023545002778e+01 3.152169618256679851e+00
6.225056036774524415e+01 3.158934764010162155e+00
6.230057029581633543e+01 3.144964599927117632e+00
6.235056477868997149e+01 3.147226839822619304e+00
6.240070311510407208e+01 3.136708107227955900e+00
6.245087981397324484e+01 3.120996646260832286e+00
6.250075171045033784e+01 3.111383831868764105e+00
6.255079729562886115e+01 3.104150305251489161e+00
6.260063960014294082e+01 3.101360737513417565e+00
6.265063784798040558e+01 3.086841147886737247e+00
6.270068305958778154e+01 3.085054824579068544e+00
6.275066561381144226e+01 3.083245773960882286e+00
6.280070487697192050e+01 3.078363706505489183e+00
6.285071948848923284e+01 3.064743810879054120e+00
6.290083993008494190e+01 3.062279120358746720e+00
6.295081676641085977e+01 3.042787354246414999e+00
6.300068683398932734e+01 3.046488344766260070e+00
6.305066180073792736e+01 3.034388996667877425e+00
6.310071566505131813e+01 3.025873863850382151e+00
6.315063473160932972e+01 3.021552203211137044e+00
6.320071410390065125e+01 3.017408129127666427e+00
6.325070212739828435e+01 3.013692069957558228e+00
6.330067373965293598e+01 2.999176700384992511e+00
6.335086637769684614e+01 3.002800800868419273e+00
6.340075853883547552e+01 2.992136785466691595e+00
6.345085909834993743e+01 2.990923026041104382e+00
6.350074052305416927e+01 2.979679974501841855e+00
6.355074211049213773e+01 2.971914964129756420e+00
6.360070004991064252e+01 2.966517615431334409e+00
6.365046078357857340e+01 2.960292608524516478e+00
6.370059063423332191e+01 2.954272128090936533e+00
6.375058423596151158e+01 2.948242958929160107e+00
6.380070654720426404e+01 2.941358652445192678e+00
6.385073591118687375e+01 2.927593092433557587e+00
6.390071077096509811e+01 2.928460114686698201e+00
6.395066974511460245e+01 2.920416615706631358e+00
6.400073832788034167e+01 2.909707335473957990e+00
6.405072727132748867e+01 2.904695068251871515e+00
6.410042485383993949e+01 2.897380179061510130e+00
6.415040342529097472e+01 2.893185619368233041e+00
6.420058933624704878e+01 2.888370603512451229e+00
6.425075689310219218e+01 2.888183403386939574e+00
6.430074059785791007e+01 2.884940985643290823e+00
6.435073239392266942e+01 2.870934568821832844e+00
6.440068334788421112e+01 2.868434865952885549e+00
6.445081674355536450e+01 2.866938726674350235e+00
6.450077001850063141e+01 2.860870986765914559e+00
6.455062786306609723e+01 2.850562096155124792e+00
6.460074774320564472e+01 2.837871320904042260e+00
6.465057417145177965e+01 2.835396916739861162e+00
6.470063659512929632e+01 2.838757358538920084e+00
6.475068947408398401e+01 2.826763111935326922e+00
6.480066604957306708e+01 2.821228055046204553e+00
6.485070380543818658e+01 2.808563191423546268e+00
6.490082017193319075e+01 2.816730573743534638e+00
6.495091978387250720e+01 2.798512763820905747e+00
6.500079650806792131e+01 2.796612989584642328e+00
6.505077306231818568e+01 2.790369074603331168e+00
6.510072438062935873e+01 2.784049662357535038e+00
6.515060376587864255e+01 2.777577902795914433e+00
6.520062617090036383e+01 2.770969570436715657e+00
6.525067363761262129e+01 2.763023840187109226e+00
6.530069142186557940e+01 2.762653680611662832e+00
6.535065255382559712e+01 2.746278828782916737e+00
6.540072432906758593e+01 2.745582627025020539e+00
6.545072134725472779e+01 2.735859881658905923e+00
6.550067517520525939e+01 2.732550995646803038e+00
6.555061567814142620e+01 2.729559127012163966e+00
6.560071804978089460e+01 2.723268841340472868e+00
6.565074992402898602e+01 2.717530539593840277e+00
6.570073563602359457e+01 2.712339528673417544e+00
6.575081836235639798e+01 2.709457275398445386e+00
6.580067310797147684e+01 2.694359321760074977e+00
6.585061954733382095e+01 2.691054608799377412e+00
6.590052302224263769e+01 2.692056039356952368e+00
6.595052826667320289e+01 2.673906632050430776e+00
6.600053918408119102e+01 2.676855519076323020e+00
6.605046954238856927e+01 2.664991762468791769e+00
6.610057363466796687e+01 2.660442092405842729e+00
6.615059008408327657e+01 2.651309950552680483e+00
6.620061791133673523e+01 2.649877496151427980e+00
6.625064855268836084e+01 2.638254266514662660e+00
6.630072856218191646e+01 2.637103673717263952e+00
6.635065875684698256e+01 2.631569251231172579e+00
6.640064264940966154e+01 2.617805183994243112e+00
6.645073824784918770e+01 2.610000078800851497e+00
6.650067115149393260e+01 2.610968763161088280e+00
6.655065369910670370e+01 2.603816305907643347e+00
6.660067342842303617e+01 2.597696733842749239e+00
6.665061323825229067e+01 2.590439826531575118e+00
6.670060323996554530e+01 2.584637358493763415e+00
6.675068430972328315e+01 2.583420458570349520e+00
6.680058418726099490e+01 2.575431625296393801e+00
6.685071694749524340e+01 2.574450097135045024e+00
6.690068793049118767e+01 2.567948644496503174e+00
6.695061923607941878e+01 2.559642822923359429e+00
6.700068639194881825e+01 2.553056219935910143e+00
6.705067682126600914e+01 2.547020505391062617e+00
6.710077604805209717e+01 2.542031595303624769e+00
6.715060699182339476e+01 2.528445593818092085e+00
6.720066061294389215e+01 2.530638197783817933e+00
6.725075986721213894e+01 2.525971291758935866e+00
6.730052522264658421e+01 2.519731371989115676e+00
6.735062924116799365e+01 2.508830747928970872e+00
6.740060732150529077e+01 2.501814763018006982e+00
6.745053620466653399e+01 2.503479757056789268e+00
6.750066425390348002e+01 2.489243713055835805e+00
6.755082937688051459e+01 2.491914765523345121e+00
6.760072503679658951e+01 2.480732367680449801e+00
6.765062988820275791e+01 2.478045004271031360e+00
6.770069412468146197e+01 2.476797877417699301e+00
6.775062100887190297e+01 2.470516510795281562e+00
6.780056248816653408e+01 2.458395071154989342e+00
6.785055195196578381e+01 2.455526317955979643e+00
6.790059441818515040e+01 2.450415957001828904e+00
6.795044836699864277e+01 2.451064925846289544e+00
6.800048085798178477e+01 2.437148027462163746e+00
6.805067835923897235e+01 2.432174126567655748e+00
6.810072656466435603e+01 2.425865887092490514e+00
6.815070145771700538e+01 2.424335018849859136e+00
6.820064337944950239e+01 2.418091962075251011e+00
6.825063037684658696e+01 2.413113687195219015e+00
6.830061409162452435e+01 2.406329761114618382e+00
6.835082789549002769e+01 2.398191954861761843e+00
6.840074162891980336e+01 2.394602885515445312e+00
6.845061665390170447e+01 2.387338127219142070e+00
6.850060607525895762e+01 2.384179035795807255e+00
6.855041616181789266e+01 2.376002312511764192e+00
6.860055351875693930e+01 2.372700377500994051e+00
6.865067407391181575e+01 2.368617231209032781e+00
6.870082429657925616e+01 2.368696161650230891e+00
6.875066073594551597e+01 2.361020483975821538e+00
6.880065260215600631e+01 2.350568766823799116e+00
6.885081659029681589e+01 2.344608783668969298e+00
6.890064504945875967e+01 2.344566787844891920e+00
6.895067122144425298e+01 2.332899315920892835e+00
6.900074781618619113e+01 2.335590066310307744e+00
6.905078903998277440e+01 2.329079327851590886e+00
6.910062926068043510e+01 2.324443940535818154e+00
6.915076312115429857e+01 2.317385084042915988e+00
6.920087728366590341e+01 2.311778568039197790e+00
6.925064015234329418e+01 2.297958081571493949e+00
6.930071161473770758e+01 2.300061547248592131e+00
6.935069662042847938e+01 2.294111719259420035e+00
6.940067336527617670e+01 2.287420755200971545e+00
6.945052358078594068e+01 2.274719979658837765e+00
6.950069882003045052e+01 2.277262910798122153e+00
6.955065043974518346e+01 2.276425301706200610e+00
6.960063238637687277e+01 2.266901639854252526e+00
6.965076356245934619e+01 2.262116623971604845e+00
6.970066267261935877e+01 2.253001492444013820e+00
6.975077150840287743e+01 2.252559383521841152e+00
6.980064065908266002e+01 2.247605081081363032e+00
6.985059517066410706e+01 2.245440644029631727e+00
6.990058917780882553e+01 2.243978089219715422e+00
6.995052199767907553e+01 2.231828410579905775e+00
7.000053278111315080e+01 2.226112178087608751e+00
7.005054756946375960e+01 2.223906310119276419e+00
7.010071906655107910e+01 2.215398986464336417e+00
7.015073724783538012e+01 2.212466009125685584e+00
7.020076257112617668e+01 2.205843683957794621e+00
7.025071380996972437e+01 2.199431046032500170e+00
7.030079663510109356e+01 2.195299577575896333e+00
7.035073212561979972e+01 2.191053581102556880e+00
7.040052429241477228e+01 2.180223430873945656e+00
7.045058297496383659e+01 2.178621240812004700e+00
7.050059401138639714e+01 2.172678190270245668e+00
7.055066771787184621e+01 2.169787227038019406e+00
7.060067847038419586e+01 2.162131451230834944e+00
7.065080545095293019e+01 2.157103982234153339e+00
7.070079978376851670e+01 2.153226093229293703e+00
7.075070557410046490e+01 2.143911995558933192e+00
7.080069760468173001e+01 2.141328578706701347e+00
7.085076568503940564e+01 2.136762655279405454e+00
7.090068528896773614e+01 2.133494812434037602e+00
7.095067439269951137e+01 2.126448828568144211e+00
7.100072450262976531e+01 2.121750038729373955e+00
7.105057251719182432e+01 2.116621227452156084e+00
7.110068585668089725e+01 2.113518794833215697e+00
7.115074285288213218e+01 2.110524162615071919e+00
7.120076272882748469e+01 2.103861630709775277e+00
7.125077295257317189e+01 2.097569575820692922e+00
7.130061307931975989e+01 2.097033780998917241e+00
7.135057697783859965e+01 2.090362339436731887e+00
7.140051818309896703e+01 2.088008063570074846e+00
7.145058945612221635e+01 2.081262703535079694e+00
7.150064250041292269e+01 2.077634163211409923e+00
7.155074281030603345e+01 2.071475235210088250e+00
7.160077175329789156e+01 2.066035542586229123e+00
7.165072107790369671e+01 2.060644405378754929e+00
7.170061197859612889e+01 2.059337417744497412e+00
7.175068484188005868e+01 2.049788043829693152e+00
7.180069797357522532e+01 2.047490844382792385e+00
7.185052908346605705e+01 2.042240270420211612e+00
7.190049244058428712e+01 2.038756558012837949e+00
7.195053709001591358e+01 2.033635155518252358e+00
7.200073012147062457e+01 2.026655828187332364e+00
7.205075630080007443e+01 2.022081641160152543e+00
7.210071330313708415e+01 2.014533997619741612e+00
7.215064984114650315e+01 2.015541078511343898e+00
7.220059128500021473e+01 2.011218215332831516e+00
7.225074277424388924e+01 2.006128210101401965e+00
7.230070284600866160e+01 1.997428217845643728e+00
7.235076160584758043e+01 1.993873473240465044e+00
7.240070180179232295e+01 1.987957814924147693e+00
7.245056331583070630e+01 1.984566323458574422e+00
7.250071177019162860e+01 1.980101922825752148e+00
7.255074361448450304e+01 1.969952067124003392e+00
7.260075840165679040e+01 1.970690856768282151e+00
7.265067087776864696e+01 1.967722671203233187e+00
7.270069141245362232e+01 1.959046018534183808e+00
7.275062612949844265e+01 1.961226524447007069e+00
7.280060566645578035e+01 1.952547759018123719e+00
7.285083494007679406e+01 1.951058918390501162e+00
7.290074926781362308e+01 1.946178891246032050e+00
7.295071018587948686e+01 1.940186498420176431e+00
7.300075757484900407e+01 1.936872460862958834e+00
7.305066473261940985e+01 1.935401835040374996e+00
7.310065101246341612e+01 1.926310101160721100e+00
7.315065952968613772e+01 1.920436268893244369e+00
7.320053081975895282e+01 1.916814073374204730e+00
7.325048511196247603e+01 1.913660576375307398e+00
7.330055218649900439e+01 1.907898216980999040e+00
7.335057734944857089e+01 1.903672690979462345e+00
7.340073750616149084e+01 1.898543182203910495e+00
7.345066119334092036e+01 1.893682278718514134e+00
7.350069271235936696e+01 1.888625815592216206e+00
7.355065125487764988e+01 1.879635438409100745e+00
7.360067355715841586e+01 1.880691609303149825e+00
7.365065198231539512e+01 1.874826937164608465e+00
7.370058815992244661e+01 1.871563121410593222e+00
7.375074490261759763e+01 1.867207827265159326e+00
7.380071985283433378e+01 1.862889674353922720e+00
7.385058263397081646e+01 1.858051591356607801e+00
7.390056078789331195e+01 1.856991760532201718e+00
7.395068617524700016e+01 1.847645219904922254e+00
7.400068845601435896e+01 1.844358742066515733e+00
7.405069234902053665e+01 1.838169560949655112e+00
7.410075148925902511e+01 1.839293212076749562e+00
7.415065451124954166e+01 1.835027723243705777e+00
7.420056880557223167e+01 1.827924124603138134e+00
7.425046977775809864e+01 1.825122288796579451e+00
7.430067703812518687e+01 1.820098561066253229e+00
7.435078812041055585e+01 1.816833730202426223e+00
7.440072909355558295e+01 1.812207247433015533e+00
7.445069986529563266e+01 1.808100326977093220e+00
7.450061340117312625e+01 1.805102234715293852e+00
7.455057097008574374e+01 1.799772647838480788e+00
7.460055163076238216e+01 1.792896192092860552e+00
7.465072268894796537e+01 1.789185698250918000e+00
7.470068041522551994e+01 1.784737554001935012e+00
7.475074307693199671e+01 1.780239108176512763e+00
7.480074283832119875e+01 1.782434379635606136e+00
7.485075224222836709e+01 1.773782798441120079e+00
7.490079641521823817e+01 1.769716846571403712e+00
7.495062089049905296e+01 1.765929371708203410e+00
7.500065700575025573e+01 1.761036681674339022e+00
7.505060954964648090e+01 1.758464075343232791e+00
7.510068713387616413e+01 1.757865764185888358e+00
7.515072625551053420e+01 1.748574110940946502e+00
7.520069140860303492e+01 1.742086175478616550e+00
7.525086333528427929e+01 1.739806836489632413e+00
7.530082937888276717e+01 1.734447756179880562e+00
7.535074694540101348e+01 1.731119613243049971e+00
7.540074504067418104e+01 1.726063965617356422e+00
7.545074662538237931e+01 1.722926407315643615e+00
7.550056337259302097e+01 1.721235037993878558e+00
7.555052049369368206e+01 1.715089630784222496e+00
7.560065310698057317e+01 1.712239531603829690e+00
7.565075416816121390e+01 1.706436708672503411e+00
7.570071701664222985e+01 1.703589115745434812e+00
7.575061222851250875e+01 1.698681453879600012e+00
7.580065553187749572e+01 1.697605896964524241e+00
7.585058469350046551e+01 1.689536816931749508e+00
7.590066946690396321e+01 1.687584128707249054e+00
7.595068836056216810e+01 1.682408653846154012e+00
7.600060267883431209e+01 1.677278194575719361e+00
7.605067801604742783e+01 1.675015394004784497e+00
7.610063384076626392e+01 1.670323041194770708e+00
7.615078978067847970e+01 1.663995676119802480e+00
7.620064171822374988e+01 1.663573321477284317e+00
7.625054711672333951e+01 1.656320968655036197e+00
7.630061089920927486e+01 1.657493590639246506e+00
7.635063093560049197e+01 1.651729812755997617e+00
7.640070055742589261e+01 1.644870831147620782e+00
7.645076656619778532e+01 1.642777960653706071e+00
7.650077950005926652e+01 1.640246353929292189e+00
7.655064655604263635e+01 1.630468152801003212e+00
7.660067666767272954e+01 1.632148479052725421e+00
7.665071231411040742e+01 1.628142994835451773e+00
7.670071940767236640e+01 1.621153320249662189e+00
7.675062818207145199e+01 1.617866725525579863e+00
7.680054458200679335e+01 1.616977486963015576e+00
7.685066700412623675e+01 1.611191308494160701e+00
7.690075471397413764e+01 1.606099229777796289e+00
7.695071244317165338e+01 1.605082499738333501e+00
7.700064457769639148e+01 1.597416187708810664e+00
7.705070218816516103e+01 1.594718013311568594e+00
7.710061276796189134e+01 1.590166269125665499e+00
7.715066621205893682e+01 1.587763978967396294e+00
7.720073160652232502e+01 1.582858050174658526e+00
7.725066506753948659e+01 1.580063204753447970e+00
7.730053675289693160e+01 1.575833256447536801e+00
7.735056956870909062e+01 1.573010390057088648e+00
7.740076694830369775e+01 1.569292184982700622e+00
7.745065508889175021e+01 1.562619923753739704e+00
7.750075270658241777e+01 1.558781190019193907e+00
7.755075245463144995e+01 1.555782102177475368e+00
7.760063065984935804e+01 1.551763735986582349e+00
7.765070321575937839e+01 1.550045887046787030e+00
7.770058184131811174e+01 1.546176540488699569e+00
7.775045631228616116e+01 1.542759718806979041e+00
7.780052299955025319e+01 1.538270506516818736e+00
7.785061811322584902e+01 1.537042298078343805e+00
7.790069755814592156e+01 1.529507413442251718e+00
7.795066993509645670e+01 1.527336739495238405e+00
7.800070320426156911e+01 1.524037903698684859e+00
7.805076988395472881e+01 1.520838709075704065e+00
7.810068407994884865e+01 1.517351845154961465e+00
7.815063458329811397e+01 1.514126293529588496e+00
7.820071803115827436e+01 1.508945058353409641e+00
7.825068518292077613e+01 1.504599135630871443e+00
7.830071889907812022e+01 1.500305645173739322e+00
7.835056505199914056e+01 1.496137352148563915e+00
7.840063876811422006e+01 1.492233407973076575e+00
7.845076724820752645e+01 1.489383089343733868e+00
7.850062601688682662e+01 1.488359009131461130e+00
7.855066047661884454e+01 1.484228959455945906e+00
7.860066278381508198e+01 1.481795786038360152e+00
7.865070105683354029e+01 1.475169265369918437e+00
7.870060604587553144e+01 1.473973726541007112e+00
7.875065355180748838e+01 1.471305926385870322e+00
7.880076615489335268e+01 1.468817467781030395e+00
7.885061970150083255e+01 1.462044096760146683e+00
7.890069512598000756e+01 1.461084405199245984e+00
7.895064125650461051e+01 1.455742776796410176e+00
7.900061784463736103e+01 1.453646697349787464e+00
7.905068260470351049e+01 1.451504726002856405e+00
7.910073358004940758e+01 1.445956755018039219e+00
7.915067984073604634e+01 1.441848525731209030e+00
7.920060072632530535e+01 1.440039253160539934e+00
7.925070991771819706e+01 1.436072158176701308e+00
7.930076053603696096e+01 1.433319231522443227e+00
7.935075064956362212e+01 1.428823826540234876e+00
7.940072547750777687e+01 1.426103510149715481e+00
7.945072593113725645e+01 1.421904034211489698e+00
7.950062416114546693e+01 1.419014638871729739e+00
7.955061268565088994e+01 1.414261751320151861e+00
7.960060482791865866e+01 1.408986496865094473e+00
7.965063779017333445e+01 1.406601048824053235e+00
7.970067764707702906e+01 1.404215381315027322e+00
7.975065797923312516e+01 1.400134662620577730e+00
7.980064729418937475e+01 1.394752166436422192e+00
7.985057682223765596e+01 1.391374834509059966e+00
7.990072276115488137e+01 1.388651874181512813e+00
7.995070094938157013e+01 1.385998556008844140e+00
8.000052005949608258e+01 1.383411266101647774e+00
8.005064756019791616e+01 1.379081875678107361e+00
8.010064291399586978e+01 1.379061632462060372e+00
8.015065323523694474e+01 1.374515459579768173e+00
8.020069045907618488e+01 1.370317674448646050e+00
8.025074546367891060e+01 1.367994598410394946e+00
8.030068054365692376e+01 1.367634142779144080e+00
8.035062933392651985e+01 1.361960944453681988e+00
8.040062023743929842e+01 1.356143653233802926e+00
8.045058262634873358e+01 1.355511119781505958e+00
8.050060482323091549e+01 1.351828841280137583e+00
8.055065814041469707e+01 1.349214172133260004e+00
8.060061381781277134e+01 1.346561519917614635e+00
8.065049163168612267e+01 1.342887475783675288e+00
8.070067864682820868e+01 1.337976952908160877e+00
8.075072719419868861e+01 1.337945460157104804e+00
8.080069560119804351e+01 1.331928398499730326e+00
8.085072720008511737e+01 1.328917020058747234e+00
8.090059918459566290e+01 1.324994209642907039e+00
8.095069797226732078e+01 1.323396165145682035e+00
8.100072628747037129e+01 1.320184013065993645e+00
8.105066596491020903e+01 1.314951424154376713e+00
8.110053491390247871e+01 1.313766535760558574e+00
8.115064581461599857e+01 1.309745306756813665e+00
8.120071780755598922e+01 1.307362255743152346e+00
8.125056913049471063e+01 1.305869773782103449e+00
8.130062388841243148e+01 1.300518015167963615e+00
8.135060192578023930e+01 1.298879115864159495e+00
8.140059573350035294e+01 1.293064158891074289e+00
8.145064012854679447e+01 1.288659637339859998e+00
8.150073120039212426e+01 1.286829105308984200e+00
8.155075503725153396e+01 1.284740110319042783e+00
8.160059776271727117e+01 1.283422282362437938e+00
8.165051497760852328e+01 1.277473801288032229e+00
8.170062372795770500e+01 1.275481669580740496e+00
8.175068324348895032e+01 1.271122933490944185e+00
8.180065868057219802e+01 1.270584717661223717e+00
8.185060801216476989e+01 1.266313862710306104e+00
8.190060720797325189e+01 1.260976095168715672e+00
8.195073278306765019e+01 1.260939896731263721e+00
8.200068153483279332e+01 1.259078146494054806e+00
8.205065042937812336e+01 1.255526141938144047e+00
8.210065865687079167e+01 1.251899424689427942e+00
8.215069729564295642e+01 1.247616419577389557e+00
8.220080441105518787e+01 1.245234595536705235e+00
8.225072343998640179e+01 1.242632255220920356e+00
8.230069607718056091e+01 1.239259390228044655e+00
8.235055660277505751e+01 1.237233721546285192e+00
8.240063280819842362e+01 1.233771708092132435e+00
8.245071308585386305e+01 1.233540164589035371e+00
8.250065070222582619e+01 1.229188386058603921e+00
8.255080999539379150e+01 1.224868674220444209e+00
8.260060794064355605e+01 1.224529034555801754e+00
8.265058351342750598e+01 1.221622454706894567e+00
8.270070238389254769e+01 1.219897099349833480e+00
8.275059535776185271e+01 1.213201822517427253e+00
8.280068193384541075e+01 1.208179698601536955e+00
8.285065930747785501e+01 1.208305801780179545e+00
8.290056246277856644e+01 1.205461294845223685e+00
8.295061443318822114e+01 1.204096434156594286e+00
8.300069792099935739e+01 1.198167282080152773e+00
8.305058996061495691e+01 1.194358131797121025e+00
8.310064085671682221e+01 1.193181797455240556e+00
8.315062839157525332e+01 1.189461544738255938e+00
8.320060878384710179e+01 1.189157546605808635e+00
8.325063442827286053e+01 1.186790431166006021e+00
8.330056709054171904e+01 1.184176158631003783e+00
8.335053931775884450e+01 1.180848244697761062e+00
8.340053635319384284e+01 1.177323130332183609e+00
8.345063121432903586e+01 1.174537983958009235e+00
8.350055041619420138e+01 1.170929242422591887e+00
8.355057364268577658e+01 1.167390673990748251e+00
8.360054898998552630e+01 1.164868920745472991e+00
8.365051669125759304e+01 1.161818974771873236e+00
8.370058038604668127e+01 1.159748740018844426e+00
8.375051134911305439e+01 1.157592361675501058e+00
8.380059453927552227e+01 1.153716193395975864e+00
8.385050780487192412e+01 1.150452770651892775e+00
8.390061381005928354e+01 1.147194669899631370e+00
8.395070682904152193e+01 1.144531015028312115e+00
8.400061587044575617e+01 1.143641125656510660e+00
8.405066926691544893e+01 1.142650606723870199e+00
8.410062548643203684e+01 1.137804950366145595e+00
8.415073495725221164e+01 1.136045221204901701e+00
8.420083725162690769e+01 1.133123558352555404e+00
8.425076531496900145e+01 1.129026608451359603e+00
8.430060680776267645e+01 1.128251417760965492e+00
8.435055764847578530e+01 1.124002279235683410e+00
8.440061002678389457e+01 1.122513918871850924e+00
8.445077491139556969e+01 1.118983300047080798e+00
8.450078817497008288e+01 1.116108231437178855e+00
8.455074589247141148e+01 1.112713257592822691e+00
8.460073437873982982e+01 1.108440638385509880e+00
8.465066113206482612e+01 1.109360073147087400e+00
8.470071557061724832e+01 1.105680034094381092e+00
8.475065115121917358e+01 1.102781733680689547e+00
8.480063418980859069e+01 1.099840814523896704e+00
8.485066460852381454e+01 1.096857596146427305e+00
8.490062758450689273e+01 1.095113050568102153e+00
8.495075405742173302e+01 1.090761531310962429e+00
8.500058128620887032e+01 1.091043272445711532e+00
8.505052608964408023e+01 1.084892275790022564e+00
8.510053595481066679e+01 1.083575653665183269e+00
8.515058491547064534e+01 1.079806207307497212e+00
8.520072267622893492e+01 1.078197734836369603e+00
8.525065297660262331e+01 1.076096914804760996e+00
8.530061146004418049e+01 1.072720164451435476e+00
8.535060342914304954e+01 1.073037219355931216e+00
8.540066745759193623e+01 1.071152419192654692e+00
8.545060895460365202e+01 1.065609393684761930e+00
8.550057032255175216e+01 1.065180300545458536e+00
8.555068495657442895e+01 1.062989719025190904e+00
8.560067515382100112e+01 1.061103594563918007e+00
8.565063647086222431e+01 1.057435073040139839e+00
8.570064579552558826e+01 1.053384929351225408e+00
8.575057251211694620e+01 1.053206628997926497e+00
8.580052390842315901e+01 1.047319511885656196e+00
8.585064788181922779e+01 1.048130543532022729e+00
8.590060852984082373e+01 1.044543437979139622e+00
8.595061963450514497e+01 1.042492446705298503e+00
8.600070284410818999e+01 1.039900426135150768e+00
8.605072317602213161e+01 1.036789207164089399e+00
8.610074865953444601e+01 1.034839959029511647e+00
8.615063984349956172e+01 1.031782726059665256e+00
8.620071096469301608e+01 1.031568370309597471e+00
8.625059084022993261e+01 1.028416808799648585e+00
8.630065609635799717e+01 1.024143970103876367e+00
8.635072959374187462e+01 1.024310285272478360e+00
8.640061506888987708e+01 1.020537402495306889e+00
8.645069549907235285e+01 1.017757542091717315e+00
8.650064856629455790e+01 1.016532110836139369e+00
8.655065267582149602e+01 1.013390560130100315e+00
8.660062065985762558e+01 1.011814594613276608e+00
8.665063139598194653e+01 1.006019071972813261e+00
8.670069926104542901e+01 1.005210501834894021e+00
8.675061813732774851e+01 1.002877030103973555e+00
8.680063599026416910e+01 1.000875983163018956e+00
8.685062341554782961e+01 9.979259411690252213e-01
8.690066534610711813e+01 9.964039901767942631e-01
8.695065890316050172e+01 9.953572951137533709e-01
8.700068258669440979e+01 9.927098212947886857e-01
8.705068789434881182e+01 9.902847594609575088e-01
8.710073430022170271e+01 9.875238484430921559e-01
8.715073625712081196e+01 9.868152139513965970e-01
8.720071944953542697e+01 9.829944598199857886e-01
8.725065874059880855e+01 9.801489114699932781e-01
8.730065385491546692e+01 9.807996549739328440e-01
8.735071773693692876e+01 9.761535960479179597e-01
8.740067291151538598e+01 9.748332789005231813e-01
8.745069089587315148e+01 9.712095770190029009e-01
8.750059524727170412e+01 9.695036668434349192e-01
8.755063393985311393e+01 9.674783378504024922e-01
8.760072521610700846e+01 9.660651587389584849e-01
8.765070461050113693e+01 9.619641006022311425e-01
8.770071890489063549e+01 9.597036383504784496e-01
8.775064728536050040e+01 9.576910410051220346e-01
8.780066340967854899e+01 9.570222199220231873e-01
8.785061758882334004e+01 9.537014768113701857e-01
8.790069966232417187e+01 9.515357711583740663e-01
8.795081255270730480e+01 9.485691050859268447e-01
8.800065892052096217e+01 9.447171391921254102e-01
8.805068046215481559e+01 9.440536731419961747e-01
8.810074622042790793e+01 9.411950269595684704e-01
8.815068777402876776e+01 9.377377304234695288e-01
8.820056999239014317e+01 9.360873489487787635e-01
8.825063293195866265e+01 9.347834025773629207e-01
8.830068724278304160e+01 9.314676504829776382e-01
8.835073110258727525e+01 9.306685421408807946e-01
8.840079703231447183e+01 9.280051988894384429e-01
8.845083020292958054e+01 9.261298395614911971e-01
8.850076563709151856e+01 9.232838974483399408e-01
8.855063553538322196e+01 9.215124181266738379e-01
8.860062705552091700e+01 9.188845028403713755e-01
8.865051892067423012e+01 9.166013713426569565e-01
8.870061903020686600e+01 9.164865757297381288e-01
8.875074341963603786e+01 9.132955197494534438e-01
8.880069649634492635e+01 9.109246687945082854e-01
8.885071344892412526e+01 9.069549586753710146e-01
8.890062388383235259e+01 9.052390197000675931e-01
8.895060466980305591e+01 9.043076238345792994e-01
8.900051192815253387e+01 9.014309937989140042e-01
8.905066102494254210e+01 8.989235468843863597e-01
8.910075018557721194e+01 8.957620575313933742e-01
8.915065987269676384e+01 8.957721218499400395e-01
8.920074459493167751e+01 8.919352873810432181e-01
8.925074341970011460e+01 8.908292898085738987e-01
8.930067606158073090e+01 8.889455620173514205e-01
8.935064465320694183e+01 8.870878534590076470e-01
8.940064087878988630e+01 8.855374901759862638e-01
8.945064319424200505e+01 8.826750378685324083e-01
8.950064421180226759e+01 8.807652020530022385e-01
8.955057753817223443e+01 8.794739749890531089e-01
8.960058054534367500e+01 8.775778581986848348e-01
8.965061121043279968e+01 8.751176987416074970e-01
8.970060486906020003e+01 8.740000634880326080e-01
8.975065684933389321e+01 8.698449988308609715e-01
8.980064097263824863e+01 8.678618815070571202e-01
8.985074011343861855e+01 8.669302825853134609e-01
8.990072914643546653e+01 8.656375877973238042e-01
8.995069471840930930e+01 8.616993879485592700e-01
9.000061567245546712e+01 8.609042503386413747e-01
9.005060451355357998e+01 8.591626759270495350e-01
9.010066164734236338e+01 8.571167951464185863e-01
9.015058063102021890e+01 8.559983423398241920e-01
9.020066981206871048e+01 8.518347634155579717e-01
9.025061891167177919e+01 8.509422358892781979e-01
9.030058063625472187e+01 8.490872892389768056e-01
9.035069862056877810e+01 8.453192279511397844e-01
9.040063721053816437e+01 8.449110983531366026e-01
9.045068187473133037e+01 8.437262731454744369e-01
9.050070412097294081e+01 8.424267358754673474e-01
9.055071582655412499e+01 8.406707148241012728e-01
9.060074590370700776e+01 8.379891511559390826e-01
9.065071954180082514e+01 8.383614199119565624e-01
9.070070414937342207e+01 8.343724616321858134e-01
9.075071652356483298e+01 8.331960314758212194e-01
9.080073853391084526e+01 8.300504498492832228e-01
9.085071662263727887e+01 8.289728960268170077e-01
9.090070285251101723e+01 8.273034416355149467e-01
9.095065177011029789e+01 8.239945953627386688e-01
9.100073488155234713e+01 8.222917359985195684e-01
9.105069866664597100e+01 8.196384260021840618e-01
9.110067736133585470e+01 8.193611809634512300e-01
9.115066164323077658e+01 8.164072032363333120e-01
9.120067497178406768e+01 8.143274653358559823e-01
9.125068141284850753e+01 8.137273324567957378e-01
9.130062622558105545e+01 8.120604100965540528e-01
9.135066117588171153e+01 8.095952827001859919e-01
9.140065141538008220e+01 8.077550836768828679e-01
9.145068138473658337e+01 8.058565838271091186e-01
9.150069039643479130e+01 8.044977009124609779e-01
9.155071593148433351e+01 8.011955044452454544e-01
9.160080367935793788e+01 7.995419200136375526e-01
9.165061737073069992e+01 7.981922837280454042e-01
9.170060817655109986e+01 7.967991239565460626e-01
9.175058865088804794e+01 7.945323913933426407e-01
9.180049265407282633e+01 7.927226135431594267e-01
9.185058971654700599e+01 7.920804716351833585e-01
9.190068301485227664e+01 7.890263165765644127e-01
9.195060490867638237e+01 7.890762732064474649e-01
9.200056221650915234e+01 7.871345300709406967e-01
9.205061548325311094e+01 7.839882489044958103e-01
9.210076346697475458e+01 7.825814884962435380e-01
9.215078845474795344e+01 7.801494679930667253e-01
9.220060419601414026e+01 7.789525611692681428e-01
9.225059746084708934e+01 7.768576743029766973e-01
9.230067734231083421e+01 7.762900102812683167e-01
9.235073177795210597e+01 7.744405503029064830e-01
9.240064045690999706e+01 7.716155543230830416e-01
9.245063157109922258e+01 7.705036698423359809e-01
9.250078057204220272e+01 7.684529258463964618e-01
9.255072433387988440e+01 7.662854626808834890e-01
9.260073057984830314e+01 7.647374762365647394e-01
9.265065869044863689e+01 7.629854554940179723e-01
9.270063560508695844e+01 7.612132595894032239e-01
9.275067620960689396e+01 7.606660335929560368e-01
9.280063727441186927e+01 7.588166849129163172e-01
9.285065446184212590e+01 7.571407122943503154e-01
9.290065078317546465e+01 7.550998124817943635e-01
9.295073425389733757e+01 7.522039072777750857e-01
9.300067900763730222e+01 7.511275687362543030e-01
9.305066207492778574e+01 7.497789450645655496e-01
9.310064897906700310e+01 7.475670575069587320e-01
9.315062622189709884e+01 7.463204276782392510e-01
9.320059985716629569e+01 7.435495175737854012e-01
9.325071190903473450e+01 7.433738300305345881e-01
9.330073508132683457e+01 7.416294342000772088e-01
9.335066973357385223e+01 7.400180097571849025e-01
9.340068252241590585e+01 7.382296419217393435e-01
9.345057102658101655e+01 7.365074838557207348e-01
9.350065641105707925e+01 7.356607586561523249e-01
9.355067747282180335e+01 7.343012717801302713e-01
9.360058086835567792e+01 7.312633660920707657e-01
9.365060040510233819e+01 7.306185534591194131e-01
9.370058214130268937e+01 7.285427745419262857e-01
9.375071349954021116e+01 7.285727058560453884e-01
9.380064575722563802e+01 7.264259707863938154e-01
9.385065603128978751e+01 7.252404271284643711e-01
9.390066055478293094e+01 7.233161327313122335e-01
9.395067012729866462e+01 7.218350348669650973e-01
9.400073547639510707e+01 7.203843692311650004e-01
9.405064106370717525e+01 7.184066420513730566e-01
9.410066747113194197e+01 7.163545185140817173e-01
9.415062831545455424e+01 7.160993506410201492e-01
9.420064524406151918e+01 7.135345301666303763e-01
9.425063592468441698e+01 7.119964379634227125e-01
9.430071603443974482e+01 7.106089846275005506e-01
9.435084978846010983e+01 7.094510308453394476e-01
9.440072589518690904e+01 7.083882457433782198e-01
9.445063572665263507e+01 7.060044121983515275e-01
9.450060037327034479e+01 7.061858059220418316e-01
9.455061099756481724e+01 7.042516860905998488e-01
9.460066160523612666e+01 7.027335883549975515e-01
9.465070343930108265e+01 7.013208880122090427e-01
9.470070340329958469e+01 7.000800137869910289e-01
9.475076856330568376e+01 6.982286735151191914e-01
9.480071786998738048e+01 6.975164925058052745e-01
9.485059575869554749e+01 6.951563820794589565e-01
9.490062200472793563e+01 6.934909384171811242e-01
9.495059153222072723e+01 6.917033359831684658e-01
9.500060916233462649e+01 6.901374226104389775e-01
9.505058405688886580e+01 6.894273767248447760e-01
9.510062103402634648e+01 6.865502383865894620e-01
9.515070626581375279e+01 6.869882010366517022e-01
9.520074820467674215e+01 6.846806570232850664e-01
9.525077257252138452e+01 6.845430085042583102e-01
9.530060977714117598e+01 6.818564759380826290e-01
9.535056604075973041e+01 6.802594969605835207e-01
9.540054222256354421e+01 6.788548537363748858e-01
9.545053721567489902e+01 6.775226500644672134e-01
9.550066559135430566e+01 6.757075178251117364e-01
9.555070107743208041e+01 6.744632813255758697e-01
9.560068189569460628e+01 6.727477032414630465e-01
9.565062150426840049e+01 6.729959322763321428e-01
9.570068484578779078e+01 6.713173745755851574e-01
9.575065983295563399e+01 6.696375300649659579e-01
9.580068015784988233e+01 6.699013322348370547e-01
9.585070548727827600e+01 6.664448455024001294e-01
9.590067278065059497e+01 6.654158083521802824e-01
9.595068562266027357e+01 6.647311784634165610e-01
9.600067075531137561e+01 6.634869403561534096e-01
9.605064480354532463e+01 6.612448668879046254e-01
9.610060831827868810e+01 6.606568041700590088e-01
9.615071146236661548e+01 6.592483178462993365e-01
9.620073364420061068e+01 6.570578793202047629e-01
9.625071630024669389e+01 6.558400286445250638e-01
9.630073274647288883e+01 6.542164510336101468e-01
9.635076816718918735e+01 6.537913606066788619e-01
9.640074103949068274e+01 6.528838274763563154e-01
9.645064409383613224e+01 6.508950893826102035e-01
9.650066663688329527e+01 6.492671119450728057e-01
