1.256637126207351685e-01 4.926473632812500000e+03
1.936915606260299627e-01 2.150682031249999909e+03
2.513274252414703369e-01 2.976847005208333030e+03
2.944022864103317261e-01 1.324545166015625000e+03
3.554306328296661377e-01 1.604209960937500000e+03
3.955082564781873811e-01 8.568181089743588927e+02
4.615716010332107655e-01 9.251495117187500909e+02
5.164058804512023926e-01 8.870096209490740193e+02
5.455598746027264800e-01 6.253896949404761472e+02
5.891914814710617065e-01 7.760519205729166288e+02
6.408908295987257864e-01 6.817311683768656394e+02
6.941244165102641306e-01 6.538948784722222172e+02
7.549341718355814246e-01 4.961381264076576372e+02
8.082685545086860657e-01 5.804209391276041288e+02
8.458872155139320892e-01 4.304856856496710407e+02
9.033976386463831165e-01 4.690613425925925526e+02
9.538741086920102807e-01 5.115034993489583144e+02
1.002606617948396561e+00 4.571542862021858014e+02
1.050080132484435991e+00 4.155233333333333690e+02
1.095276718554289541e+00 3.960476817255434412e+02
1.148735394760898254e+00 3.935845462328766757e+02
1.197364068031311124e+00 3.867771484374999886e+02
1.253252735099639192e+00 3.714406375502007904e+02
1.301195175307137575e+00 3.466335658482142890e+02
1.350340962409973145e+00 3.379541790674603021e+02
1.397053004916669616e+00 3.231342329545454390e+02
1.446786667240990587e+00 3.084487196180555770e+02
1.501695110947299794e+00 3.188635047683923744e+02
1.550154135684774337e+00 3.032629221906565817e+02
1.601738236568592155e+00 2.961780960648147811e+02
1.647772800055960385e+00 2.886100211466165320e+02
1.697513295382988119e+00 2.580989583333333712e+02
1.749398548968667422e+00 2.795282633639308756e+02
1.801815896144401075e+00 2.359175175330032914e+02
1.854311002948419773e+00 2.358048145325203393e+02
1.903488172029776715e+00 2.292841262437810883e+02
1.952342433013101397e+00 2.042048626556939439e+02
1.999453311039106396e+00 2.116522710448392388e+02
2.048669610900440308e+00 2.212326688218390700e+02
2.101181018737054540e+00 2.028035114247311981e+02
2.154098840860219966e+00 1.831708206815114579e+02
2.199303392983653183e+00 1.892631326687116484e+02
2.248528172677023207e+00 1.723847953216374265e+02
2.303006410598754883e+00 1.721663554769392022e+02
2.353418758259483656e+00 1.739894472947761130e+02
2.402637737900463311e+00 1.622348952353616482e+02
2.448554739992842677e+00 1.600087974091880483e+02
2.499090067645225233e+00 1.555319357366771271e+02
2.549658622302062305e+00 1.541103723404255277e+02
2.600952340680148911e+00 1.495973783349802204e+02
2.651313533667959632e+00 1.354412952196382491e+02
2.702490112360786068e+00 1.333504391339869244e+02
2.752956631759745587e+00 1.283707318529130816e+02
2.797749358087681770e+00 1.323599565129449900e+02
2.849414770365116478e+00 1.215222033345752664e+02
2.901561026847945257e+00 1.189832353209336304e+02
2.949750350581274994e+00 1.084466145833333286e+02
2.998665080524131721e+00 1.143146559549745831e+02
3.049010105637519175e+00 1.084362995906800933e+02
3.100398808880581836e+00 1.082157936304644750e+02
3.150818746732328979e+00 1.037039443942133801e+02
3.200939400679145841e+00 1.003446078431372541e+02
3.249633022646403635e+00 9.724906453764077696e+01
3.300127326483013768e+00 9.420827047413793309e+01
3.348483428887441438e+00 9.161601470153664195e+01
3.399607315620657211e+00 9.155332224830463872e+01
3.448719927469889424e+00 8.609491319444444457e+01
3.499342967069685173e+00 8.442128800049430026e+01
3.551474963231986415e+00 8.189626099706744355e+01
3.598900760213533889e+00 8.024720865885416288e+01
3.651035188841221135e+00 7.523471213121972312e+01
3.700662589665808522e+00 7.390509978489482990e+01
3.751511811793449613e+00 7.445691349934469372e+01
3.801618192488687153e+00 7.004508634868420813e+01
3.851254485091384794e+00 7.045806760204081343e+01
3.901226825121409281e+00 6.625000674363400321e+01
3.948670251141286780e+00 6.415732002887789065e+01
4.001451143603901528e+00 6.405647019897773475e+01
4.052280480987929145e+00 5.981239656347351996e+01
4.102052814176515128e+00 5.753818660647102945e+01
4.151093749575814229e+00 5.909335983222786126e+01
4.200442130105537686e+00 5.688710884784075006e+01
4.251136814637041184e+00 5.375978220745662384e+01
4.299210999832778768e+00 5.027885928961748618e+01
4.350458908696328564e+00 5.259979838709677580e+01
4.400665589089600260e+00 4.960606012923800279e+01
4.450478535124709367e+00 5.086411293451272542e+01
4.500022132996065238e+00 4.652588802851524008e+01
4.550446791199227903e+00 4.604837565483119732e+01
4.600092420408226523e+00 4.496392054174339847e+01
4.650210011078793393e+00 4.186910455145118704e+01
4.700629595459484555e+00 4.344439463797814227e+01
4.749898185810824458e+00 4.159792707387223487e+01
4.799578612586753223e+00 4.082377968337731033e+01
4.849740758713929623e+00 3.860195186897106367e+01
4.899993706213586542e+00 3.843806180724520516e+01
4.949341788918080631e+00 3.770581597222222570e+01
4.999815610851473302e+00 3.624814178388746200e+01
5.049952627308602615e+00 3.530940025716385122e+01
5.099298258856230781e+00 3.427737438725490193e+01
5.150254496972274332e+00 3.239970534233594179e+01
5.199142517336761138e+00 3.220195972091932646e+01
5.249453250256330250e+00 3.216791419343575598e+01
5.300164924855151227e+00 3.000747631663455550e+01
5.351194235644229025e+00 2.932929739375829925e+01
5.400960675954554979e+00 2.889039486434108639e+01
5.450257125402332647e+00 2.787170675083472560e+01
5.500682865381752329e+00 2.724262152777777857e+01
5.549218122000597830e+00 2.603725210805746570e+01
5.600000335002996543e+00 2.641179065158546280e+01
5.649736614175454363e+00 2.513190106888981745e+01
5.699883098365530643e+00 2.463299219605695711e+01
5.750283329191223203e+00 2.406598794786634343e+01
5.800844330747943367e+00 2.370692949229133362e+01
5.851527811214188191e+00 2.349674991797900248e+01
5.901139501297178569e+00 2.262835128322639733e+01
5.952051273107690221e+00 2.131950764808214416e+01
6.002043196207571540e+00 2.094784843522561957e+01
6.051370665339476318e+00 2.095406162234509395e+01
6.100040307612490942e+00 2.053236149110806963e+01
6.151338437490640132e+00 1.951286824051654634e+01
6.201845191216835751e+00 1.873191011408243511e+01
6.251546338561632332e+00 1.894065799975442133e+01
6.301411320163105678e+00 1.820201732420277807e+01
6.351121094491746888e+00 1.734957128213652311e+01
6.402993818717075847e+00 1.716401932338544256e+01
6.451004855903611279e+00 1.680647695530726082e+01
6.500587485631307061e+00 1.636160866477272791e+01
6.550027029602877526e+00 1.598358993451235754e+01
6.600096165964067119e+00 1.572146323005697965e+01
6.651203611202781474e+00 1.518329344066466824e+01
6.700403804908146022e+00 1.494946440531585097e+01
6.751129568914272738e+00 1.460589825541540954e+01
6.801152226429867831e+00 1.442598119939618506e+01
6.850567314012454112e+00 1.386741483094262328e+01
6.899983763743045451e+00 1.327711223336033441e+01
6.950432818525864143e+00 1.348380801109300542e+01
7.000477802606276612e+00 1.311102409588029971e+01
7.050299486470248844e+00 1.254547655572083897e+01
7.100577605904697442e+00 1.228611925939944527e+01
7.150282711587289342e+00 1.200571148825065215e+01
7.201425401940038995e+00 1.187067145270270174e+01
7.251291360812208708e+00 1.137990770239879978e+01
7.301384627104277492e+00 1.122880555798113811e+01
7.350121157509939884e+00 1.092566167091836604e+01
7.400243896042705494e+00 1.071929520222045973e+01
7.450219004942361778e+00 1.037271978376981352e+01
7.499767164549090204e+00 1.032433307501116992e+01
7.551036194214812980e+00 1.025349289695486732e+01
7.600875332768869619e+00 9.963165122865586198e+00
7.650993174920037276e+00 9.541777354475563300e+00
7.700625888088293181e+00 9.457330663899330858e+00
7.751154263814290069e+00 9.330576707542194370e+00
7.801801090622451973e+00 9.049266322303548549e+00
7.851364051006665790e+00 8.906788623742665223e+00
7.900769558997057018e+00 8.675129197712925233e+00
7.950365025915012041e+00 8.357579153358498658e+00
8.001249973326832077e+00 8.236171703365288366e+00
8.050346754310522712e+00 8.244940873275600879e+00
8.100376043699483830e+00 8.054448400626844418e+00
8.150963831689653105e+00 7.791441181146658401e+00
8.200066242110258585e+00 7.582947122175140997e+00
8.249809700602813933e+00 7.533395223681750075e+00
8.300552262369116363e+00 7.277406346834883522e+00
8.351090274807287273e+00 7.145684113865931941e+00
8.400210126764326546e+00 7.028253600823044955e+00
8.450394926559216202e+00 6.860391408411134151e+00
8.500459425828198690e+00 6.693173721939669640e+00
8.550917286194149369e+00 6.619330194509497112e+00
8.600510843254964399e+00 6.504793310845213838e+00
8.651023792021119263e+00 6.312188339842109031e+00
8.701256476197366752e+00 6.377195027296216345e+00
8.749915613828461503e+00 6.108391099940232216e+00
8.800112521877306193e+00 5.968296200891781922e+00
8.849632071888843043e+00 5.858527753995433685e+00
8.900357776251059505e+00 5.782351442420222476e+00
8.950608837287235886e+00 5.652408111533586244e+00
9.000569819962127127e+00 5.525746616272783740e+00
9.051041288617525993e+00 5.439476120857699826e+00
9.100140618044129326e+00 5.364605926560122029e+00
9.150794710576331426e+00 5.185543174497916574e+00
9.200358087057745493e+00 5.193945544187426044e+00
9.250378436494685275e+00 5.010743204298676368e+00
9.300396476966747983e+00 4.952841084953754525e+00
9.350845697771076104e+00 4.810024425084649558e+00
9.401427877347279249e+00 4.706476527988992409e+00
9.450856317468241841e+00 4.691312690440759603e+00
9.501285360508264333e+00 4.514297338106562307e+00
9.551415626509362156e+00 4.503551334764996916e+00
9.601472418873740367e+00 4.518345263665268341e+00
9.650873339522149763e+00 4.297554108551704388e+00
9.700105298531504161e+00 4.260710964206716689e+00
9.749807236595939841e+00 4.212474530106453230e+00
9.800617716807657587e+00 4.108777220410666509e+00
9.850939668539123062e+00 4.051040653372243838e+00
9.900672862260712748e+00 3.955010837152236558e+00
9.951023643831279131e+00 3.928423720550779930e+00
1.000061390381357818e+01 3.845054701244030593e+00
1.005121303910567399e+01 3.806016480829420789e+00
1.010050487470579128e+01 3.732149385713838807e+00
1.015040394560108972e+01 3.665622022162793314e+00
1.020064233832726863e+01 3.677006132861777132e+00
1.025078872432590593e+01 3.590655380910552363e+00
1.030144077410513148e+01 3.564270674171609699e+00
1.035026615037620701e+01 3.496158619979016891e+00
1.040053707544599071e+01 3.408521191157760644e+00
1.045062977445541463e+01 3.396804453852606098e+00
1.050056916228905557e+01 3.301408361244703826e+00
1.055045547200590939e+01 3.282427146138386487e+00
1.060065943225193585e+01 3.220057199574328788e+00
1.065092618802826330e+01 3.175408768662052683e+00
1.069994190739775242e+01 3.146134868421052833e+00
1.075051342579590496e+01 3.066643613252278300e+00
1.080116309617008952e+01 3.005870800530315190e+00
1.085092532135009691e+01 3.043925416666666717e+00
1.090057119699959287e+01 3.002777881431828000e+00
1.095056114183856977e+01 2.917678289953624216e+00
1.100044795380789964e+01 2.901841704980089975e+00
1.105059621997271790e+01 2.851462401714359274e+00
1.110083536315899444e+01 2.804762513335704366e+00
1.115081901025334687e+01 2.784657317150866618e+00
1.120129035153903629e+01 2.717777595166541715e+00
1.125116374248475992e+01 2.727893737334420976e+00
1.130128079566052257e+01 2.633149392523956855e+00
1.135044509838974847e+01 2.641413523995807644e+00
1.140071777468021708e+01 2.588542424132247444e+00
1.145113705378753899e+01 2.575530764318606725e+00
1.150054064506493923e+01 2.533787364130434927e+00
1.155054572698180770e+01 2.517633615202493846e+00
1.160060598127213360e+01 2.503174991978364350e+00
1.165085593945590148e+01 2.448242745217018790e+00
1.170069293131600929e+01 2.426722564453570374e+00
1.175142896112726554e+01 2.413446373886414253e+00
1.180137066716670269e+01 2.354051945668135026e+00
1.185030839024950744e+01 2.354210057919543075e+00
1.190112650803973615e+01 2.323421722425654590e+00
1.195087750005856186e+01 2.276728681824272904e+00
1.200028886778134840e+01 2.269699897495567331e+00
1.205087280971257790e+01 2.241002556253436584e+00
1.210120573097985641e+01 2.210483562691131443e+00
1.215069798464289086e+01 2.154990456321022929e+00
1.220084588704311912e+01 2.165430008318240951e+00
1.225095075397515565e+01 2.149762135219131842e+00
1.230055747642593111e+01 2.133789766463130455e+00
1.235044509892075659e+01 2.099274562725557569e+00
1.240025358236334618e+01 2.082626325115721322e+00
1.245059963946805226e+01 2.075643136330453942e+00
1.250021218005843338e+01 2.031309676174223977e+00
1.255088259279081875e+01 2.004146589610184659e+00
1.260128860653785665e+01 2.017152123928486418e+00
1.265098919510728237e+01 1.950903389868233528e+00
1.270151919945489816e+01 1.966726333411424665e+00
1.275059048606717838e+01 1.930469121316539693e+00
1.280015324543435007e+01 1.916823044695462164e+00
1.285005587414941175e+01 1.887467231819553337e+00
1.290055459179237118e+01 1.889194712445299462e+00
1.295101831716038809e+01 1.852868968928932158e+00
1.300061854953515450e+01 1.855878708786026898e+00
1.305073094795649524e+01 1.802637137562931313e+00
1.310051576040570609e+01 1.807639710481940831e+00
1.315089754552600176e+01 1.779022668859164158e+00
1.320081412118408615e+01 1.772751911542202574e+00
1.325056877988023629e+01 1.764524015570271498e+00
1.329997547558646787e+01 1.769709082896401942e+00
1.334989268379465521e+01 1.724390855021030511e+00
1.340063178882596162e+01 1.705247008276491893e+00
1.345111248053373743e+01 1.700947948528636067e+00
1.350104577716931509e+01 1.702174961751357962e+00
1.355110471056903876e+01 1.678028396000069256e+00
1.360103386653534407e+01 1.659429014118668499e+00
1.365064521999293667e+01 1.645382033934707833e+00
1.370108558817629785e+01 1.623566543340816848e+00
1.375063751069574458e+01 1.617706198770491710e+00
1.380020275550391951e+01 1.596228828969243674e+00
1.385010291988493947e+01 1.582642418762842285e+00
1.389993945742187975e+01 1.594714357041618458e+00
1.395077535055353124e+01 1.577736923298497462e+00
1.400033540187661885e+01 1.558279475810365078e+00
1.405076036390690319e+01 1.543063444719079857e+00
1.410091255677794386e+01 1.526079592623339698e+00
1.415099424006951345e+01 1.518274276141104995e+00
1.420090845382453182e+01 1.517383742823570358e+00
1.425058535625662692e+01 1.505727547520725018e+00
1.430068992108075854e+01 1.497712774169089878e+00
1.435081631969962146e+01 1.503988967831433765e+00
1.440116277072030648e+01 1.469871311682931392e+00
1.445095548372230709e+01 1.456247788040003766e+00
1.450106060960858834e+01 1.455797855609828328e+00
1.455087147615679299e+01 1.450918499847235088e+00
1.460089164482430135e+01 1.424326089041195065e+00
1.465096435834932009e+01 1.431396923318950076e+00
1.470042432961008316e+01 1.431756298129206684e+00
1.474998265362896355e+01 1.405411999553858760e+00
1.479989122439800120e+01 1.386403740737804258e+00
1.485068890065675262e+01 1.385036379465406364e+00
1.490091461135759410e+01 1.380932421427548684e+00
1.495142624477786164e+01 1.363470636023572657e+00
1.500125581199326774e+01 1.373107986684999560e+00
1.505058992571524001e+01 1.353429557686370188e+00
1.510096182188420677e+01 1.345665706343970758e+00
1.515041653809440625e+01 1.331717047844923618e+00
1.520050358450064110e+01 1.326574743358724495e+00
1.525026187279651246e+01 1.326647380679350841e+00
1.530061285776438496e+01 1.308330295488066675e+00
1.535093523531647719e+01 1.313189515860322620e+00
1.540080134614941620e+01 1.289722949783236983e+00
1.545125002511655588e+01 1.292108204871003974e+00
1.550055590549435180e+01 1.284165130832793267e+00
1.554990690009351617e+01 1.266498403765139669e+00
1.560029939283501221e+01 1.269906829981973795e+00
1.565051554421477675e+01 1.260853385024900186e+00
1.570055893919154144e+01 1.247462113930539518e+00
1.575055944300927990e+01 1.262361789485331176e+00
1.580089161127091657e+01 1.235737626943727019e+00
1.585074981409009887e+01 1.224717530736419535e+00
1.590132026779191321e+01 1.235507781793504956e+00
1.595119615174483307e+01 1.223481501505220503e+00
1.600061799840658239e+01 1.219004383699768823e+00
1.605077212836705058e+01 1.207090409624670846e+00
1.610103563786684688e+01 1.206009356571316582e+00
1.615061123591991432e+01 1.197575744134274922e+00
1.620065196690424969e+01 1.189133243035925602e+00
1.625089452027982517e+01 1.186370473062070330e+00
1.630118119518434128e+01 1.170620453533254057e+00
1.635146405608891840e+01 1.173097569617032487e+00
1.640076947667969520e+01 1.166739386441987492e+00
1.645087400555846102e+01 1.159372912309747816e+00
1.650098843068070664e+01 1.152207548063671538e+00
1.655106400710294778e+01 1.149586311666743965e+00
1.660084850266487777e+01 1.151428953455383430e+00
1.665053292522144801e+01 1.127509083564564252e+00
1.670094208154347726e+01 1.136229055570748159e+00
1.675068958911364447e+01 1.122061742326721623e+00
1.680052177009391556e+01 1.114408626790586609e+00
1.685039801592866127e+01 1.107798467630854100e+00
1.690071147848142274e+01 1.118891346491806216e+00
1.695034504331302116e+01 1.101638620436306226e+00
1.700024952897776132e+01 1.098363304735794799e+00
1.705080262949346803e+01 1.093385647673110084e+00
1.710038038467472177e+01 1.092731503639647883e+00
1.715073677186147094e+01 1.088273673221982651e+00
1.720103001431176537e+01 1.081871744442057803e+00
1.725093874646400494e+01 1.088717433855291628e+00
1.730026876303448802e+01 1.073629961345771600e+00
1.735069699187642200e+01 1.067565717763787836e+00
1.740111744736490706e+01 1.059133848768410768e+00
1.745083602976958304e+01 1.064840463933705905e+00
1.750079017405409587e+01 1.059904233354837411e+00
1.755058064951854391e+01 1.064655331453517206e+00
1.760098984156358171e+01 1.054984378445700699e+00
1.765084796114107490e+01 1.043848186030741587e+00
1.770084590768282951e+01 1.041634202800361342e+00
1.775113545986024732e+01 1.034289227720906368e+00
1.780111750417361804e+01 1.022998938070365016e+00
1.785112557577493675e+01 1.015741246752273508e+00
1.790043071854657697e+01 1.017887362037478205e+00
1.795093294930180150e+01 1.009118949961453238e+00
1.800117591338927880e+01 1.011543838735470713e+00
1.805102955138067244e+01 1.004791624916907766e+00
1.810081125040843375e+01 9.948909915291052064e-01
1.815070355316448669e+01 9.972659993770365272e-01
1.820082603023814727e+01 9.909788008869412357e-01
1.825104242422729328e+01 9.904365505399508329e-01
1.830110038363673652e+01 9.908628309838234394e-01
1.835056608576439530e+01 9.844220170105625334e-01
1.840052225601024816e+01 9.874284171607194960e-01
1.845054397902244503e+01 9.792363804654443671e-01
1.850066401639472602e+01 9.780836368708495376e-01
1.855077375907742265e+01 9.719125127456432756e-01
1.860040149003351218e+01 9.654374747014773384e-01
1.865036571685475764e+01 9.651296486301615962e-01
1.870055233191315480e+01 9.573801952340456056e-01
1.875038082358441471e+01 9.517678263496632818e-01
1.880030100158329631e+01 9.504711402313147373e-01
1.885065092426605204e+01 9.488271491570963168e-01
1.890032953550104367e+01 9.473521107456139845e-01
1.895058111422453706e+01 9.407985758809620513e-01
1.900068398728053864e+01 9.375023122758452399e-01
1.905038713710101916e+01 9.387622320239096263e-01
1.910077607978132974e+01 9.314811882747801031e-01
1.915069731442681800e+01 9.362481815732759394e-01
1.920059048440732141e+01 9.285775716585314976e-01
1.925035227553674133e+01 9.255590224645073860e-01
1.930047157178797690e+01 9.210134786217558656e-01
1.935052191971805868e+01 9.172567266976120459e-01
1.940062364124835170e+01 9.163838402571712338e-01
1.945076194647657530e+01 9.117987080946047262e-01
1.950064015704267106e+01 9.101086492799308481e-01
1.955103246253348104e+01 9.100282271079551677e-01
1.960103224732800342e+01 9.069100506547804752e-01
1.965096451560197721e+01 9.042579754832453798e-01
1.970039326907732402e+01 8.975102351262019829e-01
1.975045869793262909e+01 8.933543966456626295e-01
1.980112994754063038e+01 8.872833016356794777e-01
1.985113240949997149e+01 8.825492855823738880e-01
1.990129882447748955e+01 8.819726074943912142e-01
1.995102839468674816e+01 8.806505813341751754e-01
2.000083692040861649e+01 8.805604007131984101e-01
2.005054571725930401e+01 8.707586459322571582e-01
2.010084313615223905e+01 8.710676076458438999e-01
2.015039891387192839e+01 8.673799427930696249e-01
2.020032978626047537e+01 8.662436875230330457e-01
2.025088372940374271e+01 8.598683254005908827e-01
2.030029183479597066e+01 8.578440682490143798e-01
2.035052695173413539e+01 8.580074419434111643e-01
2.040075823535785560e+01 8.572743929170478783e-01
2.045089601889413444e+01 8.533243090088939997e-01
2.050073645873280981e+01 8.537443629572267767e-01
2.055053498245830212e+01 8.434038545199000758e-01
2.060058405558038430e+01 8.404308555912083367e-01
2.065032429254589985e+01 8.365219747418232155e-01
2.070047025335771806e+01 8.339218189796833158e-01
2.075044015714700407e+01 8.392355635015590343e-01
2.080056166383511851e+01 8.300520856275511727e-01
2.085052640866095430e+01 8.321539014230731057e-01
2.090093885348607117e+01 8.287222005915300116e-01
2.095072566472917686e+01 8.328087670023158751e-01
2.100045951270690026e+01 8.245922533140901400e-01
2.105041555584098489e+01 8.226517403782800386e-01
2.110036039795015128e+01 8.173604074850850942e-01
2.115060440588723267e+01 8.143436998149700123e-01
2.120099297639964320e+01 8.157584345603057230e-01
2.125110208021147429e+01 8.108398808393467716e-01
2.130047153211643263e+01 8.072360872626270778e-01
2.135095211249340252e+01 8.090711208657289655e-01
2.140153998728464302e+01 8.059102036217633547e-01
2.145140411864241869e+01 8.005062344799123153e-01
2.150109067953851039e+01 7.952420457289726130e-01
2.155071421888607830e+01 8.008796000494875500e-01
2.160095248613489716e+01 7.989760950365577541e-01
2.165078368034290790e+01 7.932758272800646271e-01
2.170103250420297769e+01 7.865877293616198029e-01
2.175113749075196878e+01 7.839218785739273665e-01
2.180066400185297226e+01 7.846802849117976431e-01
2.185095183544095931e+01 7.859746714562798608e-01
2.190070081606517505e+01 7.808212450704038465e-01
2.195052143564337399e+01 7.804366868412384584e-01
2.200016785070007685e+01 7.818147329956394165e-01
2.205017752243192319e+01 7.822287998429737765e-01
2.210016093160606587e+01 7.777899205556209061e-01
2.215052494156026341e+01 7.734132601308914001e-01
2.220099768268121565e+01 7.702702552866874663e-01
2.225093828405544372e+01 7.715211908166508259e-01
2.230088287983462081e+01 7.699859631591696729e-01
2.235050207682091994e+01 7.694220624077993120e-01
2.240027092684176679e+01 7.607621881173572964e-01
2.245050285997742989e+01 7.588299106475948630e-01
2.250092599038523389e+01 7.572765310233056102e-01
2.255080398875536929e+01 7.578702211195833538e-01
2.260054706545379233e+01 7.515875608551195741e-01
2.265063038163662057e+01 7.561718216229076361e-01
2.270025254152363914e+01 7.540022350384174565e-01
2.275050358802700146e+01 7.496677559053934736e-01
2.280034136030533887e+01 7.448299012302521671e-01
2.285072882878251832e+01 7.420446423780451273e-01
2.290066141892027929e+01 7.455637228029140529e-01
2.295053262466946720e+01 7.411424141334855831e-01
2.300116596624015131e+01 7.414261134636553896e-01
2.305075049811972576e+01 7.451921878022682577e-01
2.310085238957240961e+01 7.403219094385816712e-01
2.315075103044907934e+01 7.345759871010447695e-01
2.320056411088655324e+01 7.377805962190275846e-01
2.325069316575375922e+01 7.351174043236926581e-01
2.330102321943878252e+01 7.328551668509267758e-01
2.335094979495398704e+01 7.286114406001586996e-01
2.340077491351943451e+01 7.260710793885266634e-01
2.345090180360846333e+01 7.279086398131932034e-01
2.350069764984864307e+01 7.244666937942034757e-01
2.355079805083223476e+01 7.236937028912379111e-01
2.360089425887846915e+01 7.216184118226572908e-01
2.365111588592037251e+01 7.196295646463279905e-01
2.370079117479742337e+01 7.189579991625028033e-01
2.375070238000955669e+01 7.163250471500418604e-01
2.380072099427258792e+01 7.109532646671335998e-01
2.385044315484774557e+01 7.161098356992194880e-01
2.390062030528307702e+01 7.158552763587457957e-01
2.395079098070538137e+01 7.059562785840051147e-01
2.400087914898061214e+01 7.082251516773733213e-01
2.405047136728556012e+01 7.115086807838110206e-01
2.410094161555001691e+01 7.093266804359007471e-01
2.415096374291990955e+01 7.004495557363888958e-01
2.420035762630187293e+01 6.986288859841115473e-01
2.425062718572708675e+01 6.970274247835325232e-01
2.430056200939818467e+01 6.934389327944014969e-01
2.435074088185508856e+01 6.913795282948937970e-01
2.440058288212754434e+01 6.943985111925483622e-01
2.445050734240095736e+01 6.894097658540672136e-01
2.450068293811746400e+01 6.916471927051897062e-01
2.455072252521220122e+01 6.866416032575005657e-01
2.460081802631937720e+01 6.877406857072493329e-01
2.465048464938207218e+01 6.875893939865054261e-01
2.470070557930939970e+01 6.842955206212597563e-01
2.475098408547652795e+01 6.837116758919484782e-01
2.480073664568702796e+01 6.839666415035402514e-01
2.485031139239437081e+01 6.819800624488124852e-01
2.490072463844199291e+01 6.820546313062723076e-01
2.495100174296157647e+01 6.793103813666544477e-01
2.500090082264989988e+01 6.806226865306371776e-01
2.505070236710282572e+01 6.735413928793563265e-01
2.510076910204727341e+01 6.735364570795216999e-01
2.515074714444360993e+01 6.671995063298122863e-01
2.520042346985152193e+01 6.688306673180968165e-01
2.525087251929459242e+01 6.676134617559421613e-01
2.530067364950122766e+01 6.658008146925894488e-01
2.535041708261922722e+01 6.628164442165427328e-01
2.540064572517422192e+01 6.638492938184090697e-01
2.545058671133012140e+01 6.551154502087784826e-01
2.550091448992870014e+01 6.613278103192242741e-01
2.555093562505498284e+01 6.597555455160696303e-01
2.560076420353996340e+01 6.589067078146815248e-01
2.565050233917104450e+01 6.602041095174274732e-01
2.570088089215357030e+01 6.573946410761778436e-01
2.575089593395361831e+01 6.522536592999180760e-01
2.580055172488612314e+01 6.482487259597219387e-01
2.585065705518562851e+01 6.566748864393074925e-01
2.590040009142965260e+01 6.512406321152229838e-01
2.595045451330076602e+01 6.529438829812009848e-01
2.600041449295903817e+01 6.506388133738172375e-01
2.605043175508030728e+01 6.507666732543733179e-01
2.610049216203561073e+01 6.477784631908963808e-01
2.615052744885751324e+01 6.478416173065034700e-01
2.620081245176917406e+01 6.446282409051992124e-01
2.625064376793082488e+01 6.426399335611769903e-01
2.630053287468589573e+01 6.384781531470794524e-01
2.635101688869864489e+01 6.425691556680527272e-01
2.640098937474011720e+01 6.393549359929714404e-01
2.645040677875825708e+01 6.326078204503626790e-01
2.650060382162935113e+01 6.381845816136602068e-01
2.655045256895379424e+01 6.341890751575157692e-01
2.660025631369433086e+01 6.327845753333690704e-01
2.665085337050840764e+01 6.303647382983578185e-01
2.670089682513944851e+01 6.275985482589317987e-01
2.675085862322766772e+01 6.296489840013892447e-01
2.680077379233840063e+01 6.251437637861262386e-01
2.685114965594502934e+01 6.245081490296112703e-01
2.690100378496506650e+01 6.231075762266072848e-01
2.695034706866618635e+01 6.208863464305893753e-01
2.700052841649375068e+01 6.224930371041187405e-01
2.705072101866625545e+01 6.203935832987838017e-01
2.710069443800647093e+01 6.205752980342011949e-01
2.715078986062405875e+01 6.198145670426867815e-01
2.720089493456375251e+01 6.168087056725515271e-01
2.725057769076351022e+01 6.162248805508712124e-01
2.730033549125748493e+01 6.163446969696969591e-01
2.735052912710215978e+01 6.151854802002731937e-01
2.740061522037846942e+01 6.140931331355725664e-01
2.745070084770054564e+01 6.075037690855634720e-01
2.750096527171193372e+01 6.106346265620458125e-01
2.755103462783471358e+01 6.103636974645861857e-01
2.760049968995508962e+01 6.052427994739226769e-01
2.765053177889601344e+01 6.028533982458015306e-01
2.770036622615669586e+01 6.073283618011139362e-01
2.775054988188822946e+01 6.024788974784852646e-01
2.780062562883384203e+01 6.041440044333233894e-01
2.785044576349854850e+01 6.011637879457767397e-01
2.790070893961808807e+01 5.998202807333641307e-01
2.795038926939105650e+01 5.994271290695026844e-01
2.800057880835900548e+01 5.978320752297840990e-01
2.805066800443194808e+01 6.011784610247303817e-01
2.810107801910153924e+01 5.944244448899457245e-01
2.815115147865971323e+01 5.976956859875808270e-01
2.820044725741460923e+01 5.958271744941273651e-01
2.825040259489045624e+01 5.943521441862864574e-01
2.830043012984087625e+01 5.930530149316870503e-01
2.835059611158580495e+01 5.943310107646097018e-01
2.840043375018342431e+01 5.929168391892424284e-01
2.845045081296103717e+01 5.903058926113250449e-01
2.850041934162237567e+01 5.883977050800475173e-01
2.855035665006607104e+01 5.925737078442938621e-01
2.860065628427968321e+01 5.872081635094869023e-01
2.865062202782436529e+01 5.841349211396591468e-01
2.870086574409789293e+01 5.878461873179832153e-01
2.875095097308470926e+01 5.855275485455552209e-01
2.880071965891575303e+01 5.825978250036415451e-01
2.885023923582780014e+01 5.815373460360730995e-01
2.890050167422365490e+01 5.823988898312700835e-01
2.895070215097079469e+01 5.828475928030587561e-01
2.900065347826904372e+01 5.788343816876149184e-01
2.905081112941260457e+01 5.797361571192755081e-01
2.910056439627211589e+01 5.765061698210625085e-01
2.915042575030595273e+01 5.766285122673088237e-01
2.920043042605855632e+01 5.789395601729794283e-01
2.925076636279083431e+01 5.727156836359466041e-01
2.930084321682425852e+01 5.753022096696088772e-01
2.935070565647483676e+01 5.726699513087160076e-01
2.940088173014940054e+01 5.701134681457655784e-01
2.945065901268334230e+01 5.706840034965035002e-01
2.950069929838434035e+01 5.704795344154613979e-01
2.955051767266316176e+01 5.684973460635314169e-01
2.960069847837196377e+01 5.708529730313723904e-01
2.965080039456267258e+01 5.672510713898231138e-01
2.970062591625485382e+01 5.659612186487373853e-01
2.975060950619111466e+01 5.673844685946077826e-01
2.980050069104065713e+01 5.649731037357647034e-01
2.985055554323798788e+01 5.646568088653838302e-01
2.990066955052829911e+01 5.652259313621778025e-01
2.995082529205978972e+01 5.635126401687284847e-01
3.000070388283209866e+01 5.601350151101613939e-01
3.005093720211255359e+01 5.583810442770269500e-01
3.010063232593409666e+01 5.590333777784874947e-01
3.015060885573432614e+01 5.570554197532130436e-01
3.020077941803320698e+01 5.564992981941593309e-01
3.025042159237726480e+01 5.548476002095068527e-01
3.030049283039372909e+01 5.572763470939520181e-01
3.035065172418487123e+01 5.538961457993696325e-01
3.040092396144631337e+01 5.534270586008740445e-01
3.045061899439206599e+01 5.546144551770597619e-01
3.050062299842226565e+01 5.519259655010608778e-01
3.055062136019501651e+01 5.508420593257160602e-01
3.060036071826926829e+01 5.493708791764420063e-01
3.065068276140530301e+01 5.468611449905305122e-01
3.070067093794826718e+01 5.493065192609010161e-01
3.075070739398880093e+01 5.484038833185834738e-01
3.080069406674522270e+01 5.449475905310936508e-01
3.085055902468600664e+01 5.456996477504290066e-01
3.090042768187009870e+01 5.464131150343942700e-01
3.095057938439754608e+01 5.458140791114854951e-01
3.100056714637308275e+01 5.451599393746011657e-01
3.105027657948960851e+01 5.450643805447751289e-01
3.110045185950545488e+01 5.409082433584315730e-01
3.115079716584278557e+01 5.408013017330448591e-01
3.120089638300272838e+01 5.408768867190539842e-01
3.125061034946996230e+01 5.401167885386464196e-01
3.130074673395984064e+01 5.371867162685151076e-01
3.135087371096646081e+01 5.382346817454870536e-01
3.140070298512654645e+01 5.357431963726788648e-01
3.145048999559004343e+01 5.359100135317996783e-01
3.150054566235555598e+01 5.334332218663652148e-01
3.155095465298380120e+01 5.351651321949262297e-01
3.160059061739232078e+01 5.320660442353553066e-01
3.165063358798569126e+01 5.307660577512981481e-01
3.170080811001844268e+01 5.322006798131327932e-01
3.175077922846383416e+01 5.315256578155105327e-01
3.180073041957039948e+01 5.276182461353123854e-01
3.185061501289119335e+01 5.303889480375639787e-01
3.190059534907069860e+01 5.271047845071914484e-01
3.195055220581018673e+01 5.299352913932311449e-01
3.200080217994445064e+01 5.257261593294568769e-01
3.205069744610977267e+01 5.269551627990646248e-01
3.210050528371473888e+01 5.250202195130867500e-01
3.215073795427445447e+01 5.231683346205002749e-01
3.220057376437510754e+01 5.232381209667600341e-01
3.225057755887306854e+01 5.221291963721342855e-01
3.230065419623123546e+01 5.209547381655287301e-01
3.235074821529837408e+01 5.210268508360559325e-01
3.240068920145048992e+01 5.188514298211215348e-01
3.245066524920769524e+01 5.181517249028729788e-01
3.250067061912027810e+01 5.173615001224919352e-01
3.255045672500492770e+01 5.186355665860074016e-01
3.260061114312246389e+01 5.161475357619851323e-01
3.265063760042713170e+01 5.151279240314496910e-01
3.270057442976514039e+01 5.151061886630596831e-01
3.275070100505863735e+01 5.134724237252757950e-01
3.280094527007205585e+01 5.134153304018405084e-01
3.285066030973816709e+01 5.151852849757693198e-01
3.290059813941013545e+01 5.115040371223937843e-01
3.295073451895240169e+01 5.096968517201091453e-01
3.300095649687233390e+01 5.098958153263725146e-01
3.305110906618631361e+01 5.075740260297566531e-01
3.310064384792069347e+01 5.081924882288815226e-01
3.315037612876064799e+01 5.094265382003100306e-01
3.320039352890535156e+01 5.061030676605504652e-01
3.325075369626339494e+01 5.038694946012675091e-01
3.330079563727023384e+01 5.057005084804092609e-01
3.335041517110537512e+01 5.044649078276796095e-01
3.340042234386024944e+01 5.045987823365272185e-01
3.345068942173323023e+01 5.042964129221438885e-01
3.350090898686119090e+01 5.023869213566956038e-01
3.355076868455447681e+01 5.031033938166394881e-01
3.360083299996632178e+01 5.007418323744506905e-01
3.365062953487561259e+01 4.992252389040618410e-01
3.370054413012797312e+01 5.007347273745557104e-01
3.375043567752315710e+01 5.010577039715117253e-01
3.380061640845230642e+01 4.966394388592531572e-01
3.385089393014911963e+01 4.978597896193334149e-01
3.390082568859970991e+01 4.955631212407677344e-01
3.395079958664522479e+01 4.957189584621614631e-01
3.400065462941210370e+01 4.939100673665001162e-01
3.405091816079112021e+01 4.940780242316306081e-01
3.410090749058920068e+01 4.921742548537052508e-01
3.415074457596266910e+01 4.908633209292629362e-01
3.420065295071830036e+01 4.914679460775517317e-01
3.425051858506616043e+01 4.928942247841464619e-01
3.430084962655262615e+01 4.913283180320721089e-01
3.435071212962177611e+01 4.922407329654510666e-01
3.440066905842098777e+01 4.883337207578697936e-01
3.445042983328236375e+01 4.884538496649225570e-01
3.450043860660466777e+01 4.866881549826218012e-01
3.455076374242391068e+01 4.849434615252635750e-01
3.460068794302640782e+01 4.846110331659563841e-01
3.465065597891599936e+01 4.863084177258655272e-01
3.470061275611706719e+01 4.826956412851859390e-01
3.475062702078484023e+01 4.834270250115332845e-01
3.480052422475197460e+01 4.827406339699784610e-01
3.485065294727289142e+01 4.813277166011939445e-01
3.490062447937064150e+01 4.796725046255529978e-01
3.495074122486598611e+01 4.792696729683411094e-01
3.500077310510111062e+01 4.786999473678724693e-01
3.505065889052637829e+01 4.793361452165145753e-01
3.510073836994573782e+01 4.777963709574052920e-01
3.515075393740908538e+01 4.762900932927202069e-01
3.520070871574944249e+01 4.762376361563467331e-01
3.525045083160344461e+01 4.767960456745434228e-01
3.530049570869167752e+01 4.770953819956703645e-01
3.535059160776241782e+01 4.742117270155729591e-01
3.540068430971665947e+01 4.729253592734552480e-01
3.545074911362522840e+01 4.733098657335171322e-01
3.550036890253176836e+01 4.716759936094120920e-01
3.555064134077936444e+01 4.707067206301947526e-01
3.560078931342755482e+01 4.691629048171506167e-01
3.565108547588086907e+01 4.698885242505935755e-01
3.570094795766028284e+01 4.690097975401225638e-01
3.575062622600737683e+01 4.699609305915816715e-01
3.580091761654597349e+01 4.670499527109129856e-01
3.585068011788996500e+01 4.684945612724696340e-01
3.590063654732295362e+01 4.651455527685373625e-01
3.595064781968525836e+01 4.644793154389426082e-01
3.600064661787772025e+01 4.651693086889948647e-01
3.605065997098245134e+01 4.632687310358181154e-01
3.610055580292227972e+01 4.624043312115701521e-01
3.615066567295489364e+01 4.612709723812110640e-01
3.620070823995840925e+01 4.624199878356893278e-01
3.625063407140827110e+01 4.602819095541124117e-01
3.630053903480800415e+01 4.578196044822552824e-01
3.635076095548847519e+01 4.582979883124477238e-01
3.640064521820000465e+01 4.587447502926164655e-01
3.645059114817902213e+01 4.585956927149452134e-01
3.650037969898852452e+01 4.582296358187970542e-01
3.655041555911058992e+01 4.556858829640052511e-01
3.660066049185408588e+01 4.552549260376526630e-01
3.665073222235510997e+01 4.563024599386132918e-01
3.670097527299056139e+01 4.553031914086748677e-01
3.675066829186678774e+01 4.547629167847360154e-01
3.680079532898415096e+01 4.540514294907045945e-01
3.685063282247625693e+01 4.534777795655576815e-01
3.690036457791557467e+01 4.499353143704278302e-01
3.695044255330601146e+01 4.519851435021785546e-01
3.700056414896440060e+01 4.516251825456762403e-01
3.705061200566700563e+01 4.495212944509163200e-01
3.710054642744190545e+01 4.481284270917952894e-01
3.715099645420669816e+01 4.493309646745345942e-01
3.720099847428265605e+01 4.489441609166738845e-01
3.725092363794612282e+01 4.477192094337054118e-01
3.730065785688235991e+01 4.467049097090251553e-01
3.735047039871516006e+01 4.471429179506073437e-01
3.740074484956132039e+01 4.439863485175433722e-01
3.745078498921309773e+01 4.461785111587944774e-01
3.750081080030444269e+01 4.440299929175295923e-01
3.755066575910367987e+01 4.429428798152980629e-01
3.760075719290531993e+01 4.412590190653135069e-01
3.765058742029950167e+01 4.413090446212414308e-01
3.770070520800517500e+01 4.405230090487799455e-01
3.775074171766122078e+01 4.398631486691675363e-01
3.780054920228933923e+01 4.408427056056960502e-01
3.785028605357963016e+01 4.386314485097320692e-01
3.790014956604337470e+01 4.385812801504902492e-01
3.795070399093049929e+01 4.378943775041564401e-01
3.800064488374761140e+01 4.374651473674001645e-01
3.805063670460460656e+01 4.373367774246489370e-01
3.810066986978391412e+01 4.363215652298486069e-01
3.815047335562729103e+01 4.358381821351838825e-01
3.820070457166085731e+01 4.347450226398227313e-01
3.825054652004534717e+01 4.353064477012091316e-01
3.830059095506936728e+01 4.338061886885810625e-01
3.835060440364230061e+01 4.344582508325083303e-01
3.840060189880973240e+01 4.335783532344076319e-01
3.845047415235990229e+01 4.319696913548419781e-01
3.850045558810032276e+01 4.305098632086235000e-01
3.855068545891874265e+01 4.317885278089864109e-01
3.860077335274264954e+01 4.288241386570585401e-01
3.865079795446190758e+01 4.309017039537187399e-01
3.870069735860561622e+01 4.294983280602110431e-01
3.875074558129854552e+01 4.267032378512086166e-01
3.880072689471128911e+01 4.277533784498366853e-01
3.885070431159810767e+01 4.270215393274104376e-01
3.890076604177426134e+01 4.251385715329076276e-01
3.895077654249089250e+01 4.264067861133229997e-01
3.900065635008523657e+01 4.241442783273381423e-01
3.905068303866070778e+01 4.252016656975785569e-01
3.910086666979864845e+01 4.251192068357735887e-01
3.915075167994284300e+01 4.236935165629168720e-01
3.920080110904684290e+01 4.239445011807106423e-01
3.925051722509476093e+01 4.232590121722846210e-01
3.930049924941769746e+01 4.209805782710280830e-01
3.935068663145851531e+01 4.208464125332323502e-01
3.940062002802714858e+01 4.189587345093472859e-01
3.945094720807892230e+01 4.202582574037621588e-01
3.950072275578882852e+01 4.200092882584132159e-01
3.955068874417335678e+01 4.183378116367126309e-01
3.960047988298316568e+01 4.188550170935810280e-01
3.965028426911310078e+01 4.164929288684993680e-01
3.970050640123277219e+01 4.174425941036665755e-01
3.975057126679874386e+01 4.148788836131618307e-01
3.980063131454883063e+01 4.152393619155372861e-01
3.985062444376308832e+01 4.155325144394256820e-01
3.990046459422952552e+01 4.143744255238622221e-01
3.995030915473805777e+01 4.137614222546103226e-01
4.000070700697658310e+01 4.149104516377559171e-01
4.005068128997515231e+01 4.138053791933832826e-01
4.010049471442144409e+01 4.130198692904253899e-01
4.015069681665188028e+01 4.124356049293795290e-01
4.020082895179550064e+01 4.131056569061593575e-01
4.025072769209087653e+01 4.102304049522270679e-01
4.030051348483454632e+01 4.111603882076864669e-01
4.035072609931964394e+01 4.085290051570749092e-01
4.040037176569849464e+01 4.087513159515319128e-01
4.045042667732217012e+01 4.089704345229207005e-01
4.050053434909590777e+01 4.074408846957581209e-01
4.055043005389622834e+01 4.075622864272725465e-01
4.060045540580550494e+01 4.066229509530317476e-01
4.065048092584816430e+01 4.076379219168492773e-01
4.070078642837128058e+01 4.054804873209575389e-01
4.075040725570445943e+01 4.046495451437047697e-01
4.080059557345823151e+01 4.045445848686169410e-01
4.085087876590859679e+01 4.035545896214685624e-01
4.090052355963207731e+01 4.045020665467218834e-01
4.095053410493387958e+01 4.038959992832476531e-01
4.100046890014794343e+01 4.024123713386385526e-01
4.105055555589980543e+01 4.022317987403647432e-01
4.110055962388238271e+01 4.009162682359567742e-01
4.115058724083828423e+01 4.012485939716974315e-01
4.120063807828946523e+01 4.005404937717959024e-01
4.125078781157126429e+01 3.990647475287573132e-01
4.130070977352312411e+01 3.995778867102396381e-01
4.135072597204173661e+01 3.976570160804592247e-01
4.140062101981526865e+01 3.967200767199304812e-01
4.145046210781828933e+01 3.977756249655856058e-01
4.150064410670492521e+01 3.975892162289547116e-01
4.155055390754394296e+01 3.977004922800493891e-01
4.160071856321656014e+01 3.949833923415247416e-01
4.165062465436843553e+01 3.948189738438712126e-01
4.170074665647079826e+01 3.947928986372084004e-01
4.175092031344095034e+01 3.935550489614405012e-01
4.180083223468388809e+01 3.927788512311208846e-01
4.185091650497393800e+01 3.932840069582038689e-01
4.190058894312653592e+01 3.909652863768682818e-01
4.195057327773436384e+01 3.907489158623064229e-01
4.200054620451269471e+01 3.905349082669807848e-01
4.205070097649376493e+01 3.899309083035473744e-01
4.210104367677791259e+01 3.897135430559556801e-01
4.215062999266064736e+01 3.884534248655449051e-01
4.220062489273367845e+01 3.892170750164259396e-01
4.225072019983769422e+01 3.876939830521994312e-01
4.230080984542261291e+01 3.871160749790615307e-01
4.235048512465247939e+01 3.865144909450044519e-01
4.240039033711827443e+01 3.843636718858299273e-01
4.245058113897258067e+01 3.855762630180264994e-01
4.250051056501101243e+01 3.850196734605800253e-01
4.255075469310492764e+01 3.837856146157840320e-01
4.260088839389085535e+01 3.838415462367059106e-01
4.265066822100642696e+01 3.813940609396436199e-01
4.270042497031288775e+01 3.824711598759732989e-01
4.275056154529104191e+01 3.820960552576577740e-01
4.280061966166783094e+01 3.806966280937854608e-01
4.285072612642605350e+01 3.815813212014751432e-01
4.290063911686539910e+01 3.797023585329444839e-01
4.295047238065683359e+01 3.805372260529705231e-01
4.300068081100387474e+01 3.799354224963961690e-01
4.305065341004009127e+01 3.784482065648687721e-01
4.310092706765931325e+01 3.779541751308432285e-01
4.315079602200330555e+01 3.770478496151902781e-01
4.320049660447120488e+01 3.772350772196157997e-01
4.325044276895134487e+01 3.759521096924310912e-01
4.330057972539024291e+01 3.747969363577374757e-01
4.335073935269073786e+01 3.744431209665769478e-01
4.340062665975187173e+01 3.746294486098802334e-01
4.345083521863485743e+01 3.738268301449738651e-01
4.350080434733149559e+01 3.742772562093737987e-01
4.355066849370164306e+01 3.726930983183161517e-01
4.360066807944897249e+01 3.714457917252170227e-01
4.365063945197720585e+01 3.717048295002782776e-01
4.370057186563911955e+01 3.698114160421608343e-01
4.375058189073340742e+01 3.700972321055866487e-01
4.380066239129499195e+01 3.699839965113217444e-01
4.385070439948531629e+01 3.692798294009131954e-01
4.390071035686884926e+01 3.687026799423239742e-01
4.395067528124658196e+01 3.675305679458210073e-01
4.400082397187517103e+01 3.675491608267441035e-01
4.405064825126752481e+01 3.678643684301011740e-01
4.410055966609562716e+01 3.661555278781034595e-01
4.415064464392477106e+01 3.659065985940042065e-01
4.420062521994253046e+01 3.643423816872761734e-01
4.425074133285379219e+01 3.654741168008743823e-01
4.430056633737652305e+01 3.644628215265112159e-01
4.435070835691129076e+01 3.631668278375397851e-01
4.440078972329759210e+01 3.633267463822514864e-01
4.445074787044538311e+01 3.621636203038842705e-01
4.450068873751220622e+01 3.616580505183614735e-01
4.455068020915655325e+01 3.603603013143176770e-01
4.460077488805040957e+01 3.615317540787719164e-01
4.465062459263209860e+01 3.606316754314055628e-01
4.470071478766311657e+01 3.594245043634984316e-01
4.475070854589100833e+01 3.594315282154155744e-01
4.480054713876269545e+01 3.584317626172984772e-01
4.485054816752502660e+01 3.583481972182093189e-01
4.490070656619563039e+01 3.581140240974526878e-01
4.495070056087058674e+01 3.576777113996704172e-01
4.500056910314840763e+01 3.571942624433616098e-01
4.505070887203213914e+01 3.565302088123974422e-01
4.510061236772134663e+01 3.559274446811166448e-01
4.515073277013259201e+01 3.553020992665352207e-01
4.520069200387877117e+01 3.539552638758964864e-01
4.525066379076972112e+01 3.546440453552634486e-01
4.530070851487537453e+01 3.541092150971378860e-01
4.535066554677655404e+01 3.530162387510289435e-01
4.540070412847448011e+01 3.522056854575761342e-01
4.545055029283572168e+01 3.524615563911631666e-01
4.550056965286096755e+01 3.506204170216571936e-01
4.555054912766672004e+01 3.513297109410285501e-01
4.560058025539878912e+01 3.510213627449193519e-01
4.565062272089560480e+01 3.509652586529692919e-01
4.570060765623707510e+01 3.496677083839205835e-01
4.575072027820378651e+01 3.485567357275645706e-01
4.580063544467018488e+01 3.474548062964979422e-01
4.585061524648342157e+01 3.475163757714866408e-01
4.590038557800846775e+01 3.463887792666320853e-01
4.595044581013677742e+01 3.479102991700874781e-01
4.600053540272723041e+01 3.464121545149960735e-01
4.605059275114101780e+01 3.457154698133400039e-01
4.610084778734601940e+01 3.464946895315551556e-01
4.615078372778435067e+01 3.446294181456203698e-01
4.620079763110578597e+01 3.449968987319259051e-01
4.625069257879680862e+01 3.427861211802566976e-01
4.630076930310873706e+01 3.434800329807952135e-01
4.635061760445957191e+01 3.423908156592304630e-01
4.640048883980021799e+01 3.438529874523572061e-01
4.645059142980773004e+01 3.416335779477960854e-01
4.650073860852782559e+01 3.414157116984247731e-01
4.655062247296019962e+01 3.409818688093438910e-01
4.660054129780100141e+01 3.411686509521664745e-01
4.665067910891992398e+01 3.398556857638888595e-01
4.670057831041176399e+01 3.396064047785141149e-01
4.675073081291679244e+01 3.393113883594506830e-01
4.680064903311568969e+01 3.375937840670555357e-01
4.685054893440595691e+01 3.379943860486478990e-01
4.690047720868597025e+01 3.371359801815326795e-01
4.695055373767551288e+01 3.370186342474017493e-01
4.700068443481134040e+01 3.353836949573710258e-01
4.705054892794714760e+01 3.361910514902387015e-01
4.710090191639649504e+01 3.365835456661345759e-01
4.715086923685525022e+01 3.357063671173857733e-01
4.720079403182356970e+01 3.338417104500017163e-01
4.725071271028107134e+01 3.325556476491028923e-01
4.730064744448333869e+01 3.329299672152604139e-01
4.735056319112582912e+01 3.327455279064608917e-01
4.740048645981774200e+01 3.328792458141038857e-01
4.745072982557754671e+01 3.322722820978648017e-01
4.750080386038112579e+01 3.315020280931038066e-01
4.755087940005583391e+01 3.301859132111713557e-01
4.760072805312179867e+01 3.298197932853635939e-01
4.765067020928979247e+01 3.282095063517010969e-01
4.770065166037148430e+01 3.284425142556351984e-01
4.775059472584882059e+01 3.277347066542768417e-01
4.780054320846981142e+01 3.279441400510133553e-01
4.785051871527539191e+01 3.271409800395007061e-01
4.790068485360295369e+01 3.257605390628663944e-01
4.795068468835729902e+01 3.259763020491758811e-01
4.800081266340075814e+01 3.255851971125167110e-01
4.805067758293061075e+01 3.254387313374613733e-01
4.810057955891159054e+01 3.244100065169839286e-01
4.815065247583424224e+01 3.232015685075148581e-01
4.820058876752798938e+01 3.237468135389039992e-01
4.825062758151098308e+01 3.226133870129200276e-01
4.830050891861813511e+01 3.222810328945232561e-01
4.835059949104871180e+01 3.220620850059159879e-01
4.840061817680124534e+01 3.218511563838071798e-01
4.845059197059676848e+01 3.208588911887452766e-01
4.850071348765496282e+01 3.202469267808807918e-01
4.855070861047948938e+01 3.196004386552370735e-01
4.860079885823664370e+01 3.190143846501358182e-01
4.865073159027676297e+01 3.192830389618025455e-01
4.870062505589664426e+01 3.179773427776264594e-01
4.875064142241748044e+01 3.172829754967361193e-01
4.880070725855863856e+01 3.168101660333904057e-01
4.885077510260894940e+01 3.171884779662544895e-01
4.890071465607211110e+01 3.168268591737622430e-01
4.895074531240822324e+01 3.155969528985888006e-01
4.900073502381767554e+01 3.151059224285400751e-01
4.905077811013303801e+01 3.155376029870150534e-01
4.910070723550170868e+01 3.156044277834888501e-01
4.915070259051960733e+01 3.149676478258034984e-01
4.920063847882943975e+01 3.134617546483173811e-01
4.925059680352623559e+01 3.133178829820287836e-01
4.930058817457437215e+01 3.126127930395110055e-01
4.935066150186425205e+01 3.137372794476647742e-01
4.940082702243974921e+01 3.113471535881112140e-01
4.945071213629248774e+01 3.109164552463370979e-01
4.950066337522281401e+01 3.110951389373260989e-01
4.955070025329212768e+01 3.106927970999499022e-01
4.960068424121411823e+01 3.104071904703322726e-01
4.965064114312914256e+01 3.093738885468215738e-01
4.970072747776619337e+01 3.093612499808528482e-01
4.975072021790703047e+01 3.084389857687103720e-01
4.980057431660738132e+01 3.081538933776932776e-01
4.985075637656007075e+01 3.079748223773945970e-01
4.990071580811433449e+01 3.070311568900418453e-01
4.995063927006449234e+01 3.062158482290065487e-01
5.000060084925996762e+01 3.072173647447922207e-01
5.005045873064565853e+01 3.052258718778733115e-01
5.010048364727365566e+01 3.056725843469773607e-01
5.015058301511334093e+01 3.043972584587481545e-01
5.020059771037254848e+01 3.038075764973958148e-01
5.025046478966564933e+01 3.039922312012621752e-01
5.030058377984222062e+01 3.032156555855864410e-01
5.035069760041683651e+01 3.028833110738975432e-01
5.040084924235802077e+01 3.024621542548583952e-01
5.045068624624399689e+01 3.020600360862816247e-01
5.050060330114866503e+01 3.018547289426909974e-01
5.055056632414860474e+01 3.015507812500000107e-01
5.060048892831081702e+01 3.014289186916782048e-01
5.065076270012374238e+01 2.996879526546311068e-01
5.070074418145034656e+01 2.991443580136381453e-01
5.075072033235919378e+01 2.998127411418901045e-01
5.080056856830650247e+01 2.984486324438380689e-01
5.085063996342848469e+01 2.986277964379471794e-01
5.090079576010987950e+01 2.976244410431585496e-01
5.095067199178613038e+01 2.982096728029919319e-01
5.100077085900777263e+01 2.966303163853137304e-01
5.105066948456282461e+01 2.969787730707745821e-01
5.110067782431391947e+01 2.964070868777567425e-01
5.115071056813979311e+01 2.953141184494200711e-01
5.120086418384877192e+01 2.938270114684393142e-01
5.125089251453216832e+01 2.942937839510209597e-01
5.130069535899511379e+01 2.937695464240497323e-01
5.135077314432863460e+01 2.930090679783149965e-01
5.140079527368695267e+01 2.926162453722008783e-01
5.145076795720253671e+01 2.917596929785948312e-01
5.150067190460001854e+01 2.918958358338834547e-01
5.155055705950405098e+01 2.913721713942866165e-01
5.160060338144170089e+01 2.911813303213089954e-01
5.165077786608629395e+01 2.903570596080899402e-01
5.170079892531500576e+01 2.904181022234851306e-01
5.175076409355646234e+01 2.898907930701350999e-01
5.180081050879348936e+01 2.883870628406283720e-01
5.185063236522091756e+01 2.888488393100948626e-01
5.190063627192509443e+01 2.886907487373114867e-01
5.195045194769984676e+01 2.878632522822209827e-01
5.200055348012200085e+01 2.872313398626229475e-01
5.205073650353721604e+01 2.865163538522002007e-01
5.210082264320564605e+01 2.865562132777436100e-01
5.215074029641194642e+01 2.866912224252884389e-01
5.220060961371469688e+01 2.857404286091216883e-01
5.225071803781900570e+01 2.856805685003463435e-01
5.230056258642265021e+01 2.845988821272044111e-01
5.235053885698353326e+01 2.843020997461484511e-01
5.240052133702501891e+01 2.844244596431233507e-01
5.245061225630747259e+01 2.842807795916183489e-01
5.250071488624668348e+01 2.833483134357789313e-01
5.255058134901026534e+01 2.818364330483257296e-01
5.260070941839639147e+01 2.818286207982572678e-01
5.265077959906204796e+01 2.812646619824427097e-01
5.270071039049599904e+01 2.809373416380336885e-01
5.275067087002464206e+01 2.811354001580275153e-01
5.280057513073043651e+01 2.801794827141821931e-01
5.285048295724897827e+01 2.799932955058717088e-01
5.290064806091204730e+01 2.791436691689743732e-01
5.295076237312280654e+01 2.789567313750905830e-01
5.300071428026349452e+01 2.778235778190412120e-01
5.305094238809233786e+01 2.778631774272316002e-01
5.310087107769089698e+01 2.777256356266274984e-01
5.315076924934483316e+01 2.763421198288863456e-01
5.320050195368721546e+01 2.770850252155888094e-01
5.325049837735429747e+01 2.764303621490659668e-01
5.330065167941499737e+01 2.751962260281878847e-01
5.335069576743354247e+01 2.745557987119012777e-01
5.340090396500927739e+01 2.744304399692064633e-01
5.345084246007032647e+01 2.740981607602323566e-01
5.350083523446005529e+01 2.728417578690003897e-01
5.355075183860127197e+01 2.726412522055884358e-01
5.360082432592102464e+01 2.736563318062827377e-01
5.365091818824257075e+01 2.725378185460802238e-01
5.370059238608737218e+01 2.724057442579116972e-01
5.375066957950130586e+01 2.718408184818338347e-01
5.380067487411135829e+01 2.712607328443736865e-01
5.385058139128504706e+01 2.714934190245694157e-01
5.390070192466438925e+01 2.704816408923024218e-01
5.395078131761895435e+01 2.694587137111163488e-01
5.400058870545096568e+01 2.699108035547210238e-01
5.405068033207550116e+01 2.686613056517245246e-01
5.410072161653349809e+01 2.686237158645484735e-01
5.415067609690787265e+01 2.685464962984269732e-01
5.420060581925445575e+01 2.685119888115204967e-01
5.425053353070867246e+01 2.668970913442985649e-01
5.430068570154838170e+01 2.672635900415417098e-01
5.435066411431858313e+01 2.664733747829229893e-01
5.440080914129376310e+01 2.654980587726255559e-01
5.445080163590567679e+01 2.649252954219214473e-01
5.450081660501099634e+01 2.654283732340502744e-01
5.455078215982349121e+01 2.647610058553846457e-01
5.460050313376459741e+01 2.634617788766827617e-01
5.465064987509153127e+01 2.641270402470695666e-01
5.470081260773268639e+01 2.638515770974201868e-01
5.475070460284505458e+01 2.634225241171100906e-01
5.480047950030435544e+01 2.621558191914163394e-01
5.485062926285060314e+01 2.623045327163712193e-01
5.490064179093323560e+01 2.618560874582643305e-01
5.495054313845735550e+01 2.608140751070823771e-01
5.500079655004624613e+01 2.615837188942592428e-01
5.505072119771764960e+01 2.606410947796136690e-01
5.510064043814401913e+01 2.601203835507797657e-01
5.515067446589753075e+01 2.598715669875851786e-01
5.520076119843602669e+01 2.585714015057781201e-01
5.525078088792644593e+01 2.585913583554519946e-01
5.530081900620841395e+01 2.584298357230102594e-01
5.535082610383302892e+01 2.574926258990951067e-01
5.540073174404310663e+01 2.575747047345841589e-01
5.545062967977569457e+01 2.566680640541362246e-01
5.550057000431460352e+01 2.563092221256964565e-01
5.555071841742697103e+01 2.567465500610762175e-01
5.560062756007631890e+01 2.554433146850489389e-01
5.565055936735502939e+01 2.546029408842751529e-01
5.570060012874240130e+01 2.547288367018809563e-01
5.575053199084554478e+01 2.539088725403432778e-01
5.580071707753494792e+01 2.543311074543459505e-01
5.585068299905342570e+01 2.536509870568368075e-01
5.590076095627701847e+01 2.532387983020457090e-01
5.595061593594395077e+01 2.524072016158462328e-01
5.600059719570929673e+01 2.521567455181381590e-01
5.605071976431674585e+01 2.516332437227321028e-01
5.610071043481956110e+01 2.516372997333781725e-01
5.615079356577659553e+01 2.508144044554266316e-01
5.620061827311953806e+01 2.503186691644014306e-01
5.625076579374169228e+01 2.501070080373205551e-01
5.630076324283498934e+01 2.490838068610090050e-01
5.635054101137028226e+01 2.490553176399210034e-01
5.640050948138840425e+01 2.488151943922921328e-01
5.645054455800144666e+01 2.488709166250167026e-01
5.650073481325052427e+01 2.484330521052173224e-01
5.655073477457435871e+01 2.478418304398182503e-01
5.660073824559485445e+01 2.469384306985989153e-01
5.665074086704029810e+01 2.474849651597971212e-01
5.670079376222318501e+01 2.466083458083832280e-01
5.675065281761889935e+01 2.460958139954417256e-01
5.680050522544234326e+01 2.462033823931190357e-01
5.685029008354570834e+01 2.454702434289127988e-01
5.690039644117692319e+01 2.445504545723331258e-01
5.695066971981956527e+01 2.444091036135005723e-01
5.700060778658993144e+01 2.445634194398354500e-01
5.705072362469287839e+01 2.434529648942121982e-01
5.710062844583793407e+01 2.434033394786444537e-01
5.715063642460044946e+01 2.427888400274332559e-01
5.720052563749149499e+01 2.416728763356394971e-01
5.725057250158966582e+01 2.425775035993437967e-01
5.730070061666543069e+01 2.420392194558099452e-01
5.735059468705980379e+01 2.410139498434848426e-01
5.740068046681047065e+01 2.401639260404029030e-01
5.745062246045310417e+01 2.400857587923734549e-01
5.750071044277198240e+01 2.395754630583602218e-01
5.755079038725750706e+01 2.391508868533887000e-01
5.760081478585422587e+01 2.389712447803273021e-01
5.765084819486575185e+01 2.388455743805508458e-01
5.770069974390386847e+01 2.384384438320604760e-01
5.775064567173122754e+01 2.370504818975535388e-01
5.780071185781467591e+01 2.377108378587027837e-01
5.785070888559319968e+01 2.366590836006029208e-01
5.790063092839579895e+01 2.362838531438358203e-01
5.795076274408464201e+01 2.359331029427459148e-01
5.800068408155547672e+01 2.349903945734198585e-01
5.805066207662181199e+01 2.351382748237023645e-01
5.810058441680767771e+01 2.355399931653031631e-01
5.815050057807743400e+01 2.344315748474275762e-01
5.820058481270466899e+01 2.336387277681276076e-01
5.825054799922251192e+01 2.338632532688498800e-01
5.830062176282278585e+01 2.329869671959882982e-01
5.835064111592163982e+01 2.324755857567287476e-01
5.840075419903320153e+01 2.318386510771730247e-01
5.845083088551552919e+01 2.313589716950639474e-01
5.850080154356264472e+01 2.316790352771877781e-01
5.855080032980847449e+01 2.311405068644207528e-01
5.860057089650905482e+01 2.303111452810912563e-01
5.865057581360016314e+01 2.299030799863340524e-01
5.870061249080675481e+01 2.299900637320446417e-01
5.875063584132967520e+01 2.299521718284758820e-01
5.880052804622530971e+01 2.291681266019211238e-01
5.885049062313584045e+01 2.286695393556918698e-01
5.890068540929838292e+01 2.286357931112344422e-01
5.895074667686701986e+01 2.280088580420458477e-01
5.900079285975216692e+01 2.274534454713794396e-01
5.905072163601161606e+01 2.267720463840481038e-01
5.910053840968517136e+01 2.268508611785270412e-01
5.915055836907099263e+01 2.267174703070631570e-01
5.920078583096847069e+01 2.258872861993363457e-01
5.925078445624479428e+01 2.261807105654762007e-01
5.930073572141976967e+01 2.254513875782560295e-01
5.935077471148129291e+01 2.241378297564957656e-01
5.940084008989509812e+01 2.246196088881234898e-01
5.945076794887749827e+01 2.237459534894619684e-01
5.950063683779239909e+01 2.234956734146497370e-01
5.955077877209936332e+01 2.231305743246261575e-01
5.960060236443837312e+01 2.227293299383507341e-01
5.965054645934751676e+01 2.222779362551675630e-01
5.970063068222594893e+01 2.214532140845594244e-01
5.975062169048680261e+01 2.211952341638617758e-01
5.980081898179457056e+01 2.212865750198915737e-01
5.985070991520160533e+01 2.209512667413477127e-01
5.990063533403414198e+01 2.202380972059129471e-01
5.995058497985625223e+01 2.199015484265417764e-01
6.000058384167378733e+01 2.192185215931558018e-01
6.005053987652184588e+01 2.191021362483532853e-01
6.010045421237759911e+01 2.192730567879015990e-01
6.015064859381300977e+01 2.178499918682641201e-01
6.020071100610303461e+01 2.176139014205343836e-01
6.025064422090846250e+01 2.169787572124837749e-01
6.030080715923693901e+01 2.173859600818142945e-01
6.035080229029196630e+01 2.161079441069015672e-01
6.040061132077143924e+01 2.165334092975715607e-01
6.045063089445540783e+01 2.156202094629937616e-01
6.050051327979302584e+01 2.158422662516305546e-01
6.055046586021543931e+01 2.145863856831169703e-01
6.060066561403655072e+01 2.145499891755405786e-01
6.065060531728364168e+01 2.141746349298059571e-01
6.070058213762547439e+01 2.136951513216543697e-01
6.075049250711255411e+01 2.137715327062646442e-01
6.080072220556943563e+01 2.130229104300642162e-01
6.085080501817724041e+01 2.124418506484080926e-01
6.090072241368302031e+01 2.121589487551810704e-01
6.095072344314405655e+01 2.121000990499723182e-01
6.100064471556180479e+01 2.114723961825237253e-01
6.105074558218583292e+01 2.107786697208767768e-01
6.110075563535039578e+01 2.107050246287979767e-01
6.115084051183571034e+01 2.102794478565177816e-01
6.120073852296442141e+01 2.103490360182599939e-01
6.125069677240534105e+01 2.096157587263455524e-01
6.130078678126051983e+01 2.088339201937335077e-01
6.135074668185310287e+01 2.086661439433428744e-01
6.140074771504353635e+01 2.081411918953341156e-01
6.145066576833651339e+01 2.077759525347784020e-01
6.150056726797252082e+01 2.079553945996716335e-01
6.155052199605525942e+01 2.073135372551366817e-01
6.160067465714389101e+01 2.069892957010577850e-01
6.165067242892764909e+01 2.061930990853810819e-01
6.170067030649844497e+01 2.057498777789746602e-01
6.175066561361092710e+01 2.053510865007226460e-01
6.180067991116586512e+01 2.052457200548361282e-01
6.185058426725945679e+01 2.046920449839592371e-01
6.190038579212198044e+01 2.046863183895574478e-01
6.195062912658430321e+01 2.044529667134220852e-01
6.200054455848771084e+01 2.032808268683350128e-01
6.205045608676216062e+01 2.036162714865824008e-01
6.210065680711953462e+01 2.029728004493991378e-01
6.215064819109176142e+01 2.025293997752417030e-01
6.220063023545002778e+01 2.020302721279635949e-01
6.225056036774524415e+01 2.019159760703953255e-01
6.230057029581633543e+01 2.015458452092769026e-01
6.235056477868997149e+01 2.013188928036932224e-01
6.240070311510407208e+01 2.007242929068203952e-01
6.245087981397324484e+01 2.003590170072055976e-01
6.250075171045033784e+01 2.000536079157856639e-01
6.255079729562886115e+01 1.998555574879531671e-01
6.260063960014294082e+01 1.994180902236405151e-01
6.265063784798040558e+01 1.987118722995236952e-01
6.270068305958778154e+01 1.990557868889830384e-01
6.275066561381144226e+01 1.984498942490684481e-01
6.280070487697192050e+01 1.980402932771586078e-01
6.285071948848923284e+01 1.975604158980673597e-01
6.290083993008494190e+01 1.977079367299007517e-01
6.295081676641085977e+01 1.968697712280617351e-01
6.300068683398932734e+01 1.964304730174987190e-01
6.305066180073792736e+01 1.962654381454793373e-01
6.310071566505131813e+01 1.955264182977261844e-01
6.315063473160932972e+01 1.954845142289396154e-01
6.320071410390065125e+01 1.953622605973321380e-01
6.325070212739828435e+01 1.943599804407478149e-01
6.330067373965293598e+01 1.940332082853664930e-01
6.335086637769684614e+01 1.935094218485639284e-01
6.340075853883547552e+01 1.937296895679712638e-01
6.345085909834993743e+01 1.926878335671137477e-01
6.350074052305416927e+01 1.925758501353606045e-01
6.355074211049213773e+01 1.922569133070804737e-01
6.360070004991064252e+01 1.918127973962526489e-01
6.365046078357857340e+01 1.917228140072849418e-01
6.370059063423332191e+01 1.914831610738567114e-01
6.375058423596151158e+01 1.909295067790522105e-01
6.380070654720426404e+01 1.903402774448056944e-01
6.385073591118687375e+01 1.898951919510026010e-01
6.390071077096509811e+01 1.899775688583882072e-01
6.395066974511460245e+01 1.892547467337842571e-01
6.400073832788034167e+01 1.890358787564440923e-01
6.405072727132748867e+01 1.889546354525213911e-01
6.410042485383993949e+01 1.885862549170871649e-01
6.415040342529097472e+01 1.880854161506921030e-01
6.420058933624704878e+01 1.874466895551271939e-01
6.425075689310219218e+01 1.875149197048611160e-01
6.430074059785791007e+01 1.867662989293821796e-01
6.435073239392266942e+01 1.868359101586981874e-01
6.440068334788421112e+01 1.859400312735998428e-01
6.445081674355536450e+01 1.857496888588170691e-01
6.450077001850063141e+01 1.855748474650202595e-01
6.455062786306609723e+01 1.850220348568371864e-01
6.460074774320564472e+01 1.847227686632675059e-01
6.465057417145177965e+01 1.840171587742678028e-01
6.470063659512929632e+01 1.841494150856643197e-01
6.475068947408398401e+01 1.836531210239582823e-01
6.480066604957306708e+01 1.832288872486277642e-01
6.485070380543818658e+01 1.827817674702360007e-01
6.490082017193319075e+01 1.828727515733847564e-01
6.495091978387250720e+01 1.822150800825254324e-01
6.500079650806792131e+01 1.821013515736702726e-01
6.505077306231818568e+01 1.818056062621882518e-01
6.510072438062935873e+01 1.812479476396408329e-01
6.515060376587864255e+01 1.808662530782486344e-01
6.520062617090036383e+01 1.810443297357093029e-01
6.525067363761262129e+01 1.804532300085857077e-01
6.530069142186557940e+01 1.802647537471484263e-01
6.535065255382559712e+01 1.801081236308497702e-01
6.540072432906758593e+01 1.793123542640694679e-01
6.545072134725472779e+01 1.794350721987207076e-01
6.550067517520525939e+01 1.788841324305841529e-01
6.555061567814142620e+01 1.780715334877415457e-01
6.560071804978089460e+01 1.784645937385149483e-01
6.565074992402898602e+01 1.773920081045975428e-01
6.570073563602359457e+01 1.772478878939507951e-01
6.575081836235639798e+01 1.770466517252625993e-01
6.580067310797147684e+01 1.765877315936728864e-01
6.585061954733382095e+01 1.763610036767112588e-01
6.590052302224263769e+01 1.759378911760162978e-01
6.595052826667320289e+01 1.754964317443183097e-01
6.600053918408119102e+01 1.759129579446558067e-01
6.605046954238856927e+01 1.751715887730070365e-01
6.610057363466796687e+01 1.750503332295032799e-01
6.615059008408327657e+01 1.747499156247478702e-01
6.620061791133673523e+01 1.740086086959664047e-01
6.625064855268836084e+01 1.738686181304674172e-01
6.630072856218191646e+01 1.735072015824269398e-01
6.635065875684698256e+01 1.733453642294834340e-01
6.640064264940966154e+01 1.729385114614448993e-01
6.645073824784918770e+01 1.723643711978589121e-01
6.650067115149393260e+01 1.720338587953544607e-01
6.655065369910670370e+01 1.716843428225534318e-01
6.660067342842303617e+01 1.713897372942948250e-01
6.665061323825229067e+01 1.711251707767473540e-01
6.670060323996554530e+01 1.706649327915988890e-01
6.675068430972328315e+01 1.703215814724093891e-01
6.680058418726099490e+01 1.698138682147429523e-01
6.685071694749524340e+01 1.699317810595832035e-01
6.690068793049118767e+01 1.693628840911534372e-01
6.695061923607941878e+01 1.688499272231803738e-01
6.700068639194881825e+01 1.688476094259050708e-01
6.705067682126600914e+01 1.686344262073792011e-01
6.710077604805209717e+01 1.681355241871469175e-01
6.715060699182339476e+01 1.678022822566379302e-01
6.720066061294389215e+01 1.671770027528050873e-01
6.725075986721213894e+01 1.671457537417097572e-01
6.730052522264658421e+01 1.665361062061175290e-01
6.735062924116799365e+01 1.661827704685360230e-01
6.740060732150529077e+01 1.659861957641034225e-01
6.745053620466653399e+01 1.661277068747908092e-01
6.750066425390348002e+01 1.651784733521443893e-01
6.755082937688051459e+01 1.649552648699787183e-01
6.760072503679658951e+01 1.649067159132993066e-01
6.765062988820275791e+01 1.645915460272519282e-01
6.770069412468146197e+01 1.641029221542803229e-01
6.775062100887190297e+01 1.642248911379919629e-01
6.780056248816653408e+01 1.632304689219716554e-01
6.785055195196578381e+01 1.631977961344623085e-01
6.790059441818515040e+01 1.630282888010104181e-01
6.795044836699864277e+01 1.625339304050887612e-01
6.800048085798178477e+01 1.622391161412758409e-01
6.805067835923897235e+01 1.620831136640429049e-01
6.810072656466435603e+01 1.615691186004164781e-01
6.815070145771700538e+01 1.613563815138096269e-01
6.820064337944950239e+01 1.610628587751992691e-01
6.825063037684658696e+01 1.606202593839669013e-01
6.830061409162452435e+01 1.604983754364096293e-01
6.835082789549002769e+01 1.603859934587053282e-01
6.840074162891980336e+01 1.597566321408706858e-01
6.845061665390170447e+01 1.590457318387293317e-01
6.850060607525895762e+01 1.590717392597037483e-01
6.855041616181789266e+01 1.589945006419909157e-01
6.860055351875693930e+01 1.584457875462167431e-01
6.865067407391181575e+01 1.582676885330165373e-01
6.870082429657925616e+01 1.576913323435642778e-01
6.875066073594551597e+01 1.576583763868306953e-01
6.880065260215600631e+01 1.575038858509368311e-01
6.885081659029681589e+01 1.572504856921514427e-01
6.890064504945875967e+01 1.565771229492915750e-01
6.895067122144425298e+01 1.563611682448514950e-01
6.900074781618619113e+01 1.561527272648952913e-01
6.905078903998277440e+01 1.557362726598091884e-01
6.910062926068043510e+01 1.557286421478067950e-01
6.915076312115429857e+01 1.551904689498347090e-01
6.920087728366590341e+01 1.545946010564563100e-01
6.925064015234329418e+01 1.545491892643884313e-01
6.930071161473770758e+01 1.541591373865889569e-01
6.935069662042847938e+01 1.537272788272178170e-01
6.940067336527617670e+01 1.537373640208981318e-01
6.945052358078594068e+01 1.532548885814146999e-01
6.950069882003045052e+01 1.528206350169985517e-01
6.955065043974518346e+01 1.526328960832187553e-01
6.960063238637687277e+01 1.520715883195868645e-01
6.965076356245934619e+01 1.521595786837846576e-01
6.970066267261935877e+01 1.518655997840774596e-01
6.975077150840287743e+01 1.515190940202964520e-01
6.980064065908266002e+01 1.513393709967870149e-01
6.985059517066410706e+01 1.508016015267008014e-01
6.990058917780882553e+01 1.507558585168385368e-01
6.995052199767907553e+01 1.501377382880678124e-01
7.000053278111315080e+01 1.499030462930402430e-01
7.005054756946375960e+01 1.495132342567654093e-01
7.010071906655107910e+01 1.493245164525994484e-01
7.015073724783538012e+01 1.489805498263969130e-01
7.020076257112617668e+01 1.487115591031998030e-01
7.025071380996972437e+01 1.484600749970220179e-01
7.030079663510109356e+01 1.478569253060030009e-01
7.035073212561979972e+01 1.474358863516749552e-01
7.040052429241477228e+01 1.474184458378514639e-01
7.045058297496383659e+01 1.471700744647547465e-01
7.050059401138639714e+01 1.468223203367942931e-01
7.055066771787184621e+01 1.466094374001281619e-01
7.060067847038419586e+01 1.463064131423287562e-01
7.065080545095293019e+01 1.457792132303778743e-01
7.070079978376851670e+01 1.455881508987899309e-01
7.075070557410046490e+01 1.455932517314722785e-01
7.080069760468173001e+01 1.453673820409633055e-01
7.085076568503940564e+01 1.446890085883552890e-01
7.090068528896773614e+01 1.444877113312863504e-01
7.095067439269951137e+01 1.444582385355602516e-01
7.100072450262976531e+01 1.440578040633725687e-01
7.105057251719182432e+01 1.438464021823314953e-01
7.110068585668089725e+01 1.435236878578073083e-01
7.115074285288213218e+01 1.431354852137548261e-01
7.120076272882748469e+01 1.428824703461473444e-01
7.125077295257317189e+01 1.426172720328114929e-01
7.130061307931975989e+01 1.422061566121919918e-01
7.135057697783859965e+01 1.419442144710138520e-01
7.140051818309896703e+01 1.416188033686706371e-01
7.145058945612221635e+01 1.412208360256781703e-01
7.150064250041292269e+01 1.413253945650445043e-01
7.155074281030603345e+01 1.408034856657307543e-01
7.160077175329789156e+01 1.407084532506086560e-01
7.165072107790369671e+01 1.401023566213266680e-01
7.170061197859612889e+01 1.398130429233137018e-01
7.175068484188005868e+01 1.397827342498478009e-01
7.180069797357522532e+01 1.395389041482509029e-01
7.185052908346605705e+01 1.392850942856055652e-01
7.190049244058428712e+01 1.388236841221271445e-01
7.195053709001591358e+01 1.386621769666338266e-01
7.200073012147062457e+01 1.383312252187429703e-01
7.205075630080007443e+01 1.377449378781488987e-01
7.210071330313708415e+01 1.379701124247061095e-01
7.215064984114650315e+01 1.376234398414190596e-01
7.220059128500021473e+01 1.371348481683881959e-01
7.225074277424388924e+01 1.369703749386315395e-01
7.230070284600866160e+01 1.365365118054350513e-01
7.235076160584758043e+01 1.363257672925988206e-01
7.240070180179232295e+01 1.357044705434920229e-01
7.245056331583070630e+01 1.358037824391859494e-01
7.250071177019162860e+01 1.356167145016553832e-01
7.255074361448450304e+01 1.350644283409795643e-01
7.260075840165679040e+01 1.350786806345924684e-01
7.265067087776864696e+01 1.346186519989545638e-01
7.270069141245362232e+01 1.341438420990237190e-01
7.275062612949844265e+01 1.338943498765788054e-01
7.280060566645578035e+01 1.338083608752348996e-01
7.285083494007679406e+01 1.334283516063354547e-01
7.290074926781362308e+01 1.332639807471679427e-01
7.295071018587948686e+01 1.330495733234476063e-01
7.300075757484900407e+01 1.324936867110618199e-01
7.305066473261940985e+01 1.323079677773676688e-01
7.310065101246341612e+01 1.321567060694065765e-01
7.315065952968613772e+01 1.317974803943317563e-01
7.320053081975895282e+01 1.316954982938709773e-01
7.325048511196247603e+01 1.313409395904176213e-01
7.330055218649900439e+01 1.309735926751397772e-01
7.335057734944857089e+01 1.309205551559652070e-01
7.340073750616149084e+01 1.306415569090940976e-01
7.345066119334092036e+01 1.303067942621605191e-01
7.350069271235936696e+01 1.300346860679241767e-01
7.355065125487764988e+01 1.294875291227153558e-01
7.360067355715841586e+01 1.291938782663392682e-01
7.365065198231539512e+01 1.289855385189676851e-01
7.370058815992244661e+01 1.287378698189710624e-01
7.375074490261759763e+01 1.286807860703102213e-01
7.380071985283433378e+01 1.283236488150422960e-01
7.385058263397081646e+01 1.282454661297208753e-01
7.390056078789331195e+01 1.275002030399208786e-01
7.395068617524700016e+01 1.274228961180414732e-01
7.400068845601435896e+01 1.273587625903772613e-01
7.405069234902053665e+01 1.270241221544519683e-01
7.410075148925902511e+01 1.270193389659046712e-01
7.415065451124954166e+01 1.265005166120942715e-01
7.420056880557223167e+01 1.260714462884783560e-01
7.425046977775809864e+01 1.260317579473378136e-01
7.430067703812518687e+01 1.258115135815528196e-01
7.435078812041055585e+01 1.254530641362247567e-01
7.440072909355558295e+01 1.252361997138480842e-01
7.445069986529563266e+01 1.249998128238681838e-01
7.450061340117312625e+01 1.247619298799729354e-01
7.455057097008574374e+01 1.242987090800152516e-01
7.460055163076238216e+01 1.238750062491762449e-01
7.465072268894796537e+01 1.235148084667753443e-01
7.470068041522551994e+01 1.233353395960814086e-01
7.475074307693199671e+01 1.231935751363765763e-01
7.480074283832119875e+01 1.231268436265018085e-01
7.485075224222836709e+01 1.228537232460354539e-01
7.490079641521823817e+01 1.224991718076099551e-01
7.495062089049905296e+01 1.222097122475071240e-01
7.500065700575025573e+01 1.221108386169333648e-01
7.505060954964648090e+01 1.217766897774866103e-01
7.510068713387616413e+01 1.214096129133636348e-01
7.515072625551053420e+01 1.210768007626027709e-01
7.520069140860303492e+01 1.210835079043569018e-01
7.525086333528427929e+01 1.209138882966227235e-01
7.530082937888276717e+01 1.205709762693476933e-01
7.535074694540101348e+01 1.203603070849737916e-01
7.540074504067418104e+01 1.199951571689166080e-01
7.545074662538237931e+01 1.199902954275007122e-01
7.550056337259302097e+01 1.193732543164725546e-01
7.555052049369368206e+01 1.191814156670333719e-01
7.560065310698057317e+01 1.191582388959516875e-01
7.565075416816121390e+01 1.185940720598944037e-01
7.570071701664222985e+01 1.186240688692957318e-01
7.575061222851250875e+01 1.182086667708486249e-01
7.580065553187749572e+01 1.182095896800385293e-01
7.585058469350046551e+01 1.179243459424234031e-01
7.590066946690396321e+01 1.175046005119385062e-01
7.595068836056216810e+01 1.174410456730769353e-01
7.600060267883431209e+01 1.172258910833683387e-01
7.605067801604742783e+01 1.168627273680883649e-01
7.610063384076626392e+01 1.167037673711243395e-01
7.615078978067847970e+01 1.164148038970203303e-01
7.620064171822374988e+01 1.162472095889269530e-01
7.625054711672333951e+01 1.163620742151829229e-01
7.630061089920927486e+01 1.155693107242929674e-01
7.635063093560049197e+01 1.154948593909151944e-01
7.640070055742589261e+01 1.151098506459794640e-01
7.645076656619778532e+01 1.150105452849206900e-01
7.650077950005926652e+01 1.146390824055385504e-01
7.655064655604263635e+01 1.144504586623065895e-01
7.660067666767272954e+01 1.142061297237474127e-01
7.665071231411040742e+01 1.138613968725493558e-01
7.670071940767236640e+01 1.136115925884220307e-01
7.675062818207145199e+01 1.134255338401021079e-01
7.680054458200679335e+01 1.129274179719676752e-01
7.685066700412623675e+01 1.128850680013952917e-01
7.690075471397413764e+01 1.125845066728387023e-01
7.695071244317165338e+01 1.124785526846992373e-01
7.700064457769639148e+01 1.122469303761685910e-01
7.705070218816516103e+01 1.119199055690021233e-01
7.710061276796189134e+01 1.114104492266601854e-01
7.715066621205893682e+01 1.115099085696538428e-01
7.720073160652232502e+01 1.112196001376098142e-01
7.725066506753948659e+01 1.110155632610487636e-01
7.730053675289693160e+01 1.107765253346652962e-01
7.735056956870909062e+01 1.106104528845306828e-01
7.740076694830369775e+01 1.101738422074320517e-01
7.745065508889175021e+01 1.098634065814997479e-01
7.750075270658241777e+01 1.098095980589606779e-01
7.755075245463144995e+01 1.096601239012510859e-01
7.760063065984935804e+01 1.090929550130938924e-01
7.765070321575937839e+01 1.090273520508583255e-01
7.770058184131811174e+01 1.087321520492527255e-01
7.775045631228616116e+01 1.086566798894088581e-01
7.780052299955025319e+01 1.083552999557740870e-01
7.785061811322584902e+01 1.079802829541220976e-01
7.790069755814592156e+01 1.079036700282520883e-01
7.795066993509645670e+01 1.077347940037184648e-01
7.800070320426156911e+01 1.074624930200297895e-01
7.805076988395472881e+01 1.071216895789874057e-01
7.810068407994884865e+01 1.068992361041832956e-01
7.815063458329811397e+01 1.067105979678529964e-01
7.820071803115827436e+01 1.065030871766759479e-01
7.825068518292077613e+01 1.062818269441583169e-01
7.830071889907812022e+01 1.061333811225513707e-01
7.835056505199914056e+01 1.057262426216471624e-01
7.840063876811422006e+01 1.056892478692956910e-01
7.845076724820752645e+01 1.053760809966400175e-01
7.850062601688682662e+01 1.052138889360838964e-01
7.855066047661884454e+01 1.050150756154508841e-01
7.860066278381508198e+01 1.046881222180933019e-01
7.865070105683354029e+01 1.046575764374029632e-01
7.870060604587553144e+01 1.044420358226130219e-01
7.875065355180748838e+01 1.039317192195619716e-01
7.880076615489335268e+01 1.040665369230565490e-01
7.885061970150083255e+01 1.036585001383683174e-01
7.890069512598000756e+01 1.033137539919598558e-01
7.895064125650461051e+01 1.030793790989015385e-01
7.900061784463736103e+01 1.028845083957111023e-01
7.905068260470351049e+01 1.025182665813816202e-01
7.910073358004940758e+01 1.025229663655742168e-01
7.915067984073604634e+01 1.022124002206009630e-01
7.920060072632530535e+01 1.018815700209698416e-01
7.925070991771819706e+01 1.019165336500121449e-01
7.930076053603696096e+01 1.016953713839525569e-01
7.935075064956362212e+01 1.013065941401249531e-01
7.940072547750777687e+01 1.011215466568975707e-01
7.945072593113725645e+01 1.008873530100070220e-01
7.950062416114546693e+01 1.006975538202661835e-01
7.955061268565088994e+01 1.005548845247004608e-01
7.960060482791865866e+01 1.002061894937272130e-01
7.965063779017333445e+01 1.002591196818699709e-01
7.970067764707702906e+01 9.986806294220584856e-02
7.975065797923312516e+01 9.967430295139924346e-02
7.980064729418937475e+01 9.936493643909759255e-02
7.985057682223765596e+01 9.928591122522575918e-02
7.990072276115488137e+01 9.890428485829359795e-02
7.995070094938157013e+01 9.892869607054277648e-02
8.000052005949608258e+01 9.851624688962322407e-02
8.005064756019791616e+01 9.837505072022723063e-02
8.010064291399586978e+01 9.817405785132941876e-02
8.015065323523694474e+01 9.791883100046105959e-02
8.020069045907618488e+01 9.774496029497538319e-02
8.025074546367891060e+01 9.750447162444891847e-02
8.030068054365692376e+01 9.713816872891879728e-02
8.035062933392651985e+01 9.725499962098611839e-02
8.040062023743929842e+01 9.676494275151012459e-02
8.045058262634873358e+01 9.687902360515021627e-02
8.050060482323091549e+01 9.649125610449769963e-02
8.055065814041469707e+01 9.625455279294699296e-02
8.060061381781277134e+01 9.612362940842031356e-02
8.065049163168612267e+01 9.581018072769569016e-02
8.070067864682820868e+01 9.567292347924886975e-02
8.075072719419868861e+01 9.544718196126120158e-02
8.080069560119804351e+01 9.508411064296032333e-02
8.085072720008511737e+01 9.505129774902297546e-02
8.090059918459566290e+01 9.465313822817980616e-02
8.095069797226732078e+01 9.451110343062077424e-02
8.100072628747037129e+01 9.448785777370671823e-02
8.105066596491020903e+01 9.425708220717132768e-02
8.110053491390247871e+01 9.383515545339894681e-02
8.115064581461599857e+01 9.375908788859631249e-02
8.120071780755598922e+01 9.350017418718231665e-02
8.125056913049471063e+01 9.324538193736806035e-02
8.130062388841243148e+01 9.312523399642826105e-02
8.135060192578023930e+01 9.295504480379326862e-02
8.140059573350035294e+01 9.276096831879324101e-02
8.145064012854679447e+01 9.256406049157855920e-02
8.150073120039212426e+01 9.233457902261156536e-02
8.155075503725153396e+01 9.206029542578186842e-02
8.160059776271727117e+01 9.174759080844696602e-02
8.165051497760852328e+01 9.165160809647346363e-02
8.170062372795770500e+01 9.143116483160042274e-02
8.175068324348895032e+01 9.132634504236734896e-02
8.180065868057219802e+01 9.115308143185656131e-02
8.185060801216476989e+01 9.088508365428633884e-02
8.190060720797325189e+01 9.085410820869602166e-02
8.195073278306765019e+01 9.049354963737588076e-02
8.200068153483279332e+01 9.008839209160118822e-02
8.205065042937812336e+01 9.028452843073406231e-02
8.210065865687079167e+01 8.984003011757406287e-02
8.215069729564295642e+01 8.975956741400434313e-02
8.220080441105518787e+01 8.941845164795195200e-02
8.225072343998640179e+01 8.940215367630854892e-02
8.230069607718056091e+01 8.919543624065327803e-02
8.235055660277505751e+01 8.905385160508612341e-02
8.240063280819842362e+01 8.874178741763980027e-02
8.245071308585386305e+01 8.850721614635023715e-02
8.250065070222582619e+01 8.841837150391088085e-02
8.255080999539379150e+01 8.821164586184972178e-02
8.260060794064355605e+01 8.790399079466038046e-02
8.265058351342750598e+01 8.785767665231272727e-02
8.270070238389254769e+01 8.748219276099333808e-02
8.275059535776185271e+01 8.739526747156414754e-02
8.280068193384541075e+01 8.722912250003449219e-02
8.285065930747785501e+01 8.699387476625021487e-02
8.290056246277856644e+01 8.678002917871960320e-02
8.295061443318822114e+01 8.659452636654188518e-02
8.300069792099935739e+01 8.663047260352101098e-02
8.305058996061495691e+01 8.623667500767646932e-02
8.310064085671682221e+01 8.606350852417812836e-02
8.315062839157525332e+01 8.578037930380059961e-02
8.320060878384710179e+01 8.574202239226316746e-02
8.325063442827286053e+01 8.549371294182379899e-02
8.330056709054171904e+01 8.544220013057439445e-02
8.335053931775884450e+01 8.500706775966211659e-02
8.340053635319384284e+01 8.501162869849338000e-02
8.345063121432903586e+01 8.495554174569701356e-02
8.350055041619420138e+01 8.464195566485470390e-02
8.355057364268577658e+01 8.451797507391378694e-02
8.360054898998552630e+01 8.418566877235386658e-02
8.365051669125759304e+01 8.409299100372136238e-02
8.370058038604668127e+01 8.397819429726972873e-02
8.375051134911305439e+01 8.374253637918138704e-02
8.380059453927552227e+01 8.349864746564739093e-02
8.385050780487192412e+01 8.341773801953090983e-02
8.390061381005928354e+01 8.316313832279222107e-02
8.395070682904152193e+01 8.299646108790291466e-02
8.400061587044575617e+01 8.284745120220171621e-02
8.405066926691544893e+01 8.259476283833080967e-02
8.410062548643203684e+01 8.249615635243781608e-02
8.415073495725221164e+01 8.226225603447968882e-02
8.420083725162690769e+01 8.205448927347634702e-02
8.425076531496900145e+01 8.180184968551208746e-02
8.430060680776267645e+01 8.177583042350854148e-02
8.435055764847578530e+01 8.162929155385960367e-02
8.440061002678389457e+01 8.125924628137602690e-02
8.445077491139556969e+01 8.121564318800740534e-02
8.450078817497008288e+01 8.098581068359028690e-02
8.455074589247141148e+01 8.090207337880944705e-02
8.460073437873982982e+01 8.054307880203720460e-02
8.465066113206482612e+01 8.038637002071032100e-02
8.470071557061724832e+01 8.017475874394960900e-02
8.475065115121917358e+01 8.022366750291078097e-02
8.480063418980859069e+01 7.984230222324072146e-02
8.485066460852381454e+01 7.972100625398929885e-02
8.490062758450689273e+01 7.963787736490041125e-02
8.495075405742173302e+01 7.933395877793635032e-02
8.500058128620887032e+01 7.922845066518846568e-02
8.505052608964408023e+01 7.897509071122307822e-02
8.510053595481066679e+01 7.889178056485535162e-02
8.515058491547064534e+01 7.868376473173646635e-02
8.520072267622893492e+01 7.870032943051762098e-02
8.525065297660262331e+01 7.839587765147559839e-02
8.530061146004418049e+01 7.831951189469954500e-02
8.535060342914304954e+01 7.793691539684979852e-02
8.540066745759193623e+01 7.788350901042641328e-02
8.545060895460365202e+01 7.778122883567946400e-02
8.550057032255175216e+01 7.757041905509598489e-02
8.555068495657442895e+01 7.747979249058704887e-02
8.560067515382100112e+01 7.725044613764560364e-02
8.565063647086222431e+01 7.710526393659238031e-02
8.570064579552558826e+01 7.688846227390713772e-02
8.575057251211694620e+01 7.674362913871074499e-02
8.580052390842315901e+01 7.640970975559990830e-02
8.585064788181922779e+01 7.658138821189777734e-02
8.590060852984082373e+01 7.624117432387601812e-02
8.595061963450514497e+01 7.600698440192471539e-02
8.600070284410818999e+01 7.592884813277654688e-02
8.605072317602213161e+01 7.576271025295548689e-02
8.610074865953444601e+01 7.566313642959264507e-02
8.615063984349956172e+01 7.542617286960635881e-02
8.620071096469301608e+01 7.502814268133531361e-02
8.625059084022993261e+01 7.507462646473569978e-02
8.630065609635799717e+01 7.485165420994847885e-02
8.635072959374187462e+01 7.480290871755962412e-02
8.640061506888987708e+01 7.450286954786963789e-02
8.645069549907235285e+01 7.430019672958808330e-02
8.650064856629455790e+01 7.433329440131107579e-02
8.655065267582149602e+01 7.407886192311390061e-02
8.660062065985762558e+01 7.398067457537678415e-02
8.665063139598194653e+01 7.386903533872521410e-02
8.670069926104542901e+01 7.347770401893520542e-02
8.675061813732774851e+01 7.345378128904045401e-02
8.680063599026416910e+01 7.330040695866524292e-02
8.685062341554782961e+01 7.304551388252078503e-02
8.690066534610711813e+01 7.299063423323773336e-02
8.695065890316050172e+01 7.266857850416644227e-02
8.700068258669440979e+01 7.256908979628871881e-02
8.705068789434881182e+01 7.237598692503022235e-02
8.710073430022170271e+01 7.237045997074645354e-02
8.715073625712081196e+01 7.214057841414460437e-02
8.720071944953542697e+01 7.205974839664631981e-02
8.725065874059880855e+01 7.180724603944269036e-02
8.730065385491546692e+01 7.159714087144718186e-02
8.735071773693692876e+01 7.144776039631964282e-02
8.740067291151538598e+01 7.135712928575904668e-02
8.745069089587315148e+01 7.127320544939398650e-02
8.750059524727170412e+01 7.119133194608677495e-02
8.755063393985311393e+01 7.093672671978344668e-02
8.760072521610700846e+01 7.077363426182585460e-02
8.765070461050113693e+01 7.058309140216210975e-02
8.770071890489063549e+01 7.057209163834718413e-02
8.775064728536050040e+01 7.035544664303948481e-02
8.780066340967854899e+01 7.026890275785641071e-02
8.785061758882334004e+01 7.001059134421493135e-02
8.790069966232417187e+01 6.994562082555841331e-02
8.795081255270730480e+01 6.975357744176592656e-02
8.800065892052096217e+01 6.961919916915364215e-02
8.805068046215481559e+01 6.958261991861998397e-02
8.810074622042790793e+01 6.931260253922558179e-02
8.815068777402876776e+01 6.925764121146446572e-02
8.820056999239014317e+01 6.905812907169604775e-02
8.825063293195866265e+01 6.875439584584246144e-02
8.830068724278304160e+01 6.867367086765487072e-02
8.835073110258727525e+01 6.858623473067324006e-02
8.840079703231447183e+01 6.840060997461158698e-02
8.845083020292958054e+01 6.835924734384418722e-02
8.850076563709151856e+01 6.816625975575235641e-02
8.855063553538322196e+01 6.813204922280838294e-02
8.860062705552091700e+01 6.774826745602115230e-02
8.865051892067423012e+01 6.776521521902204026e-02
8.870061903020686600e+01 6.764563380416820093e-02
8.875074341963603786e+01 6.745006664559011211e-02
8.880069649634492635e+01 6.721024281051517224e-02
8.885071344892412526e+01 6.713090097455215455e-02
8.890062388383235259e+01 6.708557581782317869e-02
8.895060466980305591e+01 6.681422416622440075e-02
8.900051192815253387e+01 6.670200451857138946e-02
8.905066102494254210e+01 6.648501235530659970e-02
8.910075018557721194e+01 6.634291416777396422e-02
8.915065987269676384e+01 6.622809060450357554e-02
8.920074459493167751e+01 6.598414818014360084e-02
8.925074341970011460e+01 6.602233971473137064e-02
8.930067606158073090e+01 6.579505041988431557e-02
8.935064465320694183e+01 6.569768633785839917e-02
8.940064087878988630e+01 6.547781151611613282e-02
8.945064319424200505e+01 6.550509942512450223e-02
8.950064421180226759e+01 6.533062549063033131e-02
8.955057753817223443e+01 6.508320087795979592e-02
8.960058054534367500e+01 6.500300679874689014e-02
8.965061121043279968e+01 6.482777923534394082e-02
8.970060486906020003e+01 6.472125447061562176e-02
8.975065684933389321e+01 6.456495396612792204e-02
8.980064097263824863e+01 6.444176354929960493e-02
8.985074011343861855e+01 6.430968881392393199e-02
8.990072914643546653e+01 6.420602724626045532e-02
8.995069471840930930e+01 6.409709863625014103e-02
9.000061567245546712e+01 6.377996322152447439e-02
9.005060451355357998e+01 6.365407760432710560e-02
9.010066164734236338e+01 6.360777747301769869e-02
9.015058063102021890e+01 6.342760547687815997e-02
9.020066981206871048e+01 6.335532815575271870e-02
9.025061891167177919e+01 6.311840116416804480e-02
9.030058063625472187e+01 6.306624124522201835e-02
9.035069862056877810e+01 6.284461899987878186e-02
9.040063721053816437e+01 6.270637484543223339e-02
9.045068187473133037e+01 6.269201666905378778e-02
9.050070412097294081e+01 6.243063992083142805e-02
9.055071582655412499e+01 6.226028559507144899e-02
9.060074590370700776e+01 6.223482649359352026e-02
9.065071954180082514e+01 6.207520210236396052e-02
9.070070414937342207e+01 6.186279396029992217e-02
9.075071652356483298e+01 6.183495707842559530e-02
9.080073853391084526e+01 6.176483030941040675e-02
9.085071662263727887e+01 6.158245942822593993e-02
9.090070285251101723e+01 6.147905671448543330e-02
9.095065177011029789e+01 6.134385533847361988e-02
9.100073488155234713e+01 6.130759525530241755e-02
9.105069866664597100e+01 6.103103652496385395e-02
9.110067736133585470e+01 6.086484387334594598e-02
9.115066164323077658e+01 6.098769943835551793e-02
9.120067497178406768e+01 6.068434073383482258e-02
9.125068141284850753e+01 6.049130932430151625e-02
9.130062622558105545e+01 6.038679377935662895e-02
9.135066117588171153e+01 6.031358609854321068e-02
9.140065141538008220e+01 6.015334586545761225e-02
9.145068138473658337e+01 5.999250394303308476e-02
9.150069039643479130e+01 5.990550883311773073e-02
9.155071593148433351e+01 5.975514192684868581e-02
9.160080367935793788e+01 5.963997009996598042e-02
9.165061737073069992e+01 5.955774536053622809e-02
9.170060817655109986e+01 5.943273146626196907e-02
9.175058865088804794e+01 5.940315632523220091e-02
9.180049265407282633e+01 5.914636877078657123e-02
9.185058971654700599e+01 5.913161979257890166e-02
9.190068301485227664e+01 5.894992947912693765e-02
9.195060490867638237e+01 5.891554058992048287e-02
9.200056221650915234e+01 5.876849115459675116e-02
9.205061548325311094e+01 5.860385179446928050e-02
9.210076346697475458e+01 5.850889029905390060e-02
9.215078845474795344e+01 5.831696799493128053e-02
9.220060419601414026e+01 5.835055747836651041e-02
9.225059746084708934e+01 5.819244268143172749e-02
9.230067734231083421e+01 5.796428967584376507e-02
9.235073177795210597e+01 5.795355158108809329e-02
9.240064045690999706e+01 5.778472528484222132e-02
9.245063157109922258e+01 5.764577183788179016e-02
9.250078057204220272e+01 5.759154772697263475e-02
9.255072433387988440e+01 5.743215163141985463e-02
9.260073057984830314e+01 5.728317040161403501e-02
9.265065869044863689e+01 5.721975385866377023e-02
9.270063560508695844e+01 5.692532188013980921e-02
9.275067620960689396e+01 5.692451124174303240e-02
9.280063727441186927e+01 5.682264095777422169e-02
9.285065446184212590e+01 5.668943321689495080e-02
9.290065078317546465e+01 5.670412289724730687e-02
9.295073425389733757e+01 5.642055566677372375e-02
9.300067900763730222e+01 5.642138898803853581e-02
9.305066207492778574e+01 5.625149330633982120e-02
9.310064897906700310e+01 5.619909526932867494e-02
9.315062622189709884e+01 5.599951458003906563e-02
9.320059985716629569e+01 5.585809134570525469e-02
9.325071190903473450e+01 5.571428207018408463e-02
9.330073508132683457e+01 5.562855514654990036e-02
9.335066973357385223e+01 5.557217345961754790e-02
9.340068252241590585e+01 5.551738735639018263e-02
9.345057102658101655e+01 5.536043693763247758e-02
9.350065641105707925e+01 5.520624323527402455e-02
9.355067747282180335e+01 5.510225516079445690e-02
9.360058086835567792e+01 5.499150411283816597e-02
9.365060040510233819e+01 5.492867812219227180e-02
9.370058214130268937e+01 5.481435156726860436e-02
9.375071349954021116e+01 5.475555412113450315e-02
9.380064575722563802e+01 5.452374708173587936e-02
9.385065603128978751e+01 5.444249040904922121e-02
9.390066055478293094e+01 5.440338211316562977e-02
9.395067012729866462e+01 5.428361024801434120e-02
9.400073547639510707e+01 5.420546280751932511e-02
9.405064106370717525e+01 5.410196604284234906e-02
9.410066747113194197e+01 5.385593459408350575e-02
9.415062831545455424e+01 5.390250042585006257e-02
9.420064524406151918e+01 5.368977950037918945e-02
9.425063592468441698e+01 5.370647824696073852e-02
9.430071603443974482e+01 5.348507353345903492e-02
9.435084978846010983e+01 5.346269320570316841e-02
9.440072589518690904e+01 5.333086493837736058e-02
9.445063572665263507e+01 5.321995516740055804e-02
9.450060037327034479e+01 5.309634706286110034e-02
9.455061099756481724e+01 5.298425966819036298e-02
9.460066160523612666e+01 5.286555638318943956e-02
9.465070343930108265e+01 5.284251218814705470e-02
9.470070340329958469e+01 5.281262749449575772e-02
9.475076856330568376e+01 5.260052684327428535e-02
9.480071786998738048e+01 5.252520054887058892e-02
9.485059575869554749e+01 5.232178078331924109e-02
9.490062200472793563e+01 5.237987834555833666e-02
9.495059153222072723e+01 5.218800562223838840e-02
9.500060916233462649e+01 5.213966037193124708e-02
9.505058405688886580e+01 5.203231228714905177e-02
9.510062103402634648e+01 5.186388100448866695e-02
9.515070626581375279e+01 5.185276381013050051e-02
9.520074820467674215e+01 5.181935869318387428e-02
9.525077257252138452e+01 5.148738157745245264e-02
9.530060977714117598e+01 5.145164934625882924e-02
9.535056604075973041e+01 5.135378440884947465e-02
9.540054222256354421e+01 5.134320392385141596e-02
9.545053721567489902e+01 5.123196511987015284e-02
9.550066559135430566e+01 5.109959683969322874e-02
9.555070107743208041e+01 5.105736666678182406e-02
9.560068189569460628e+01 5.090559455711562292e-02
9.565062150426840049e+01 5.087056605705985585e-02
9.570068484578779078e+01 5.071528476243780670e-02
9.575065983295563399e+01 5.060923684936441402e-02
9.580068015784988233e+01 5.055087889969579057e-02
9.585070548727827600e+01 5.043246824373189691e-02
9.590067278065059497e+01 5.037192413014414394e-02
9.595068562266027357e+01 5.030096049328953989e-02
9.600067075531137561e+01 5.014440622221306987e-02
9.605064480354532463e+01 5.006206179603522877e-02
9.610060831827868810e+01 4.998106471411026958e-02
9.615071146236661548e+01 4.992336170639575382e-02
9.620073364420061068e+01 4.978295511447123484e-02
9.625071630024669389e+01 4.971574786785071948e-02
9.630073274647288883e+01 4.969744624478773104e-02
9.635076816718918735e+01 4.953347106032782166e-02
9.640074103949068274e+01 4.944938945369194844e-02
9.645064409383613224e+01 4.932759242974464609e-02
9.650066663688329527e+01 4.923848490042966736e-02
