1.256637126207351685e-01 5.417944010416666060e+03
1.936915606260299627e-01 2.845889843750000182e+03
2.513274252414703369e-01 3.721854817708333030e+03
2.944022864103317261e-01 1.690571289062500000e+03
3.554306328296661377e-01 2.195040039062500000e+03
3.955082564781873811e-01 1.166766526442307622e+03
4.615716010332107655e-01 1.249458984375000000e+03
5.164058804512023926e-01 1.246823640046296305e+03
5.455598746027264800e-01 8.890822172619047024e+02
5.891914814710617065e-01 1.114241129557291515e+03
6.408908295987257864e-01 9.649611707089552510e+02
6.941244165102641306e-01 9.486546006944445253e+02
7.549341718355814246e-01 7.356240146396396540e+02
8.082685545086860657e-01 8.799016113281250000e+02
8.458872155139320892e-01 6.730767372532894797e+02
9.033976386463831165e-01 7.182147817460316901e+02
9.538741086920102807e-01 8.220566406250000000e+02
1.002606617948396561e+00 7.278290642076502763e+02
1.050080132484435991e+00 6.708596875000000637e+02
1.095276718554289541e+00 6.461980723505434980e+02
1.148735394760898254e+00 6.604898687214611073e+02
1.197364068031311124e+00 6.507850260416666970e+02
1.253252735099639192e+00 6.364111445783131558e+02
1.301195175307137575e+00 6.035013950892856656e+02
1.350340962409973145e+00 5.932340029761904816e+02
1.397053004916669616e+00 5.662406355218854515e+02
1.446786667240990587e+00 5.490517361111111541e+02
1.501695110947299794e+00 5.860316331743869114e+02
1.550154135684774337e+00 5.469558080808080831e+02
1.601738236568592155e+00 5.565927992724867863e+02
1.647772800055960385e+00 5.381224937343357624e+02
1.697513295382988119e+00 5.008619791666667425e+02
1.749398548968667422e+00 5.470013836393088695e+02
1.801815896144401075e+00 4.635108807755775615e+02
1.854311002948419773e+00 4.668096417682927495e+02
1.903488172029776715e+00 4.543578980099502473e+02
1.952342433013101397e+00 4.218955182384341356e+02
1.999453311039106396e+00 4.422631926818950774e+02
2.048669610900440308e+00 4.686223509339080238e+02
2.101181018737054540e+00 4.345561575940860735e+02
2.154098840860219966e+00 3.938080718623481857e+02
2.199303392983653183e+00 4.140341257668711705e+02
2.248528172677023207e+00 3.831934941520468101e+02
2.303006410598754883e+00 3.896818985849056958e+02
2.353418758259483656e+00 3.935388292910447490e+02
2.402637737900463311e+00 3.761474956946038901e+02
2.448554739992842677e+00 3.748014489850427822e+02
2.499090067645225233e+00 3.715634469696969973e+02
2.549658622302062305e+00 3.693286513741134627e+02
2.600952340680148911e+00 3.646911437747035052e+02
2.651313533667959632e+00 3.341593184754522099e+02
2.702490112360786068e+00 3.314323427287581580e+02
2.752956631759745587e+00 3.242076170009551106e+02
2.797749358087681770e+00 3.377473958333333712e+02
2.849414770365116478e+00 3.147980625931445502e+02
2.901561026847945257e+00 3.096385621808898918e+02
2.949750350581274994e+00 2.903283179012345272e+02
2.998665080524131721e+00 3.104531136528685806e+02
3.049010105637519175e+00 2.967196552267002403e+02
3.100398808880581836e+00 3.035290514002732039e+02
3.150818746732328979e+00 2.919721029234478351e+02
3.200939400679145841e+00 2.856025531045751222e+02
3.249633022646403635e+00 2.797675051867219622e+02
3.300127326483013768e+00 2.762924209770114885e+02
3.348483428887441438e+00 2.692455489066193763e+02
3.399607315620657211e+00 2.748278560250391251e+02
3.448719927469889424e+00 2.609810243055555361e+02
3.499342967069685173e+00 2.633454337617399688e+02
3.551474963231986415e+00 2.544866660557184730e+02
3.598900760213533889e+00 2.535833658854166686e+02
3.651035188841221135e+00 2.384761668868339939e+02
3.700662589665808522e+00 2.383282594407265549e+02
3.751511811793449613e+00 2.421904215814766417e+02
3.801618192488687153e+00 2.337541392543859615e+02
3.851254485091384794e+00 2.360347310799319587e+02
3.901226825121409281e+00 2.246217225938713966e+02
3.948670251141286780e+00 2.210173783003300230e+02
4.001451143603901528e+00 2.238042853231106335e+02
4.052280480987929145e+00 2.146552764797507677e+02
4.102052814176515128e+00 2.090074539127163291e+02
4.151093749575814229e+00 2.148025019508388596e+02
4.200442130105537686e+00 2.097105684885289918e+02
4.251136814637041184e+00 2.012403792912513723e+02
4.299210999832778768e+00 1.911955686475409948e+02
4.350458908696328564e+00 2.038657258064516213e+02
4.400665589089600260e+00 1.946523581738838402e+02
4.450478535124709367e+00 2.010460699875853550e+02
4.500022132996065238e+00 1.869087594231399692e+02
4.550446791199227903e+00 1.887969841385331620e+02
4.600092420408226523e+00 1.840610228667894148e+02
4.650210011078793393e+00 1.746080878041630058e+02
4.700629595459484555e+00 1.854941427595628340e+02
4.749898185810824458e+00 1.784083787465939963e+02
4.799578612586753223e+00 1.786806068601582922e+02
4.849740758713929623e+00 1.681352324490889600e+02
4.899993706213586542e+00 1.710718437415517883e+02
4.949341788918080631e+00 1.683763573232323267e+02
4.999815610851473302e+00 1.660756873401534506e+02
5.049952627308602615e+00 1.633476610335537487e+02
5.099298258856230781e+00 1.606686580882353041e+02
5.150254496972274332e+00 1.524486051883440041e+02
5.199142517336761138e+00 1.550419647045028171e+02
5.249453250256330250e+00 1.551817097299813781e+02
5.300164924855151227e+00 1.494661608863198410e+02
5.351194235644229025e+00 1.460362577467906249e+02
5.400960675954554979e+00 1.479877630121816310e+02
5.450257125402332647e+00 1.420205811769615991e+02
5.500682865381752329e+00 1.423051533676533609e+02
5.549218122000597830e+00 1.398037034145325777e+02
5.600000335002996543e+00 1.403902262180974674e+02
5.649736614175454363e+00 1.370163208237507888e+02
5.699883098365530643e+00 1.355572289156626482e+02
5.750283329191223203e+00 1.342486413043478137e+02
5.800844330747943367e+00 1.340587785752259435e+02
5.851527811214188191e+00 1.345801345144357128e+02
5.901139501297178569e+00 1.286772800183317997e+02
5.952051273107690221e+00 1.262790542260692348e+02
6.002043196207571540e+00 1.248009575145560461e+02
6.051370665339476318e+00 1.249227553975776743e+02
6.100040307612490942e+00 1.245714026162790731e+02
6.151338437490640132e+00 1.202766444713478649e+02
6.201845191216835751e+00 1.173780156198887852e+02
6.251546338561632332e+00 1.171471123935821907e+02
6.301411320163105678e+00 1.164280968928863444e+02
6.351121094491746888e+00 1.120685486849881727e+02
6.402993818717075847e+00 1.135822576188220552e+02
6.451004855903611279e+00 1.130083798882681521e+02
6.500587485631307061e+00 1.115414867424242402e+02
6.550027029602877526e+00 1.086883324700310709e+02
6.600096165964067119e+00 1.091225160256410192e+02
6.651203611202781474e+00 1.059279079303950937e+02
6.700403804908146022e+00 1.067746580654258395e+02
6.751129568914272738e+00 1.053023289690156190e+02
6.801152226429867831e+00 1.044511630300535074e+02
6.850567314012454112e+00 1.032219091530054698e+02
6.899983763743045451e+00 9.898572296476305610e+01
6.950432818525864143e+00 1.007514101278515852e+02
7.000477802606276612e+00 9.894867988459473906e+01
7.050299486470248844e+00 9.706525040287591821e+01
7.100577605904697442e+00 9.574249306081252087e+01
7.150282711587289342e+00 9.539777601641178251e+01
7.201425401940038995e+00 9.372817159832246148e+01
7.251291360812208708e+00 9.157554816341828996e+01
7.301384627104277492e+00 9.095087466526952369e+01
7.350121157509939884e+00 9.053167517006802711e+01
7.400243896042705494e+00 8.970917355840036578e+01
7.450219004942361778e+00 8.796434929933379010e+01
7.499767164549090204e+00 8.852645358579088963e+01
7.551036194214812980e+00 8.869862017400761545e+01
7.600875332768869619e+00 8.787363862740805587e+01
7.650993174920037276e+00 8.399321801208127170e+01
7.700625888088293181e+00 8.435376853592313751e+01
7.751154263814290069e+00 8.504269514767932492e+01
7.801801090622451973e+00 8.316935422384874244e+01
7.851364051006665790e+00 8.258776456412405764e+01
7.900769558997057018e+00 8.104270800993479895e+01
7.950365025915012041e+00 7.942672643244289077e+01
8.001249973326832077e+00 7.917572273816657002e+01
8.050346754310522712e+00 7.940312531467122881e+01
8.100376043699483830e+00 7.773639150073746862e+01
8.150963831689653105e+00 7.751169773016339093e+01
8.200066242110258585e+00 7.496401247645951571e+01
8.249809700602813933e+00 7.571531413612565586e+01
8.300552262369116363e+00 7.461720894200973930e+01
8.351090274807287273e+00 7.269481749311295005e+01
8.400210126764326546e+00 7.315269204389574043e+01
8.450394926559216202e+00 7.167930930152144242e+01
8.500459425828198690e+00 7.036748070852331693e+01
8.550917286194149369e+00 7.069173930956716845e+01
8.600510843254964399e+00 7.081679077562796465e+01
8.651023792021119263e+00 6.840728143109095072e+01
8.701256476197366752e+00 7.059403129688281808e+01
8.749915613828461503e+00 6.812681971482240328e+01
8.800112521877306193e+00 6.768243853940708732e+01
8.849632071888843043e+00 6.715217302674494704e+01
8.900357776251059505e+00 6.670616173831629681e+01
8.950608837287235886e+00 6.541202768536120971e+01
9.000569819962127127e+00 6.456965361445783458e+01
9.051041288617525993e+00 6.462301656920078585e+01
9.100140618044129326e+00 6.406316114916286608e+01
9.150794710576331426e+00 6.229314607805987691e+01
9.200358087057745493e+00 6.284202624555160810e+01
9.250378436494685275e+00 6.214848282016956205e+01
9.300396476966747983e+00 6.128335062996140437e+01
9.350845697771076104e+00 6.038631313487584151e+01
9.401427877347279249e+00 5.942655152436816479e+01
9.450856317468241841e+00 5.946967120181405875e+01
9.501285360508264333e+00 5.854370433553901165e+01
9.551415626509362156e+00 5.863624816677141638e+01
9.601472418873740367e+00 5.894998985252333767e+01
9.650873339522149763e+00 5.733011059453367153e+01
9.700105298531504161e+00 5.694686306052684444e+01
9.749807236595939841e+00 5.685455339321357116e+01
9.800617716807657587e+00 5.566279783043842855e+01
9.850939668539123062e+00 5.592104815175097343e+01
9.900672862260712748e+00 5.526303708398336312e+01
9.951023643831279131e+00 5.379886580706781274e+01
1.000061390381357818e+01 5.423139843553656192e+01
1.005121303910567399e+01 5.434375978090766779e+01
1.010050487470579128e+01 5.338699637137137444e+01
1.015040394560108972e+01 5.270931698020410749e+01
1.020064233832726863e+01 5.279397939568691100e+01
1.025078872432590593e+01 5.190453043115768850e+01
1.030144077410513148e+01 5.170444978728503571e+01
1.035026615037620701e+01 5.110637739808153412e+01
1.040053707544599071e+01 5.040906199398565946e+01
1.045062977445541463e+01 5.032967330942326356e+01
1.050056916228905557e+01 4.976274261422191358e+01
1.055045547200590939e+01 4.928176141257536358e+01
1.060065943225193585e+01 4.860323209997817173e+01
1.065092618802826330e+01 4.795503589406246903e+01
1.069994190739775242e+01 4.821523600668337650e+01
1.075051342579590496e+01 4.734183619410892163e+01
1.080116309617008952e+01 4.715212399540757815e+01
1.085092532135009691e+01 4.677544666666666728e+01
1.090057119699959287e+01 4.655422614524533031e+01
1.095056114183856977e+01 4.620278060028138611e+01
1.100044795380789964e+01 4.592364494917740814e+01
1.105059621997271790e+01 4.519025199793760805e+01
1.110083536315899444e+01 4.461327410587279019e+01
1.115081901025334687e+01 4.438443871049948797e+01
1.120129035153903629e+01 4.393701790633608795e+01
1.125116374248475992e+01 4.384479413799920877e+01
1.130128079566052257e+01 4.315852050905034787e+01
1.135044509838974847e+01 4.352797784439894713e+01
1.140071777468021708e+01 4.322231008822959097e+01
1.145113705378753899e+01 4.286898294718664459e+01
1.150054064506493923e+01 4.259866847826086911e+01
1.155054572698180770e+01 4.263141269690191848e+01
1.160060598127213360e+01 4.183764496241290942e+01
1.165085593945590148e+01 4.102857295830953888e+01
1.170069293131600929e+01 4.095920887519963571e+01
1.175142896112726554e+01 4.054969376391981939e+01
1.180137066716670269e+01 4.047926436454928734e+01
1.185030839024950744e+01 4.024766828199680901e+01
1.190112650803973615e+01 3.993845705725698991e+01
1.195087750005856186e+01 3.946643141108678776e+01
1.200028886778134840e+01 3.900853003102837135e+01
1.205087280971257790e+01 3.862293014845831607e+01
1.210120573097985641e+01 3.834204619921363388e+01
1.215069798464289086e+01 3.814814964273416109e+01
1.220084588704311912e+01 3.806968632860210988e+01
1.225095075397515565e+01 3.814006795195954425e+01
1.230055747642593111e+01 3.764222639189246422e+01
1.235044509892075659e+01 3.709503414124015563e+01
1.240025358236334618e+01 3.693328959332120576e+01
1.245059963946805226e+01 3.672393742142190831e+01
1.250021218005843338e+01 3.662640683406468156e+01
1.255088259279081875e+01 3.521245220921524322e+01
1.260128860653785665e+01 3.592818130407174948e+01
1.265098919510728237e+01 3.535739899889205162e+01
1.270151919945489816e+01 3.517210378353051681e+01
1.275059048606717838e+01 3.513758267981621941e+01
1.280015324543435007e+01 3.453578221936088255e+01
1.285005587414941175e+01 3.437632487175618934e+01
1.290055459179237118e+01 3.409472612041647466e+01
1.295101831716038809e+01 3.362956101942292264e+01
1.300061854953515450e+01 3.356755271993360168e+01
1.305073094795649524e+01 3.349594676487041056e+01
1.310051576040570609e+01 3.301752882941688227e+01
1.315089754552600176e+01 3.289791758788414455e+01
1.320081412118408615e+01 3.294653085485788324e+01
1.325056877988023629e+01 3.249496497373029769e+01
1.329997547558646787e+01 3.247803742542035366e+01
1.334989268379465521e+01 3.213392481598317829e+01
1.340063178882596162e+01 3.189534888728124784e+01
1.345111248053373743e+01 3.138826336884294577e+01
1.350104577716931509e+01 3.158687813724815996e+01
1.355110471056903876e+01 3.094008549007379472e+01
1.360103386653534407e+01 3.118527028867102757e+01
1.365064521999293667e+01 3.066629725085910252e+01
1.370108558817629785e+01 3.021927514939417136e+01
1.375063751069574458e+01 3.003082949112021893e+01
1.380020275550391951e+01 2.968165835411471676e+01
1.385010291988493947e+01 2.965397361967256629e+01
1.389993945742187975e+01 2.966583518554310217e+01
1.395077535055353124e+01 2.959852812307293135e+01
1.400033540187661885e+01 2.905287994953416231e+01
1.405076036390690319e+01 2.874911073612828005e+01
1.410091255677794386e+01 2.873629427577482787e+01
1.415099424006951345e+01 2.860727296434441413e+01
1.420090845382453182e+01 2.857775582789186686e+01
1.425058535625662692e+01 2.814030987070032097e+01
1.430068992108075854e+01 2.820084498014570329e+01
1.435081631969962146e+01 2.811522195560888093e+01
1.440116277072030648e+01 2.766184097465169245e+01
1.445095548372230709e+01 2.732166560112034759e+01
1.450106060960858834e+01 2.742918146832445103e+01
1.455087147615679299e+01 2.713123281393217567e+01
1.460089164482430135e+01 2.692224184349940685e+01
1.465096435834932009e+01 2.669079617643533453e+01
1.470042432961008316e+01 2.655799936807453676e+01
1.474998265362896355e+01 2.659077877245333710e+01
1.479989122439800120e+01 2.639401993714681183e+01
1.485068890065675262e+01 2.600231984996793244e+01
1.490091461135759410e+01 2.595944480240549979e+01
1.495142624477786164e+01 2.556986820474240218e+01
1.500125581199326774e+01 2.568997741650518662e+01
1.505058992571524001e+01 2.554862748400134720e+01
1.510096182188420677e+01 2.513801847118001120e+01
1.515041653809440625e+01 2.506801829098406031e+01
1.520050358450064110e+01 2.479494293826958184e+01
1.525026187279651246e+01 2.483375006785365358e+01
1.530061285776438496e+01 2.432486256368999733e+01
1.535093523531647719e+01 2.432591796614687496e+01
1.540080134614941620e+01 2.389183927424534559e+01
1.545125002511655588e+01 2.388636556708576109e+01
1.550055590549435180e+01 2.396229274681356713e+01
1.554990690009351617e+01 2.378070036861506154e+01
1.560029939283501221e+01 2.357182890293751854e+01
1.565051554421477675e+01 2.358767734865383758e+01
1.570055893919154144e+01 2.336855856721773961e+01
1.575055944300927990e+01 2.349357928679817675e+01
1.580089161127091657e+01 2.305663399685964876e+01
1.585074981409009887e+01 2.305469044034625625e+01
1.590132026779191321e+01 2.271818500049130307e+01
1.595119615174483307e+01 2.282125346137235411e+01
1.600061799840658239e+01 2.247823828144213465e+01
1.605077212836705058e+01 2.225161417178811973e+01
1.610103563786684688e+01 2.224371895416840061e+01
1.615061123591991432e+01 2.191206264861455111e+01
1.620065196690424969e+01 2.201596512526877802e+01
1.625089452027982517e+01 2.193961777102759569e+01
1.630118119518434128e+01 2.184817102137767009e+01
1.635146405608891840e+01 2.173015633506118505e+01
1.640076947667969520e+01 2.147831817641464625e+01
1.645087400555846102e+01 2.133811577785523284e+01
1.650098843068070664e+01 2.114251424108783795e+01
1.655106400710294778e+01 2.114092622056022464e+01
1.660084850266487777e+01 2.100932166099261167e+01
1.665053292522144801e+01 2.076738884001082752e+01
1.670094208154347726e+01 2.069643182698662187e+01
1.675068958911364447e+01 2.053903521536670596e+01
1.680052177009391556e+01 2.039275380854934028e+01
1.685039801592866127e+01 2.032507024793388339e+01
1.690071147848142274e+01 2.010034571196344544e+01
1.695034504331302116e+01 1.992122894766587748e+01
1.700024952897776132e+01 1.991682456177492000e+01
1.705080262949346803e+01 1.980341834370448950e+01
1.710038038467472177e+01 1.963600006489713934e+01
1.715073677186147094e+01 1.958625707826233864e+01
1.720103001431176537e+01 1.976813983460423074e+01
1.725093874646400494e+01 1.954813953119044712e+01
1.730026876303448802e+01 1.941242603869741501e+01
1.735069699187642200e+01 1.931547582666096119e+01
1.740111744736490706e+01 1.914464484285174706e+01
1.745083602976958304e+01 1.909574648963107180e+01
1.750079017405409587e+01 1.895060211354141089e+01
1.755058064951854391e+01 1.895310687505178748e+01
1.760098984156358171e+01 1.877255493073514714e+01
1.765084796114107490e+01 1.862700481875719305e+01
1.770084590768282951e+01 1.852625213289169892e+01
1.775113545986024732e+01 1.841884274689521206e+01
1.780111750417361804e+01 1.830511652457572680e+01
1.785112557577493675e+01 1.812676376536424527e+01
1.790043071854657697e+01 1.814133218199142306e+01
1.795093294930180150e+01 1.806819649224246049e+01
1.800117591338927880e+01 1.782684150479756724e+01
1.805102955138067244e+01 1.778819797450535845e+01
1.810081125040843375e+01 1.779981175789168901e+01
1.815070355316448669e+01 1.764020270270270174e+01
1.820082603023814727e+01 1.749341715835099365e+01
1.825104242422729328e+01 1.743996195165622254e+01
1.830110038363673652e+01 1.736130304366159294e+01
1.835056608576439530e+01 1.718889707688528645e+01
1.840052225601024816e+01 1.703235584736997765e+01
1.845054397902244503e+01 1.705022331922896228e+01
1.850066401639472602e+01 1.699644940486990663e+01
1.855077375907742265e+01 1.692113922877270937e+01
1.860040149003351218e+01 1.680389275266324489e+01
1.865036571685475764e+01 1.654905249846995829e+01
1.870055233191315480e+01 1.665813120849693263e+01
1.875038082358441471e+01 1.665581550076037232e+01
1.880030100158329631e+01 1.653846976674429925e+01
1.885065092426605204e+01 1.640374678744091597e+01
1.890032953550104367e+01 1.641710964912280701e+01
1.895058111422453706e+01 1.626279093363448780e+01
1.900068398728053864e+01 1.627492361328737047e+01
1.905038713710101916e+01 1.609339284462206976e+01
1.910077607978132974e+01 1.603482223993964695e+01
1.915069731442681800e+01 1.600850538793103439e+01
1.920059048440732141e+01 1.597184178869387416e+01
1.925035227553674133e+01 1.586942850463317178e+01
1.930047157178797690e+01 1.577602793829413308e+01
1.935052191971805868e+01 1.567507022114356552e+01
1.940062364124835170e+01 1.557521740026376733e+01
1.945076194647657530e+01 1.563032982913852997e+01
1.950064015704267106e+01 1.542803483863610481e+01
1.955103246253348104e+01 1.530779703380011370e+01
1.960103224732800342e+01 1.539510831917665712e+01
1.965096451560197721e+01 1.526331674978812281e+01
1.970039326907732402e+01 1.516045568743322747e+01
1.975045869793262909e+01 1.510879487058006099e+01
1.980112994754063038e+01 1.503516529689912673e+01
1.985113240949997149e+01 1.486402980520627715e+01
1.990129882447748955e+01 1.481649228204885205e+01
1.995102839468674816e+01 1.476415395946646036e+01
2.000083692040861649e+01 1.474707247320601766e+01
2.005054571725930401e+01 1.453721608895220108e+01
2.010084313615223905e+01 1.448402198723622192e+01
2.015039891387192839e+01 1.453394087369151144e+01
2.020032978626047537e+01 1.436720141576070375e+01
2.025088372940374271e+01 1.441872350438469041e+01
2.030029183479597066e+01 1.432250308960640695e+01
2.035052695173413539e+01 1.425111668832817990e+01
2.040075823535785560e+01 1.416619682067703501e+01
2.045089601889413444e+01 1.405675347796039887e+01
2.050073645873280981e+01 1.404770228822180655e+01
2.055053498245830212e+01 1.390324193884228698e+01
2.060058405558038430e+01 1.398120226420210699e+01
2.065032429254589985e+01 1.389566237347141708e+01
2.070047025335771806e+01 1.384090416791156208e+01
2.075044015714700407e+01 1.388545972010731688e+01
2.080056166383511851e+01 1.361617552051214197e+01
2.085052640866095430e+01 1.354807121876401865e+01
2.090093885348607117e+01 1.353550608675772970e+01
2.095072566472917686e+01 1.352521307859174016e+01
2.100045951270690026e+01 1.340938814054593387e+01
2.105041555584098489e+01 1.337536524578893093e+01
2.110036039795015128e+01 1.335444860912324394e+01
2.115060440588723267e+01 1.331776375506214194e+01
2.120099297639964320e+01 1.320390629374545099e+01
2.125110208021147429e+01 1.315287975974455215e+01
2.130047153211643263e+01 1.314818511573683857e+01
2.135095211249340252e+01 1.310100624991489759e+01
2.140153998728464302e+01 1.303452505326122512e+01
2.145140411864241869e+01 1.296064313856056849e+01
2.150109067953851039e+01 1.285536120885945088e+01
2.155071421888607830e+01 1.284826997125657577e+01
2.160095248613489716e+01 1.296986699494024542e+01
2.165078368034290790e+01 1.279059389292440230e+01
2.170103250420297769e+01 1.276636607214268615e+01
2.175113749075196878e+01 1.263117826917643249e+01
2.180066400185297226e+01 1.268393964186888034e+01
2.185095183544095931e+01 1.265491529113723601e+01
2.190070081606517505e+01 1.248269761394314692e+01
2.195052143564337399e+01 1.248723484848484944e+01
2.200016785070007685e+01 1.242237375999578397e+01
2.205017752243192319e+01 1.251541866167271699e+01
2.210016093160606587e+01 1.236462782283870787e+01
2.215052494156026341e+01 1.231956194729172971e+01
2.220099768268121565e+01 1.222803073310453392e+01
2.225093828405544372e+01 1.227885446456943264e+01
2.230088287983462081e+01 1.218586801305589518e+01
2.235050207682091994e+01 1.210137739721634276e+01
2.240027092684176679e+01 1.207078899822451135e+01
2.245050285997742989e+01 1.199250183622149102e+01
2.250092599038523389e+01 1.192375757462640173e+01
2.255080398875536929e+01 1.186954442949340915e+01
2.260054706545379233e+01 1.175965266609317972e+01
2.265063038163662057e+01 1.173421486872285335e+01
2.270025254152363914e+01 1.180807202015666313e+01
2.275050358802700146e+01 1.166862586958872505e+01
2.280034136030533887e+01 1.174955613408890187e+01
2.285072882878251832e+01 1.169450845426469421e+01
2.290066141892027929e+01 1.161945779426455339e+01
2.295053262466946720e+01 1.152941552495124000e+01
2.300116596624015131e+01 1.150621870672206271e+01
2.305075049811972576e+01 1.146973841708178199e+01
2.310085238957240961e+01 1.141451197279388552e+01
2.315075103044907934e+01 1.139058921926434742e+01
2.320056411088655324e+01 1.133702080411407209e+01
2.325069316575375922e+01 1.131563905930470426e+01
2.330102321943878252e+01 1.119568430217904265e+01
2.335094979495398704e+01 1.124364419329234188e+01
2.340077491351943451e+01 1.114121502309155076e+01
2.345090180360846333e+01 1.115521234676007012e+01
2.350069764984864307e+01 1.105253045284775304e+01
2.355079805083223476e+01 1.106970885217113576e+01
2.360089425887846915e+01 1.101856376251933689e+01
2.365111588592037251e+01 1.093268027463978775e+01
2.370079117479742337e+01 1.095188011015216922e+01
2.375070238000955669e+01 1.085350447052249123e+01
2.380072099427258792e+01 1.085465793364907761e+01
2.385044315484774557e+01 1.078919996954520855e+01
2.390062030528307702e+01 1.072946900183299057e+01
2.395079098070538137e+01 1.074269135364989403e+01
2.400087914898061214e+01 1.072345851864053223e+01
2.405047136728556012e+01 1.064184799281269100e+01
2.410094161555001691e+01 1.067227146821825023e+01
2.415096374291990955e+01 1.058380595907056509e+01
2.420035762630187293e+01 1.055950267509727603e+01
2.425062718572708675e+01 1.056062826302809121e+01
2.430056200939818467e+01 1.047438130094380071e+01
2.435074088185508856e+01 1.046512709934981089e+01
2.440058288212754434e+01 1.038432533507892686e+01
2.445050734240095736e+01 1.031440714794337055e+01
2.450068293811746400e+01 1.029882553977784099e+01
2.455072252521220122e+01 1.032168980907512967e+01
2.460081802631937720e+01 1.022072811626133237e+01
2.465048464938207218e+01 1.022681780728211187e+01
2.470070557930939970e+01 1.022060789273448833e+01
2.475098408547652795e+01 1.014664921829226785e+01
2.480073664568702796e+01 1.009194606413994144e+01
2.485031139239437081e+01 1.008609362203112170e+01
2.490072463844199291e+01 1.004597605754237577e+01
2.495100174296157647e+01 1.003340912081460701e+01
2.500090082264989988e+01 9.963112591391599437e+00
2.505070236710282572e+01 9.984022942958608482e+00
2.510076910204727341e+01 9.929629197761192572e+00
2.515074714444360993e+01 9.904805792129364406e+00
2.520042346985152193e+01 9.859298543978995966e+00
2.525087251929459242e+01 9.861227615572973448e+00
2.530067364950122766e+01 9.767067231115358794e+00
2.535041708261922722e+01 9.812721343406918706e+00
2.540064572517422192e+01 9.752565492056982421e+00
2.545058671133012140e+01 9.728798674499904209e+00
2.550091448992870014e+01 9.705176112043947256e+00
2.555093562505498284e+01 9.678946237952617437e+00
2.560076420353996340e+01 9.638738127544097978e+00
2.565050233917104450e+01 9.633912786221449309e+00
2.570088089215357030e+01 9.602970649696048966e+00
2.575089593395361831e+01 9.566689537291154011e+00
2.580055172488612314e+01 9.588406469621400419e+00
2.585065705518562851e+01 9.577203434170472818e+00
2.590040009142965260e+01 9.536736397819494115e+00
2.595045451330076602e+01 9.503498616622882977e+00
2.600041449295903817e+01 9.491564868427246893e+00
2.605043175508030728e+01 9.399502223639926157e+00
2.610049216203561073e+01 9.406886321411983332e+00
2.615052744885751324e+01 9.361998556099900171e+00
2.620081245176917406e+01 9.311564105366707977e+00
2.625064376793082488e+01 9.278330461943580687e+00
2.630053287468589573e+01 9.255338394189454476e+00
2.635101688869864489e+01 9.182079981016091352e+00
2.640098937474011720e+01 9.153417924727918376e+00
2.645040677875825708e+01 9.170106185269387922e+00
2.650060382162935113e+01 9.131620741280245923e+00
2.655045256895379424e+01 9.071619599459946670e+00
2.660025631369433086e+01 9.069772390986559074e+00
2.665085337050840764e+01 9.028413728639510083e+00
2.670089682513944851e+01 9.022842642410681790e+00
2.675085862322766772e+01 8.995199414913038538e+00
2.680077379233840063e+01 8.972645394782549744e+00
2.685114965594502934e+01 8.935819132523361574e+00
2.690100378496506650e+01 8.887803962378480804e+00
2.695034706866618635e+01 8.873449473814316590e+00
2.700052841649375068e+01 8.878271065963826203e+00
2.705072101866625545e+01 8.854269775255666275e+00
2.710069443800647093e+01 8.832771492043809403e+00
2.715078986062405875e+01 8.790139084732725649e+00
2.720089493456375251e+01 8.771760457277107292e+00
2.725057769076351022e+01 8.689403078652656376e+00
2.730033549125748493e+01 8.706495686026935132e+00
2.735052912710215978e+01 8.709143044387127830e+00
2.740061522037846942e+01 8.667197308380742982e+00
2.745070084770054564e+01 8.636655975410109320e+00
2.750096527171193372e+01 8.605481691368787267e+00
2.755103462783471358e+01 8.626799437225093570e+00
2.760049968995508962e+01 8.554780843066183138e+00
2.765053177889601344e+01 8.498497751765295760e+00
2.770036622615669586e+01 8.512924124481465071e+00
2.775054988188822946e+01 8.468670363042752669e+00
2.780062562883384203e+01 8.466409562666402877e+00
2.785044576349854850e+01 8.446823689035273475e+00
2.790070893961808807e+01 8.413513590286738619e+00
2.795038926939105650e+01 8.421554338634663850e+00
2.800057880835900548e+01 8.365593772788100679e+00
2.805066800443194808e+01 8.353005926672425474e+00
2.810107801910153924e+01 8.319241115868978298e+00
2.815115147865971323e+01 8.268431374930171884e+00
2.820044725741460923e+01 8.258522137910123462e+00
2.825040259489045624e+01 8.160754953539489875e+00
2.830043012984087625e+01 8.220007364001002514e+00
2.835059611158580495e+01 8.159939277064856000e+00
2.840043375018342431e+01 8.169844532513112156e+00
2.845045081296103717e+01 8.138244745023433424e+00
2.850041934162237567e+01 8.118741977525258946e+00
2.855035665006607104e+01 8.114735918730080044e+00
2.860065628427968321e+01 8.099960631744707484e+00
2.865062202782436529e+01 8.061342726424767235e+00
2.870086574409789293e+01 8.068028758645795051e+00
2.875095097308470926e+01 8.027008509885920517e+00
2.880071965891575303e+01 7.967944774105506056e+00
2.885023923582780014e+01 8.013430083386785086e+00
2.890050167422365490e+01 7.973436084087862419e+00
2.895070215097079469e+01 7.969368592976170618e+00
2.900065347826904372e+01 7.914088638213219618e+00
2.905081112941260457e+01 7.909360198383486917e+00
2.910056439627211589e+01 7.858919930354558936e+00
2.915042575030595273e+01 7.845523606462050381e+00
2.920043042605855632e+01 7.832516770659402106e+00
2.925076636279083431e+01 7.788166082156915415e+00
2.930084321682425852e+01 7.804607536704012638e+00
2.935070565647483676e+01 7.743423371816339440e+00
2.940088173014940054e+01 7.721641872875470547e+00
2.945065901268334230e+01 7.701242897727272663e+00
2.950069929838434035e+01 7.726336639431409026e+00
2.955051767266316176e+01 7.673796374810659238e+00
2.960069847837196377e+01 7.661676047887082674e+00
2.965080039456267258e+01 7.656620013742721831e+00
2.970062591625485382e+01 7.594857643498493793e+00
2.975060950619111466e+01 7.572898702250581593e+00
2.980050069104065713e+01 7.515557703906055487e+00
2.985055554323798788e+01 7.569440904521190561e+00
2.990066955052829911e+01 7.527487746394442070e+00
2.995082529205978972e+01 7.515160839013717009e+00
3.000070388283209866e+01 7.487650043726021387e+00
3.005093720211255359e+01 7.418110382271160930e+00
3.010063232593409666e+01 7.454915225969454440e+00
3.015060885573432614e+01 7.442483361719300028e+00
3.020077941803320698e+01 7.442359394421865559e+00
3.025042159237726480e+01 7.400879651469322695e+00
3.030049283039372909e+01 7.421304104874153040e+00
3.035065172418487123e+01 7.360944122921421418e+00
3.040092396144631337e+01 7.388186917174220270e+00
3.045061899439206599e+01 7.331192669914804227e+00
3.050062299842226565e+01 7.338997300201294927e+00
3.055062136019501651e+01 7.307727754129412112e+00
3.060036071826926829e+01 7.250440734298734924e+00
3.065068276140530301e+01 7.233372315578844969e+00
3.070067093794826718e+01 7.212735362652667348e+00
3.075070739398880093e+01 7.207418171822411956e+00
3.080069406674522270e+01 7.148860285591227104e+00
3.085055902468600664e+01 7.153715378324753793e+00
3.090042768187009870e+01 7.111473538487969925e+00
3.095057938439754608e+01 7.101634537523182189e+00
3.100056714637308275e+01 7.093257252446287353e+00
3.105027657948960851e+01 7.062218862249889817e+00
3.110045185950545488e+01 7.056070722855777078e+00
3.115079716584278557e+01 7.040948625975527619e+00
3.120089638300272838e+01 7.050003728053114038e+00
3.125061034946996230e+01 7.016649034819632647e+00
3.130074673395984064e+01 7.007384580620110270e+00
3.135087371096646081e+01 7.004964582631892256e+00
3.140070298512654645e+01 6.978952640641101546e+00
3.145048999559004343e+01 6.950972195373412710e+00
3.150054566235555598e+01 6.939044837980406832e+00
3.155095465298380120e+01 6.929794335140092798e+00
3.160059061739232078e+01 6.933922070426465467e+00
3.165063358798569126e+01 6.884929067921497392e+00
3.170080811001844268e+01 6.881410375719673844e+00
3.175077922846383416e+01 6.869119035848290977e+00
3.180073041957039948e+01 6.794783994620877898e+00
3.185061501289119335e+01 6.849215337576437967e+00
3.190059534907069860e+01 6.830120718330125129e+00
3.195055220581018673e+01 6.791996171901883095e+00
3.200080217994445064e+01 6.766176099195544857e+00
3.205069744610977267e+01 6.772510870846282671e+00
3.210050528371473888e+01 6.741503235122094040e+00
3.215073795427445447e+01 6.738731926030806285e+00
3.220057376437510754e+01 6.684806861073907314e+00
3.225057755887306854e+01 6.689486695597209653e+00
3.230065419623123546e+01 6.687719226752154356e+00
3.235074821529837408e+01 6.660926442753981824e+00
3.240068920145048992e+01 6.649836354861090371e+00
3.245066524920769524e+01 6.643050176267446538e+00
3.250067061912027810e+01 6.626583431924377265e+00
3.255045672500492770e+01 6.626374668183542482e+00
3.260061114312246389e+01 6.596801191480388127e+00
3.265063760042713170e+01 6.587288809530954303e+00
3.270057442976514039e+01 6.559777898792584772e+00
3.275070100505863735e+01 6.525073349561372638e+00
3.280094527007205585e+01 6.518449477965385874e+00
3.285066030973816709e+01 6.524563023430883568e+00
3.290059813941013545e+01 6.501055194331013531e+00
3.295073451895240169e+01 6.474174503747917697e+00
3.300095649687233390e+01 6.447261933573041226e+00
3.305110906618631361e+01 6.435871140049226113e+00
3.310064384792069347e+01 6.433316324163844691e+00
3.315037612876064799e+01 6.442110319685597553e+00
3.320039352890535156e+01 6.425027607883112779e+00
3.325075369626339494e+01 6.382456679295946067e+00
3.330079563727023384e+01 6.395911364379412767e+00
3.335041517110537512e+01 6.369455725433986082e+00
3.340042234386024944e+01 6.360773206715085948e+00
3.345068942173323023e+01 6.361264529636849296e+00
3.350090898686119090e+01 6.351384886781322514e+00
3.355076868455447681e+01 6.333952453790081982e+00
3.360083299996632178e+01 6.297024388607468381e+00
3.365062953487561259e+01 6.275480758423809036e+00
3.370054413012797312e+01 6.265350950154986442e+00
3.375043567752315710e+01 6.249889850643048916e+00
3.380061640845230642e+01 6.246645465736561320e+00
3.385089393014911963e+01 6.221029547553093231e+00
3.390082568859970991e+01 6.200094810048206284e+00
3.395079958664522479e+01 6.191569714945522662e+00
3.400065462941210370e+01 6.184612570695778189e+00
3.405091816079112021e+01 6.164881675166625996e+00
3.410090749058920068e+01 6.134133169264424978e+00
3.415074457596266910e+01 6.140632783565441954e+00
3.420065295071830036e+01 6.093401140818801132e+00
3.425051858506616043e+01 6.122567641213053413e+00
3.430084962655262615e+01 6.081510504981993748e+00
3.435071212962177611e+01 6.116196817018553666e+00
3.440066905842098777e+01 6.081973641655886276e+00
3.445042983328236375e+01 6.036657582225723573e+00
3.450043860660466777e+01 6.035859638280564710e+00
3.455076374242391068e+01 6.059261546908242480e+00
3.460068794302640782e+01 6.014607024557998116e+00
3.465065597891599936e+01 6.014411444631102555e+00
3.470061275611706719e+01 6.033208570696212192e+00
3.475062702078484023e+01 5.994678954873342569e+00
3.480052422475197460e+01 5.972958700846477953e+00
3.485065294727289142e+01 5.962330002990091415e+00
3.490062447937064150e+01 5.917737881837432212e+00
3.495074122486598611e+01 5.930165791929979946e+00
3.500077310510111062e+01 5.899811358117332816e+00
3.505065889052637829e+01 5.906538044229263207e+00
3.510073836994573782e+01 5.897568162708665795e+00
3.515075393740908538e+01 5.876991749831629086e+00
3.520070871574944249e+01 5.875184879905094526e+00
3.525045083160344461e+01 5.816344130028063830e+00
3.530049570869167752e+01 5.824866791383391806e+00
3.535059160776241782e+01 5.812203037075066803e+00
3.540068430971665947e+01 5.815308670851693229e+00
3.545074911362522840e+01 5.767897358601083546e+00
3.550036890253176836e+01 5.782326415435998790e+00
3.555064134077936444e+01 5.769407641731794989e+00
3.560078931342755482e+01 5.770049356457243483e+00
3.565108547588086907e+01 5.732322788880094500e+00
3.570094795766028284e+01 5.707557186873281729e+00
3.575062622600737683e+01 5.714735134311934139e+00
3.580091761654597349e+01 5.714475380157523432e+00
3.585068011788996500e+01 5.708961343322036974e+00
3.590063654732295362e+01 5.664739193631778136e+00
3.595064781968525836e+01 5.679796663574657067e+00
3.600064661787772025e+01 5.652801803504283740e+00
3.605065997098245134e+01 5.633741905756288304e+00
3.610055580292227972e+01 5.638335594622942537e+00
3.615066567295489364e+01 5.625897950175588136e+00
3.620070823995840925e+01 5.636013324303163152e+00
3.625063407140827110e+01 5.629717140675886355e+00
3.630053903480800415e+01 5.611452724531552860e+00
3.635076095548847519e+01 5.594485077394082850e+00
3.640064521820000465e+01 5.584236366950648289e+00
3.645059114817902213e+01 5.560313164163350308e+00
3.650037969898852452e+01 5.556791535601943721e+00
3.655041555911058992e+01 5.541819409608335079e+00
3.660066049185408588e+01 5.547919655162714569e+00
3.665073222235510997e+01 5.526553026023424131e+00
3.670097527299056139e+01 5.537610676262888276e+00
3.675066829186678774e+01 5.503742797770851070e+00
3.680079532898415096e+01 5.485675055569162240e+00
3.685063282247625693e+01 5.500597629285956636e+00
3.690036457791557467e+01 5.476553263319293485e+00
3.695044255330601146e+01 5.444451613353235686e+00
3.700056414896440060e+01 5.453444028424807577e+00
3.705061200566700563e+01 5.450203394667528123e+00
3.710054642744190545e+01 5.425469356440111746e+00
3.715099645420669816e+01 5.411501646768217988e+00
3.720099847428265605e+01 5.400016472127786571e+00
3.725092363794612282e+01 5.399817360922043896e+00
3.730065785688235991e+01 5.385141117938901267e+00
3.735047039871516006e+01 5.387598807609860430e+00
3.740074484956132039e+01 5.372760707887736409e+00
3.745078498921309773e+01 5.348881756406850485e+00
3.750081080030444269e+01 5.335459755430640882e+00
3.755066575910367987e+01 5.332408809623609969e+00
3.760075719290531993e+01 5.311121543870864770e+00
3.765058742029950167e+01 5.288185225851160354e+00
3.770070520800517500e+01 5.287451406733874038e+00
3.775074171766122078e+01 5.277953063594140737e+00
3.780054920228933923e+01 5.273113748842484405e+00
3.785028605357963016e+01 5.248214968478521314e+00
3.790014956604337470e+01 5.234684424868474295e+00
3.795070399093049929e+01 5.212371997725369077e+00
3.800064488374761140e+01 5.221764683841161769e+00
3.805063670460460656e+01 5.185110953360946517e+00
3.810066986978391412e+01 5.180670867471250496e+00
3.815047335562729103e+01 5.186019639948713511e+00
3.820070457166085731e+01 5.159309533988883700e+00
3.825054652004534717e+01 5.158266530679416206e+00
3.830059095506936728e+01 5.142813656311849613e+00
3.835060440364230061e+01 5.155668878117352527e+00
3.840060189880973240e+01 5.126558058754326019e+00
3.845047415235990229e+01 5.116897178432862958e+00
3.850045558810032276e+01 5.110077496450544210e+00
3.855068545891874265e+01 5.111417345453617145e+00
3.860077335274264954e+01 5.093625334025658091e+00
3.865079795446190758e+01 5.094400909368014929e+00
3.870069735860561622e+01 5.088668398961470274e+00
3.875074558129854552e+01 5.091054356448044160e+00
3.880072689471128911e+01 5.066010118956969066e+00
3.885070431159810767e+01 5.056448287495782346e+00
3.890076604177426134e+01 5.042957305621635022e+00
3.895077654249089250e+01 5.051583091181216290e+00
3.900065635008523657e+01 5.029694473587796644e+00
3.905068303866070778e+01 5.012734746140142583e+00
3.910086666979864845e+01 5.003186253238943948e+00
3.915075167994284300e+01 4.987950920573752889e+00
3.920080110904684290e+01 4.978616648845917148e+00
3.925051722509476093e+01 4.963061797752809312e+00
3.930049924941769746e+01 4.954448936569294304e+00
3.935068663145851531e+01 4.947588541603051837e+00
3.940062002802714858e+01 4.923989443557842627e+00
3.945094720807892230e+01 4.923695561164313617e+00
3.950072275578882852e+01 4.915494759682306203e+00
3.955068874417335678e+01 4.881921356525650069e+00
3.960047988298316568e+01 4.883264618838657256e+00
3.965028426911310078e+01 4.859210888341269019e+00
3.970050640123277219e+01 4.864667766683929528e+00
3.975057126679874386e+01 4.855188735413193513e+00
3.980063131454883063e+01 4.842987951662213852e+00
3.985062444376308832e+01 4.850379740070544621e+00
3.990046459422952552e+01 4.828214362954775574e+00
3.995030915473805777e+01 4.829235935839859550e+00
4.000070700697658310e+01 4.822844438478120388e+00
4.005068128997515231e+01 4.829764227122275599e+00
4.010049471442144409e+01 4.821570057364214179e+00
4.015069681665188028e+01 4.803985235674857357e+00
4.020082895179550064e+01 4.821364069461854029e+00
4.025072769209087653e+01 4.788716974693672412e+00
4.030051348483454632e+01 4.797580889551960937e+00
4.035072609931964394e+01 4.772514030419577225e+00
4.040037176569849464e+01 4.758972419024382283e+00
4.045042667732217012e+01 4.754398257160687535e+00
4.050053434909590777e+01 4.728190568540210137e+00
4.055043005389622834e+01 4.727617481854744952e+00
4.060045540580550494e+01 4.708412290070783435e+00
4.065048092584816430e+01 4.707963823198197950e+00
4.070078642837128058e+01 4.692687854230978672e+00
4.075040725570445943e+01 4.689449452920326777e+00
4.080059557345823151e+01 4.689043192645526048e+00
4.085087876590859679e+01 4.668487595876130491e+00
4.090052355963207731e+01 4.655721386929664085e+00
4.095053410493387958e+01 4.642404410958178573e+00
4.100046890014794343e+01 4.617695490547709447e+00
4.105055555589980543e+01 4.625881744688851605e+00
4.110055962388238271e+01 4.622823435279372006e+00
4.115058724083828423e+01 4.601108953774923904e+00
4.120063807828946523e+01 4.590130692010294666e+00
4.125078781157126429e+01 4.590161110987979853e+00
4.130070977352312411e+01 4.596391239144058893e+00
4.135072597204173661e+01 4.587220010503623158e+00
4.140062101981526865e+01 4.577123866194201085e+00
4.145046210781828933e+01 4.558215406640603540e+00
4.150064410670492521e+01 4.553826142873845129e+00
4.155055390754394296e+01 4.541825891413621363e+00
4.160071856321656014e+01 4.538733465931939826e+00
4.165062465436843553e+01 4.529163055294394447e+00
4.170074665647079826e+01 4.522987896282609555e+00
4.175092031344095034e+01 4.506990409109713269e+00
4.180083223468388809e+01 4.498299252068745702e+00
4.185091650497393800e+01 4.485913968016803643e+00
4.190058894312653592e+01 4.469050515583362859e+00
4.195057327773436384e+01 4.455566943933312984e+00
4.200054620451269471e+01 4.456294125649801430e+00
4.205070097649376493e+01 4.446293065543310163e+00
4.210104367677791259e+01 4.441637413797396405e+00
4.215062999266064736e+01 4.447920721948265488e+00
4.220062489273367845e+01 4.436854162347906083e+00
4.225072019983769422e+01 4.423416273150118094e+00
4.230080984542261291e+01 4.409898615597925620e+00
4.235048512465247939e+01 4.424306427776525830e+00
4.240039033711827443e+01 4.399465261027475371e+00
4.245058113897258067e+01 4.370009682902609605e+00
4.250051056501101243e+01 4.379754782191037421e+00
4.255075469310492764e+01 4.373335929387331511e+00
4.260088839389085535e+01 4.355468298879777933e+00
4.265066822100642696e+01 4.347861985278243857e+00
4.270042497031288775e+01 4.341833313010608819e+00
4.275056154529104191e+01 4.352353011717947417e+00
4.280061966166783094e+01 4.331589728424780184e+00
4.285072612642605350e+01 4.329765341167849613e+00
4.290063911686539910e+01 4.307611369887627717e+00
4.295047238065683359e+01 4.295840526690781758e+00
4.300068081100387474e+01 4.308575002119901853e+00
4.305065341004009127e+01 4.286606275483676676e+00
4.310092706765931325e+01 4.293409837116623606e+00
4.315079602200330555e+01 4.278888900270425566e+00
4.320049660447120488e+01 4.278356398489410850e+00
4.325044276895134487e+01 4.276606541921240456e+00
4.330057972539024291e+01 4.257982389488831565e+00
4.335073935269073786e+01 4.265251420201632726e+00
4.340062665975187173e+01 4.258431440675690460e+00
4.345083521863485743e+01 4.246567022112171408e+00
4.350080434733149559e+01 4.224080955685402650e+00
4.355066849370164306e+01 4.215568914691974811e+00
4.360066807944897249e+01 4.213303883756390533e+00
4.365063945197720585e+01 4.197217639341655371e+00
4.370057186563911955e+01 4.199528381798975474e+00
4.375058189073340742e+01 4.184140637582458133e+00
4.380066239129499195e+01 4.190436989863085770e+00
4.385070439948531629e+01 4.162893036859053097e+00
4.390071035686884926e+01 4.185334688293537830e+00
4.395067528124658196e+01 4.154039752615561909e+00
4.400082397187517103e+01 4.150414658938746726e+00
4.405064825126752481e+01 4.138838949471133510e+00
4.410055966609562716e+01 4.125312334705983908e+00
4.415064464392477106e+01 4.132418919616804409e+00
4.420062521994253046e+01 4.126720882856698580e+00
4.425074133285379219e+01 4.117348554253660531e+00
4.430056633737652305e+01 4.106964359631080974e+00
4.435070835691129076e+01 4.118219235011109092e+00
4.440078972329759210e+01 4.106447658446205295e+00
4.445074787044538311e+01 4.082929591239278899e+00
4.450068873751220622e+01 4.090082616348837519e+00
4.455068020915655325e+01 4.070390354891194384e+00
4.460077488805040957e+01 4.067661313162492576e+00
4.465062459263209860e+01 4.071513068771681176e+00
4.470071478766311657e+01 4.046547539998735843e+00
4.475070854589100833e+01 4.059039704393410553e+00
4.480054713876269545e+01 4.026837465277118611e+00
4.485054816752502660e+01 4.028208052997232613e+00
4.490070656619563039e+01 4.026239603923469801e+00
4.495070056087058674e+01 4.016107938221792573e+00
4.500056910314840763e+01 4.004224003801254206e+00
4.505070887203213914e+01 4.002920219509769950e+00
4.510061236772134663e+01 3.993490083173384608e+00
4.515073277013259201e+01 3.978868351055660835e+00
4.520069200387877117e+01 3.964007249766136276e+00
4.525066379076972112e+01 3.965991232462620975e+00
4.530070851487537453e+01 3.959854862431615885e+00
4.535066554677655404e+01 3.945075424755597915e+00
4.540070412847448011e+01 3.938467123145744431e+00
4.545055029283572168e+01 3.930201039775744309e+00
4.550056965286096755e+01 3.923843160380934059e+00
4.555054912766672004e+01 3.902819866090501577e+00
4.560058025539878912e+01 3.921377062578424333e+00
4.565062272089560480e+01 3.911388596983917054e+00
4.570060765623707510e+01 3.893281967073792593e+00
4.575072027820378651e+01 3.893737968026861118e+00
4.580063544467018488e+01 3.884553620032662025e+00
4.585061524648342157e+01 3.885970667724877536e+00
4.590038557800846775e+01 3.878654563365346419e+00
4.595044581013677742e+01 3.874402849663870718e+00
4.600053540272723041e+01 3.870788758245081507e+00
4.605059275114101780e+01 3.854550614612342052e+00
4.610084778734601940e+01 3.861374553745270166e+00
4.615078372778435067e+01 3.848907313631081184e+00
4.620079763110578597e+01 3.826350478121424370e+00
4.625069257879680862e+01 3.838145078517151365e+00
4.630076930310873706e+01 3.815533015990333343e+00
4.635061760445957191e+01 3.809589718056567431e+00
4.640048883980021799e+01 3.796807420896881613e+00
4.645059142980773004e+01 3.801232754589033203e+00
4.650073860852782559e+01 3.786453637814481521e+00
4.655062247296019962e+01 3.781140720825205914e+00
4.660054129780100141e+01 3.789646369275016635e+00
4.665067910891992398e+01 3.768902633101851585e+00
4.670057831041176399e+01 3.768054586675968043e+00
4.675073081291679244e+01 3.752082057650789171e+00
4.680064903311568969e+01 3.751021286835909851e+00
4.685054893440595691e+01 3.748667827143642661e+00
4.690047720868597025e+01 3.733963103886616786e+00
4.695055373767551288e+01 3.731126706052430464e+00
4.700068443481134040e+01 3.726097685279830429e+00
4.705054892794714760e+01 3.723441321850794683e+00
4.710090191639649504e+01 3.714481025912426571e+00
4.715086923685525022e+01 3.703381671324381230e+00
4.720079403182356970e+01 3.696230013191862174e+00
4.725071271028107134e+01 3.695816963335933458e+00
4.730064744448333869e+01 3.679607807539012398e+00
4.735056319112582912e+01 3.676481775343463099e+00
4.740048645981774200e+01 3.672905449468263139e+00
4.745072982557754671e+01 3.667935453550685843e+00
4.750080386038112579e+01 3.666652354822044213e+00
4.755087940005583391e+01 3.647678517663589304e+00
4.760072805312179867e+01 3.651760579240141524e+00
4.765067020928979247e+01 3.637150269729772845e+00
4.770065166037148430e+01 3.635162550543975968e+00
4.775059472584882059e+01 3.620892067469239528e+00
4.780054320846981142e+01 3.614814660789043455e+00
4.785051871527539191e+01 3.610694036984539945e+00
4.790068485360295369e+01 3.592532561584916628e+00
4.795068468835729902e+01 3.596275604450857255e+00
4.800081266340075814e+01 3.576990848789230348e+00
4.805067758293061075e+01 3.584836533407791404e+00
4.810057955891159054e+01 3.569011159050041737e+00
4.815065247583424224e+01 3.568746968724005431e+00
4.820058876752798938e+01 3.560147970487759661e+00
4.825062758151098308e+01 3.554702410524972489e+00
4.830050891861813511e+01 3.535673270460669482e+00
4.835059949104871180e+01 3.528037594614599204e+00
4.840061817680124534e+01 3.523070751246958121e+00
4.845059197059676848e+01 3.514889270328486415e+00
4.850071348765496282e+01 3.514479570773394901e+00
4.855070861047948938e+01 3.505172113581569437e+00
4.860079885823664370e+01 3.512810488441222567e+00
4.865073159027676297e+01 3.503113750611325461e+00
4.870062505589664426e+01 3.494332689647067891e+00
4.875064142241748044e+01 3.488110094930916727e+00
4.880070725855863856e+01 3.483194713267335096e+00
4.885077510260894940e+01 3.480886229704713841e+00
4.890071465607211110e+01 3.476833482784068785e+00
4.895074531240822324e+01 3.470430693225251328e+00
4.900073502381767554e+01 3.466940780341548400e+00
4.905077811013303801e+01 3.457863430603198562e+00
4.910070723550170868e+01 3.448768714745110486e+00
4.915070259051960733e+01 3.459160962253080562e+00
4.920063847882943975e+01 3.434655912095037067e+00
4.925059680352623559e+01 3.430160430390521320e+00
4.930058817457437215e+01 3.419324692565679058e+00
4.935066150186425205e+01 3.408802875425912315e+00
4.940082702243974921e+01 3.401610353774132012e+00
4.945071213629248774e+01 3.411809187315817837e+00
4.950066337522281401e+01 3.396667260829916657e+00
4.955070025329212768e+01 3.386459195455149285e+00
4.960068424121411823e+01 3.377130869441351102e+00
4.965064114312914256e+01 3.375637711200005775e+00
4.970072747776619337e+01 3.381937317464207560e+00
4.975072021790703047e+01 3.355319822144179120e+00
4.980057431660738132e+01 3.350859315589353571e+00
4.985075637656007075e+01 3.360794962948637110e+00
4.990071580811433449e+01 3.348384023186994796e+00
4.995063927006449234e+01 3.344392213412066717e+00
5.000060084925996762e+01 3.344706174958421041e+00
5.005045873064565853e+01 3.328337972739489281e+00
5.010048364727365566e+01 3.323809407319313181e+00
5.015058301511334093e+01 3.323686692842375390e+00
5.020059771037254848e+01 3.325642277644230926e+00
5.025046478966564933e+01 3.321051843575981266e+00
5.030058377984222062e+01 3.305265481036009145e+00
5.035069760041683651e+01 3.303277163379887416e+00
5.040084924235802077e+01 3.290767116812796989e+00
5.045068624624399689e+01 3.289682703623025173e+00
5.050060330114866503e+01 3.289154194698293843e+00
5.055056632414860474e+01 3.280430970149253778e+00
5.060048892831081702e+01 3.274150807551539089e+00
5.065076270012374238e+01 3.265415464711075799e+00
5.070074418145034656e+01 3.261394353414442726e+00
5.075072033235919378e+01 3.251815964949933857e+00
5.080056856830650247e+01 3.248330057017672523e+00
5.085063996342848469e+01 3.242012351631867073e+00
5.090079576010987950e+01 3.229281109575046660e+00
5.095067199178613038e+01 3.220468199470518211e+00
5.100077085900777263e+01 3.219367472441997613e+00
5.105066948456282461e+01 3.205996282032650413e+00
5.110067782431391947e+01 3.204323287770829864e+00
5.115071056813979311e+01 3.197813663025280917e+00
5.120086418384877192e+01 3.196722960833632499e+00
5.125089251453216832e+01 3.193617692432510147e+00
5.130069535899511379e+01 3.187104350703536593e+00
5.135077314432863460e+01 3.169721993813851224e+00
5.140079527368695267e+01 3.173831218623821560e+00
5.145076795720253671e+01 3.164274565043590837e+00
5.150067190460001854e+01 3.164467382824221353e+00
5.155055705950405098e+01 3.162376745464280603e+00
5.160060338144170089e+01 3.150292465629951799e+00
5.165077786608629395e+01 3.150409673746224826e+00
5.170079892531500576e+01 3.134692820439961558e+00
5.175076409355646234e+01 3.129730852154243070e+00
5.180081050879348936e+01 3.127739170611198105e+00
5.185063236522091756e+01 3.125341621705601813e+00
5.190063627192509443e+01 3.114516045712729220e+00
5.195045194769984676e+01 3.108284051440908691e+00
5.200055348012200085e+01 3.098618080214214920e+00
5.205073650353721604e+01 3.106005353755976639e+00
5.210082264320564605e+01 3.090756350447883438e+00
5.215074029641194642e+01 3.088327358276564460e+00
5.220060961371469688e+01 3.073022668196776053e+00
5.225071803781900570e+01 3.068796688406167927e+00
5.230056258642265021e+01 3.067734000106277392e+00
5.235053885698353326e+01 3.064436424240748913e+00
5.240052133702501891e+01 3.054684669717171008e+00
5.245061225630747259e+01 3.050895454938689966e+00
5.250071488624668348e+01 3.050940564488602291e+00
5.255058134901026534e+01 3.042947830813254040e+00
5.260070941839639147e+01 3.031415005525766482e+00
5.265077959906204796e+01 3.040634310893959746e+00
5.270071039049599904e+01 3.027921416105369357e+00
5.275067087002464206e+01 3.018803909245749040e+00
5.280057513073043651e+01 3.019485149684009162e+00
5.285048295724897827e+01 3.014694839656729908e+00
5.290064806091204730e+01 3.015225027726349261e+00
5.295076237312280654e+01 3.006376890845181116e+00
5.300071428026349452e+01 3.004240378122890132e+00
5.305094238809233786e+01 2.994724524633008311e+00
5.310087107769089698e+01 2.994255032302244324e+00
5.315076924934483316e+01 2.983358935402115275e+00
5.320050195368721546e+01 2.980745912562029254e+00
5.325049837735429747e+01 2.981741329864687540e+00
5.330065167941499737e+01 2.979743693906681035e+00
5.335069576743354247e+01 2.968846795461786314e+00
5.340090396500927739e+01 2.967505580221350581e+00
5.345084246007032647e+01 2.964973098313836708e+00
5.350083523446005529e+01 2.953977792964344040e+00
5.355075183860127197e+01 2.946466862620824134e+00
5.360082432592102464e+01 2.944627508726003207e+00
5.365091818824257075e+01 2.926366625360873108e+00
5.370059238608737218e+01 2.920764509566118772e+00
5.375066957950130586e+01 2.917452927867051571e+00
5.380067487411135829e+01 2.916367481890585811e+00
5.385058139128504706e+01 2.911050933760095383e+00
5.390070192466438925e+01 2.900517753874249482e+00
5.395078131761895435e+01 2.889908034797291858e+00
5.400058870545096568e+01 2.891437075977075111e+00
5.405068033207550116e+01 2.887612904473628284e+00
5.410072161653349809e+01 2.880095981621368928e+00
5.415067609690787265e+01 2.884355467361304104e+00
5.420060581925445575e+01 2.878138810442580908e+00
5.425053353070867246e+01 2.856733873734038642e+00
5.430068570154838170e+01 2.857692480378343891e+00
5.435066411431858313e+01 2.850112869351720146e+00
5.440080914129376310e+01 2.849804973624397331e+00
5.445080163590567679e+01 2.839225751050958646e+00
5.450081660501099634e+01 2.845083201972947951e+00
5.455078215982349121e+01 2.830720659431404940e+00
5.460050313376459741e+01 2.837387287274574899e+00
5.465064987509153127e+01 2.823331350493526237e+00
5.470081260773268639e+01 2.821998665677969864e+00
5.475070460284505458e+01 2.816474550930132548e+00
5.480047950030435544e+01 2.804894584165674054e+00
5.485062926285060314e+01 2.807478102189781222e+00
5.490064179093323560e+01 2.795926927981020160e+00
5.495054313845735550e+01 2.793048517033569045e+00
5.500079655004624613e+01 2.784865351063918304e+00
5.505072119771764960e+01 2.782551083999222463e+00
5.510064043814401913e+01 2.771195310973353365e+00
5.515067446589753075e+01 2.760052866338681188e+00
5.520076119843602669e+01 2.762298373792614115e+00
5.525078088792644593e+01 2.749864484292639411e+00
5.530081900620841395e+01 2.758115495446877397e+00
5.535082610383302892e+01 2.750965599300520203e+00
5.540073174404310663e+01 2.750840698816354291e+00
5.545062967977569457e+01 2.742470668342761542e+00
5.550057000431460352e+01 2.740395996241989707e+00
5.555071841742697103e+01 2.728176727416588676e+00
5.560062756007631890e+01 2.720284978244524421e+00
5.565055936735502939e+01 2.720986250450879940e+00
5.570060012874240130e+01 2.713755400117154881e+00
5.575053199084554478e+01 2.712591957390363628e+00
5.580071707753494792e+01 2.706752439021926193e+00
5.585068299905342570e+01 2.699304592597998820e+00
5.590076095627701847e+01 2.695564854021157419e+00
5.595061593594395077e+01 2.689346210769605339e+00
5.600059719570929673e+01 2.684171713401640069e+00
5.605071976431674585e+01 2.676162021196779151e+00
5.610071043481956110e+01 2.673039468838073418e+00
5.615079356577659553e+01 2.665894207965428198e+00
5.620061827311953806e+01 2.658306221083607923e+00
5.625076579374169228e+01 2.652367061746593979e+00
5.630076324283498934e+01 2.647753448695194578e+00
5.635054101137028226e+01 2.645422404445379794e+00
5.640050948138840425e+01 2.639094339020316760e+00
5.645054455800144666e+01 2.633139447938229516e+00
5.650073481325052427e+01 2.638862595102728470e+00
5.655073477457435871e+01 2.633517982682391345e+00
5.660073824559485445e+01 2.622448858980016340e+00
5.665074086704029810e+01 2.610993007337371274e+00
5.670079376222318501e+01 2.609212321918049859e+00
5.675065281761889935e+01 2.608432339395277744e+00
5.680050522544234326e+01 2.599165482431053942e+00
5.685029008354570834e+01 2.594563673933055536e+00
5.690039644117692319e+01 2.593136314021097899e+00
5.695066971981956527e+01 2.587162272419983200e+00
5.700060778658993144e+01 2.588588040320004779e+00
5.705072362469287839e+01 2.582307865794990942e+00
5.710062844583793407e+01 2.571366250825852351e+00
5.715063642460044946e+01 2.565134896255940600e+00
5.720052563749149499e+01 2.559097380216728279e+00
5.725057250158966582e+01 2.560001969362079688e+00
5.730070061666543069e+01 2.555385314800305618e+00
5.735059468705980379e+01 2.550394680013453819e+00
5.740068046681047065e+01 2.553305120650143589e+00
5.745062246045310417e+01 2.547144589301284512e+00
5.750071044277198240e+01 2.543235713304484946e+00
5.755079038725750706e+01 2.539760887511129273e+00
5.760081478585422587e+01 2.534322553925535626e+00
5.765084819486575185e+01 2.524000797876392088e+00
5.770069974390386847e+01 2.520620619239472671e+00
5.775064567173122754e+01 2.507667681138024740e+00
5.780071185781467591e+01 2.511471032916753998e+00
5.785070888559319968e+01 2.498638388978293712e+00
5.790063092839579895e+01 2.500901428690121886e+00
5.795076274408464201e+01 2.490581696446124482e+00
5.800068408155547672e+01 2.481671651664555611e+00
5.805066207662181199e+01 2.480980385539186983e+00
5.810058441680767771e+01 2.480677342347575642e+00
5.815050057807743400e+01 2.476764492509741622e+00
5.820058481270466899e+01 2.474555874538979072e+00
5.825054799922251192e+01 2.462413345693904798e+00
5.830062176282278585e+01 2.461541068858243975e+00
5.835064111592163982e+01 2.456814122024360447e+00
5.840075419903320153e+01 2.457627138246766929e+00
5.845083088551552919e+01 2.442264164011636041e+00
5.850080154356264472e+01 2.440452518179270225e+00
5.855080032980847449e+01 2.442428073573553959e+00
5.860057089650905482e+01 2.437125855975259547e+00
5.865057581360016314e+01 2.430576321870327572e+00
5.870061249080675481e+01 2.424742501870302380e+00
5.875063584132967520e+01 2.419299442993971372e+00
5.880052804622530971e+01 2.417339038416793429e+00
5.885049062313584045e+01 2.411689794604269466e+00
5.890068540929838292e+01 2.410080643698673697e+00
5.895074667686701986e+01 2.406594206458821272e+00
5.900079285975216692e+01 2.398773992122880117e+00
5.905072163601161606e+01 2.394964750240442974e+00
5.910053840968517136e+01 2.396178915301493628e+00
5.915055836907099263e+01 2.383109271451466338e+00
5.920078583096847069e+01 2.384748422881175056e+00
5.925078445624479428e+01 2.377203508297258239e+00
5.930073572141976967e+01 2.376690941085330078e+00
5.935077471148129291e+01 2.369268645921724925e+00
5.940084008989509812e+01 2.361619762926265409e+00
5.945076794887749827e+01 2.362576581789080699e+00
5.950063683779239909e+01 2.354192610213508896e+00
5.955077877209936332e+01 2.343084464838033565e+00
5.960060236443837312e+01 2.342494577643865927e+00
5.965054645934751676e+01 2.341675205281925187e+00
5.970063068222594893e+01 2.331840675738624302e+00
5.975062169048680261e+01 2.326501275429200266e+00
5.980081898179457056e+01 2.326124733823433655e+00
5.985070991520160533e+01 2.323665687619802078e+00
5.990063533403414198e+01 2.319159032163649936e+00
5.995058497985625223e+01 2.317711932050937396e+00
6.000058384167378733e+01 2.305628733383812801e+00
6.005053987652184588e+01 2.305915943935655132e+00
6.010045421237759911e+01 2.305179602812539308e+00
6.015064859381300977e+01 2.300872052571889537e+00
6.020071100610303461e+01 2.291910608274289718e+00
6.025064422090846250e+01 2.281581804704384098e+00
6.030080715923693901e+01 2.279754072993155134e+00
6.035080229029196630e+01 2.278840326827433760e+00
6.040061132077143924e+01 2.275374268122958732e+00
6.045063089445540783e+01 2.267603281388375525e+00
6.050051327979302584e+01 2.265124996530765156e+00
6.055046586021543931e+01 2.258441866094005324e+00
6.060066561403655072e+01 2.257988665397740125e+00
6.065060531728364168e+01 2.254291549848796983e+00
6.070058213762547439e+01 2.247224688974504669e+00
6.075049250711255411e+01 2.242271909532628449e+00
6.080072220556943563e+01 2.237366152099153460e+00
6.085080501817724041e+01 2.235051990477947115e+00
6.090072241368302031e+01 2.224874393270069639e+00
6.095072344314405655e+01 2.224297490734035154e+00
6.100064471556180479e+01 2.219360342469000269e+00
6.105074558218583292e+01 2.214839233782042616e+00
6.110075563535039578e+01 2.204734047753907689e+00
6.115084051183571034e+01 2.206132778316501675e+00
6.120073852296442141e+01 2.196654054851226334e+00
6.125069677240534105e+01 2.198302810389192619e+00
6.130078678126051983e+01 2.197510050221585409e+00
6.135074668185310287e+01 2.191095367455909937e+00
6.140074771504353635e+01 2.182464908083775690e+00
6.145066576833651339e+01 2.182197996016741026e+00
6.150056726797252082e+01 2.185389198336036287e+00
6.155052199605525942e+01 2.176846752698256005e+00
6.160067465714389101e+01 2.170635072144275313e+00
6.165067242892764909e+01 2.168784071344604936e+00
6.170067030649844497e+01 2.162509839828310465e+00
6.175066561361092710e+01 2.158199577018444337e+00
6.180067991116586512e+01 2.154266112248942822e+00
6.185058426725945679e+01 2.148197348660609407e+00
6.190038579212198044e+01 2.145857171039652567e+00
6.195062912658430321e+01 2.142038044146959752e+00
6.200054455848771084e+01 2.134429909193161556e+00
6.205045608676216062e+01 2.130029346926170408e+00
6.210065680711953462e+01 2.130151970648567428e+00
6.215064819109176142e+01 2.123571608387466281e+00
6.220063023545002778e+01 2.115033190112377337e+00
6.225056036774524415e+01 2.115171784079257655e+00
6.230057029581633543e+01 2.107149074001770206e+00
6.235056477868997149e+01 2.105003420545044968e+00
6.240070311510407208e+01 2.104452824987183224e+00
6.245087981397324484e+01 2.098806923921879175e+00
6.250075171045033784e+01 2.093265649550930085e+00
6.255079729562886115e+01 2.088270440861362154e+00
6.260063960014294082e+01 2.083996742454783835e+00
6.265063784798040558e+01 2.079314672000307951e+00
6.270068305958778154e+01 2.075265584245062467e+00
6.275066561381144226e+01 2.075365230533032790e+00
6.280070487697192050e+01 2.071757521510654065e+00
6.285071948848923284e+01 2.071994597046342701e+00
6.290083993008494190e+01 2.062651159538663403e+00
6.295081676641085977e+01 2.054842871014597616e+00
6.300068683398932734e+01 2.048488908473069081e+00
6.305066180073792736e+01 2.046349477882477341e+00
6.310071566505131813e+01 2.041261242796934106e+00
6.315063473160932972e+01 2.038806668063917638e+00
6.320071410390065125e+01 2.034285347169341396e+00
6.325070212739828435e+01 2.033906264341077907e+00
6.330067373965293598e+01 2.027203682909338056e+00
6.335086637769684614e+01 2.024801707304428877e+00
6.340075853883547552e+01 2.023218787420432374e+00
6.345085909834993743e+01 2.018022593039129564e+00
6.350074052305416927e+01 2.017639964428495247e+00
6.355074211049213773e+01 2.010207228633811294e+00
6.360070004991064252e+01 2.004252217132221237e+00
6.365046078357857340e+01 2.000206373081921285e+00
6.370059063423332191e+01 1.996826462344124753e+00
6.375058423596151158e+01 1.992226132200459077e+00
6.380070654720426404e+01 1.989323260648318659e+00
6.385073591118687375e+01 1.980347799633388695e+00
6.390071077096509811e+01 1.980379803085102974e+00
6.395066974511460245e+01 1.980191576190026392e+00
6.400073832788034167e+01 1.975233690001932052e+00
6.405072727132748867e+01 1.967367364690122189e+00
6.410042485383993949e+01 1.961769502708162527e+00
6.415040342529097472e+01 1.962854990506067931e+00
6.420058933624704878e+01 1.960543200950186860e+00
6.425075689310219218e+01 1.957829632675438525e+00
6.430074059785791007e+01 1.953782057181422172e+00
6.435073239392266942e+01 1.949396361240856024e+00
6.440068334788421112e+01 1.947719493775731392e+00
6.445081674355536450e+01 1.940365584737176130e+00
6.450077001850063141e+01 1.940003162613326948e+00
6.455062786306609723e+01 1.932989706300131116e+00
6.460074774320564472e+01 1.929214026996335596e+00
6.465057417145177965e+01 1.922728821516188624e+00
6.470063659512929632e+01 1.923087345197446396e+00
6.475068947408398401e+01 1.917105531649292205e+00
6.480066604957306708e+01 1.918486902622198675e+00
6.485070380543818658e+01 1.912515261192412774e+00
6.490082017193319075e+01 1.911609225042604665e+00
6.495091978387250720e+01 1.899851625366433705e+00
6.500079650806792131e+01 1.901178046686647916e+00
6.505077306231818568e+01 1.894917254241438753e+00
6.510072438062935873e+01 1.890881486672873146e+00
6.515060376587864255e+01 1.885892192726687400e+00
6.520062617090036383e+01 1.885447503179174866e+00
6.525067363761262129e+01 1.872432424430825693e+00
6.530069142186557940e+01 1.877462825554868875e+00
6.535065255382559712e+01 1.868538127925716275e+00
6.540072432906758593e+01 1.865717458998765732e+00
6.545072134725472779e+01 1.865664991721450061e+00
6.550067517520525939e+01 1.864335953585505079e+00
6.555061567814142620e+01 1.850590916852133061e+00
6.560071804978089460e+01 1.853699668937686784e+00
6.565074992402898602e+01 1.851012946561934269e+00
6.570073563602359457e+01 1.846527194567681995e+00
6.575081836235639798e+01 1.839138264166547687e+00
6.580067310797147684e+01 1.835905005287275182e+00
6.585061954733382095e+01 1.838166153890913312e+00
6.590052302224263769e+01 1.832762826565942804e+00
6.595052826667320289e+01 1.827702020458834564e+00
6.600053918408119102e+01 1.824277761854303126e+00
6.605046954238856927e+01 1.820336904139813194e+00
6.610057363466796687e+01 1.816031392721226378e+00
6.615059008408327657e+01 1.812066147316128584e+00
6.620061791133673523e+01 1.812316515253355353e+00
6.625064855268836084e+01 1.807597231849768171e+00
6.630072856218191646e+01 1.799870337697623501e+00
6.635065875684698256e+01 1.798796326251842270e+00
6.640064264940966154e+01 1.790508075985081771e+00
6.645073824784918770e+01 1.790974114636613601e+00
6.650067115149393260e+01 1.786206108886366772e+00
6.655065369910670370e+01 1.777481254538074040e+00
6.660067342842303617e+01 1.778342527045269517e+00
6.665061323825229067e+01 1.774592923998181249e+00
6.670060323996554530e+01 1.768571810884399742e+00
6.675068430972328315e+01 1.768943338013203137e+00
6.680058418726099490e+01 1.762144716352444851e+00
6.685071694749524340e+01 1.757390763635234832e+00
6.690068793049118767e+01 1.757577847377832070e+00
6.695061923607941878e+01 1.750571541093188133e+00
6.700068639194881825e+01 1.750672641168522059e+00
6.705067682126600914e+01 1.747204368106901162e+00
6.710077604805209717e+01 1.743335222954186969e+00
6.715060699182339476e+01 1.740887259361592276e+00
6.720066061294389215e+01 1.738376541919297580e+00
6.725075986721213894e+01 1.734703544954374843e+00
6.730052522264658421e+01 1.726791273334005394e+00
6.735062924116799365e+01 1.724993132411272834e+00
6.740060732150529077e+01 1.723860141660404688e+00
6.745053620466653399e+01 1.720115858250585772e+00
6.750066425390348002e+01 1.714428219334198200e+00
6.755082937688051459e+01 1.709510190294666998e+00
6.760072503679658951e+01 1.709130010832733637e+00
6.765062988820275791e+01 1.705020356286682581e+00
6.770069412468146197e+01 1.702192758005202977e+00
6.775062100887190297e+01 1.701240427651018683e+00
6.780056248816653408e+01 1.691762661240617360e+00
6.785055195196578381e+01 1.686546633571121889e+00
6.790059441818515040e+01 1.688039766746950887e+00
6.795044836699864277e+01 1.682060625482412641e+00
6.800048085798178477e+01 1.679458872521699675e+00
6.805067835923897235e+01 1.670055533758912913e+00
6.810072656466435603e+01 1.673264752869266125e+00
6.815070145771700538e+01 1.671724292926270561e+00
6.820064337944950239e+01 1.669285952335609613e+00
6.825063037684658696e+01 1.662365101868713557e+00
6.830061409162452435e+01 1.661413393931544968e+00
6.835082789549002769e+01 1.654661591357586614e+00
6.840074162891980336e+01 1.655147836880875856e+00
6.845061665390170447e+01 1.648489400649781000e+00
6.850060607525895762e+01 1.647612937142795442e+00
6.855041616181789266e+01 1.640581220253300554e+00
6.860055351875693930e+01 1.641792868592426125e+00
6.865067407391181575e+01 1.636984691755068111e+00
6.870082429657925616e+01 1.637150435525146497e+00
6.875066073594551597e+01 1.629591868323258863e+00
6.880065260215600631e+01 1.625022332476648401e+00
6.885081659029681589e+01 1.621373030304246621e+00
6.890064504945875967e+01 1.618757157505060329e+00
6.895067122144425298e+01 1.614298328013012762e+00
6.900074781618619113e+01 1.614041502591840871e+00
6.905078903998277440e+01 1.611938366112672050e+00
6.910062926068043510e+01 1.610979298247954272e+00
6.915076312115429857e+01 1.607145927050800838e+00
6.920087728366590341e+01 1.600047118004275903e+00
6.925064015234329418e+01 1.596229262125679060e+00
6.930071161473770758e+01 1.592641082706372169e+00
6.935069662042847938e+01 1.588319929920238183e+00
6.940067336527617670e+01 1.585326068463318361e+00
6.945052358078594068e+01 1.581347193604654144e+00
6.950069882003045052e+01 1.577397765905779625e+00
6.955065043974518346e+01 1.574603310998382799e+00
6.960063238637687277e+01 1.571431395347330007e+00
6.965076356245934619e+01 1.565647729256845366e+00
6.970066267261935877e+01 1.561170832747295067e+00
6.975077150840287743e+01 1.562487138369785811e+00
6.980064065908266002e+01 1.558504121875016413e+00
6.985059517066410706e+01 1.554482510350568614e+00
6.990058917780882553e+01 1.553329747228037627e+00
6.995052199767907553e+01 1.547963505331903855e+00
7.000053278111315080e+01 1.543189040326559125e+00
7.005054756946375960e+01 1.541803898935487860e+00
7.010071906655107910e+01 1.536079247073100840e+00
7.015073724783538012e+01 1.534786715265295420e+00
7.020076257112617668e+01 1.531239648305596113e+00
7.025071380996972437e+01 1.525852694461985015e+00
7.030079663510109356e+01 1.525080317835967092e+00
7.035073212561979972e+01 1.520224488850513644e+00
7.040052429241477228e+01 1.516410501651979548e+00
7.045058297496383659e+01 1.513110868049192703e+00
7.050059401138639714e+01 1.510921467145285968e+00
7.055066771787184621e+01 1.506992771239943352e+00
7.060067847038419586e+01 1.502752089072805886e+00
7.065080545095293019e+01 1.497902433629430874e+00
7.070079978376851670e+01 1.498829204513126845e+00
7.075070557410046490e+01 1.493814499475847990e+00
7.080069760468173001e+01 1.491103740958805712e+00
7.085076568503940564e+01 1.489694162767740027e+00
7.090068528896773614e+01 1.485978364361333570e+00
7.095067439269951137e+01 1.483501595476193868e+00
7.100072450262976531e+01 1.475520201619454408e+00
7.105057251719182432e+01 1.472201350372257966e+00
7.110068585668089725e+01 1.471206228110153225e+00
7.115074285288213218e+01 1.469357739210138236e+00
7.120076272882748469e+01 1.466805707035996775e+00
7.125077295257317189e+01 1.462165045197591828e+00
7.130061307931975989e+01 1.459998423363028541e+00
7.135057697783859965e+01 1.454790625747965471e+00
7.140051818309896703e+01 1.453249044534862922e+00
7.145058945612221635e+01 1.448983005424301140e+00
7.150064250041292269e+01 1.444663801361882660e+00
7.155074281030603345e+01 1.447159314812078268e+00
7.160077175329789156e+01 1.444312390694645565e+00
7.165072107790369671e+01 1.437484534787955903e+00
7.170061197859612889e+01 1.439373871607422917e+00
7.175068484188005868e+01 1.433279863889305838e+00
7.180069797357522532e+01 1.428720691571913282e+00
7.185052908346605705e+01 1.428792688884197526e+00
7.190049244058428712e+01 1.423543189744153503e+00
7.195053709001591358e+01 1.422395966378376952e+00
7.200073012147062457e+01 1.417220734587803621e+00
7.205075630080007443e+01 1.414448304820316915e+00
7.210071330313708415e+01 1.408927183522782567e+00
7.215064984114650315e+01 1.410967397387547839e+00
7.220059128500021473e+01 1.404944526020870610e+00
7.225074277424388924e+01 1.402473225163194614e+00
7.230070284600866160e+01 1.400252237694487922e+00
7.235076160584758043e+01 1.396946601789206488e+00
7.240070180179232295e+01 1.393230345726859332e+00
7.245056331583070630e+01 1.390249126926782486e+00
7.250071177019162860e+01 1.389697688463165326e+00
7.255074361448450304e+01 1.385605126342887461e+00
7.260075840165679040e+01 1.381218155122073021e+00
7.265067087776864696e+01 1.378381444436052261e+00
7.270069141245362232e+01 1.375425645229318317e+00
7.275062612949844265e+01 1.374942343381200471e+00
7.280060566645578035e+01 1.369602260625079948e+00
7.285083494007679406e+01 1.369107804171453502e+00
7.290074926781362308e+01 1.363398697297058648e+00
7.295071018587948686e+01 1.360525575169334367e+00
7.300075757484900407e+01 1.358362670509331460e+00
7.305066473261940985e+01 1.357570990699402014e+00
7.310065101246341612e+01 1.353396393101946593e+00
7.315065952968613772e+01 1.348367443144742106e+00
7.320053081975895282e+01 1.345674945122081301e+00
7.325048511196247603e+01 1.343220953656230288e+00
7.330055218649900439e+01 1.339331244445698399e+00
7.335057734944857089e+01 1.339835055736998237e+00
7.340073750616149084e+01 1.336811387671256846e+00
7.345066119334092036e+01 1.333282664524602534e+00
7.350069271235936696e+01 1.331643603311857271e+00
7.355065125487764988e+01 1.327399519344012901e+00
7.360067355715841586e+01 1.322371013701952203e+00
7.365065198231539512e+01 1.320255624761216939e+00
7.370058815992244661e+01 1.317138851807044597e+00
7.375074490261759763e+01 1.312507764452912173e+00
7.380071985283433378e+01 1.310867134082744245e+00
7.385058263397081646e+01 1.308115078809597209e+00
7.390056078789331195e+01 1.304908894370367722e+00
7.395068617524700016e+01 1.303124689750391862e+00
7.400068845601435896e+01 1.300638581159442086e+00
7.405069234902053665e+01 1.296018841507045272e+00
7.410075148925902511e+01 1.295051486754287051e+00
7.415065451124954166e+01 1.290727894724130520e+00
7.420056880557223167e+01 1.287105151152625027e+00
7.425046977775809864e+01 1.286869900092576957e+00
7.430067703812518687e+01 1.280631194432918285e+00
7.435078812041055585e+01 1.279648185872378052e+00
7.440072909355558295e+01 1.278289007729181082e+00
7.445069986529563266e+01 1.276032385107368494e+00
7.450061340117312625e+01 1.275189336227587011e+00
7.455057097008574374e+01 1.270112467545436497e+00
7.460055163076238216e+01 1.265606607538097172e+00
7.465072268894796537e+01 1.264008026261612239e+00
7.470068041522551994e+01 1.261533473250019188e+00
7.475074307693199671e+01 1.258498826874100862e+00
7.480074283832119875e+01 1.257882511804871539e+00
7.485075224222836709e+01 1.255452656651281362e+00
7.490079641521823817e+01 1.250933598694234261e+00
7.495062089049905296e+01 1.247657511480527059e+00
7.500065700575025573e+01 1.246495399333366949e+00
7.505060954964648090e+01 1.242672288293130922e+00
7.510068713387616413e+01 1.240699178417407733e+00
7.515072625551053420e+01 1.237011973995099545e+00
7.520069140860303492e+01 1.233205956587019925e+00
7.525086333528427929e+01 1.229816729035540623e+00
7.530082937888276717e+01 1.227572401816128256e+00
7.535074694540101348e+01 1.223937966930253252e+00
7.540074504067418104e+01 1.222324181430396894e+00
7.545074662538237931e+01 1.220941923531187800e+00
7.550056337259302097e+01 1.220523523869521787e+00
7.555052049369368206e+01 1.214162430029344097e+00
7.560065310698057317e+01 1.213453864456009779e+00
7.565075416816121390e+01 1.210848257909006076e+00
7.570071701664222985e+01 1.207994401480863011e+00
7.575061222851250875e+01 1.204576064064178942e+00
7.580065553187749572e+01 1.201959545225745885e+00
7.585058469350046551e+01 1.202096659206384865e+00
7.590066946690396321e+01 1.196992647355347605e+00
7.595068836056216810e+01 1.196909203296703472e+00
7.600060267883431209e+01 1.191926837192816668e+00
7.605067801604742783e+01 1.188801474554936233e+00
7.610063384076626392e+01 1.186641411493288611e+00
7.615078978067847970e+01 1.182422977157902455e+00
7.620064171822374988e+01 1.182098718055549558e+00
7.625054711672333951e+01 1.178719679370801465e+00
7.630061089920927486e+01 1.175789919188440003e+00
7.635063093560049197e+01 1.173771753028628462e+00
7.640070055742589261e+01 1.170616046465094318e+00
7.645076656619778532e+01 1.169176504315871945e+00
7.650077950005926652e+01 1.164380819063741024e+00
7.655064655604263635e+01 1.163235290946591283e+00
7.660067666767272954e+01 1.160506543672837898e+00
7.665071231411040742e+01 1.156227712355866410e+00
7.670071940767236640e+01 1.154225516376037541e+00
7.675062818207145199e+01 1.149584915301377075e+00
7.680054458200679335e+01 1.148759443199774299e+00
7.685066700412623675e+01 1.145862979548645022e+00
7.690075471397413764e+01 1.143334155558616727e+00
7.695071244317165338e+01 1.141814615093783569e+00
7.700064457769639148e+01 1.139916230377661988e+00
7.705070218816516103e+01 1.136506106180310560e+00
7.710061276796189134e+01 1.132943892363375893e+00
7.715066621205893682e+01 1.132507732730587913e+00
7.720073160652232502e+01 1.127751931830210719e+00
7.725066506753948659e+01 1.129603070324515901e+00
7.730053675289693160e+01 1.125800805338949662e+00
7.735056956870909062e+01 1.122565682400661125e+00
7.740076694830369775e+01 1.121132900192800319e+00
7.745065508889175021e+01 1.117487276510513272e+00
7.750075270658241777e+01 1.114857922354222319e+00
7.755075245463144995e+01 1.112813779990603713e+00
7.760063065984935804e+01 1.110212744380971506e+00
7.765070321575937839e+01 1.109050200847290224e+00
7.770058184131811174e+01 1.104303856637488312e+00
7.775045631228616116e+01 1.100864117570800271e+00
7.780052299955025319e+01 1.100363042743047304e+00
7.785061811322584902e+01 1.095903811052071797e+00
7.790069755814592156e+01 1.093350804149739286e+00
7.795066993509645670e+01 1.090887957364680139e+00
7.800070320426156911e+01 1.088870172036193296e+00
7.805076988395472881e+01 1.087317082269843027e+00
7.810068407994884865e+01 1.085881059935321913e+00
7.815063458329811397e+01 1.082636228022781033e+00
7.820071803115827436e+01 1.079308870686865873e+00
7.825068518292077613e+01 1.076900722686225054e+00
7.830071889907812022e+01 1.073515575554560897e+00
7.835056505199914056e+01 1.072411979404726656e+00
7.840063876811422006e+01 1.067141882391861696e+00
7.845076724820752645e+01 1.068362206976295248e+00
7.850062601688682662e+01 1.068268688191707172e+00
7.855066047661884454e+01 1.063670937055521737e+00
7.860066278381508198e+01 1.062681706877631083e+00
7.865070105683354029e+01 1.058884160416200926e+00
7.870060604587553144e+01 1.055572864930159671e+00
7.875065355180748838e+01 1.054563673239139243e+00
7.880076615489335268e+01 1.051839390129466922e+00
7.885061970150083255e+01 1.048633918142934496e+00
7.890069512598000756e+01 1.048069501882412213e+00
7.895064125650461051e+01 1.042501675092891489e+00
7.900061784463736103e+01 1.040667421100546219e+00
7.905068260470351049e+01 1.037834327484494779e+00
7.910073358004940758e+01 1.035498859559432994e+00
7.915067984073604634e+01 1.034192264178271481e+00
7.920060072632530535e+01 1.031326954673822627e+00
7.925070991771819706e+01 1.029160841303033314e+00
7.930076053603696096e+01 1.027490183131053891e+00
7.935075064956362212e+01 1.024310014285771508e+00
7.940072547750777687e+01 1.023017961972792822e+00
7.945072593113725645e+01 1.020621665909922982e+00
7.950062416114546693e+01 1.018680029642762497e+00
7.955061268565088994e+01 1.015855089224231955e+00
7.960060482791865866e+01 1.012148943926781230e+00
7.965063779017333445e+01 1.011521329737744113e+00
7.970067764707702906e+01 1.008837227029131478e+00
7.975065797923312516e+01 1.005284657056211950e+00
7.980064729418937475e+01 1.002215294996384731e+00
7.985057682223765596e+01 1.001070380579761609e+00
7.990072276115488137e+01 9.972795952657459440e-01
7.995070094938157013e+01 9.964928903972114504e-01
8.000052005949608258e+01 9.927042967774911686e-01
8.005064756019791616e+01 9.932532909341637017e-01
8.010064291399586978e+01 9.910024715575896925e-01
8.015065323523694474e+01 9.875868314128671832e-01
8.020069045907618488e+01 9.880858014107773979e-01
8.025074546367891060e+01 9.855181922667012318e-01
8.030068054365692376e+01 9.821926128471625272e-01
8.035062933392651985e+01 9.814332104187247774e-01
8.040062023743929842e+01 9.770446868095994386e-01
8.045058262634873358e+01 9.776862441474833965e-01
8.050060482323091549e+01 9.729994073255919806e-01
8.055065814041469707e+01 9.718965026769692539e-01
8.060061381781277134e+01 9.707940934676777545e-01
8.065049163168612267e+01 9.664848861929992152e-01
8.070067864682820868e+01 9.633988760261564810e-01
8.075072719419868861e+01 9.608727231657779866e-01
8.080069560119804351e+01 9.581600081825876192e-01
8.085072720008511737e+01 9.539159927561875474e-01
8.090059918459566290e+01 9.542995460747678571e-01
8.095069797226732078e+01 9.521668761273277548e-01
8.100072628747037129e+01 9.503807699134850795e-01
8.105066596491020903e+01 9.489707989690970846e-01
8.110053491390247871e+01 9.455738809731900618e-01
8.115064581461599857e+01 9.431922821158496006e-01
8.120071780755598922e+01 9.415884339710944850e-01
8.125056913049471063e+01 9.386976248658959188e-01
8.130062388841243148e+01 9.376727470455200608e-01
8.135060192578023930e+01 9.340537291527941655e-01
8.140059573350035294e+01 9.314858193607957748e-01
8.145064012854679447e+01 9.292441576428513983e-01
8.150073120039212426e+01 9.295309274087761864e-01
8.155075503725153396e+01 9.253301512726815892e-01
8.160059776271727117e+01 9.236731181485529074e-01
8.165051497760852328e+01 9.209202830940080853e-01
8.170062372795770500e+01 9.181390036786063469e-01
8.175068324348895032e+01 9.164045939156972853e-01
8.180065868057219802e+01 9.162697890767973474e-01
8.185060801216476989e+01 9.140177206725258463e-01
8.190060720797325189e+01 9.112261247399608965e-01
8.195073278306765019e+01 9.095435167729506443e-01
8.200068153483279332e+01 9.069787956733940115e-01
8.205065042937812336e+01 9.060852219218389347e-01
8.210065865687079167e+01 9.023121383219826486e-01
8.215069729564295642e+01 9.010251496916520386e-01
8.220080441105518787e+01 8.971935166562410302e-01
8.225072343998640179e+01 8.973434564341236097e-01
8.230069607718056091e+01 8.950022077595263248e-01
8.235055660277505751e+01 8.922114426746957649e-01
8.240063280819842362e+01 8.894584041658796236e-01
8.245071308585386305e+01 8.881226487447081430e-01
8.250065070222582619e+01 8.865300459046870918e-01
8.255080999539379150e+01 8.841853428768953194e-01
8.260060794064355605e+01 8.830614898227086007e-01
8.265058351342750598e+01 8.793391899228015784e-01
8.270070238389254769e+01 8.776717214111191545e-01
8.275059535776185271e+01 8.768693640860445448e-01
8.280068193384541075e+01 8.732113376223827883e-01
8.285065930747785501e+01 8.719686724668516131e-01
8.290056246277856644e+01 8.697862982625305106e-01
8.295061443318822114e+01 8.693085450757074284e-01
8.300069792099935739e+01 8.665573249843157022e-01
8.305058996061495691e+01 8.634161361876084850e-01
8.310064085671682221e+01 8.629540239738520135e-01
8.315062839157525332e+01 8.593998974990877393e-01
8.320060878384710179e+01 8.605115241716873031e-01
8.325063442827286053e+01 8.583583809648950291e-01
8.330056709054171904e+01 8.553360534050169495e-01
8.335053931775884450e+01 8.531690812480131614e-01
8.340053635319384284e+01 8.497587470502813156e-01
8.345063121432903586e+01 8.497371721618626195e-01
8.350055041619420138e+01 8.485605466409578135e-01
8.355057364268577658e+01 8.454174920711486907e-01
8.360054898998552630e+01 8.429438906685413624e-01
8.365051669125759304e+01 8.406278932370752077e-01
8.370058038604668127e+01 8.384587397387983643e-01
8.375051134911305439e+01 8.382641291292372010e-01
8.380059453927552227e+01 8.358772627424633228e-01
8.385050780487192412e+01 8.330438816791698731e-01
8.390061381005928354e+01 8.322792781798121764e-01
8.395070682904152193e+01 8.293595482618099091e-01
8.400061587044575617e+01 8.286641728501509263e-01
8.405066926691544893e+01 8.271453541199482729e-01
8.410062548643203684e+01 8.262499085973754598e-01
8.415073495725221164e+01 8.235539573117095502e-01
8.420083725162690769e+01 8.207515566459113732e-01
8.425076531496900145e+01 8.189752413459904234e-01
8.430060680776267645e+01 8.160767708775479301e-01
8.435055764847578530e+01 8.143792480298734926e-01
8.440061002678389457e+01 8.149012705998418538e-01
8.445077491139556969e+01 8.110385001665049165e-01
8.450078817497008288e+01 8.098992114123693131e-01
8.455074589247141148e+01 8.055241037505421753e-01
8.460073437873982982e+01 8.048331910259741706e-01
8.465066113206482612e+01 8.039239997356129042e-01
8.470071557061724832e+01 8.013851502767966872e-01
8.475065115121917358e+01 7.995287484785552623e-01
8.480063418980859069e+01 7.983314060739838958e-01
8.485066460852381454e+01 7.965831457048867525e-01
8.490062758450689273e+01 7.941650082409875688e-01
8.495075405742173302e+01 7.929795275315640879e-01
8.500058128620887032e+01 7.897837257593355309e-01
8.505052608964408023e+01 7.879604450234615198e-01
8.510053595481066679e+01 7.862361760739439154e-01
8.515058491547064534e+01 7.842202885370412879e-01
8.520072267622893492e+01 7.817640761814322881e-01
8.525065297660262331e+01 7.803940888842486601e-01
8.530061146004418049e+01 7.786850979596775524e-01
8.535060342914304954e+01 7.768404497216453430e-01
8.540066745759193623e+01 7.749031191704633947e-01
8.545060895460365202e+01 7.738501026293402862e-01
8.550057032255175216e+01 7.724525288896476605e-01
8.555068495657442895e+01 7.710929364953487131e-01
8.560067515382100112e+01 7.680968426186067788e-01
8.565063647086222431e+01 7.673346589881981927e-01
8.570064579552558826e+01 7.647708872673898428e-01
8.575057251211694620e+01 7.636087077819644353e-01
8.580052390842315901e+01 7.610381045704566194e-01
8.585064788181922779e+01 7.600630883095382817e-01
8.590060852984082373e+01 7.584130896639920127e-01
8.595061963450514497e+01 7.568558873108908180e-01
8.600070284410818999e+01 7.552958927915696119e-01
8.605072317602213161e+01 7.538185247586516313e-01
8.610074865953444601e+01 7.519386829695069441e-01
8.615063984349956172e+01 7.508063757778140612e-01
8.620071096469301608e+01 7.480343031189291558e-01
8.625059084022993261e+01 7.464709316774414960e-01
8.630065609635799717e+01 7.436785322185626157e-01
8.635072959374187462e+01 7.430238178289145790e-01
8.640061506888987708e+01 7.408728597253942949e-01
8.645069549907235285e+01 7.390060458206904048e-01
8.650064856629455790e+01 7.365287807483738014e-01
8.655065267582149602e+01 7.346028222439280331e-01
8.660062065985762558e+01 7.336244306816142036e-01
8.665063139598194653e+01 7.319940990889645116e-01
8.670069926104542901e+01 7.298868720334898974e-01
8.675061813732774851e+01 7.285966444513849449e-01
8.680063599026416910e+01 7.275757320499409708e-01
8.685062341554782961e+01 7.262505333144455566e-01
8.690066534610711813e+01 7.238633681016087840e-01
8.695065890316050172e+01 7.235975147054758416e-01
8.700068258669440979e+01 7.210468193835386508e-01
8.705068789434881182e+01 7.198038608452923537e-01
8.710073430022170271e+01 7.170433620137596220e-01
8.715073625712081196e+01 7.157700147409097324e-01
8.720071944953542697e+01 7.145594235819906492e-01
8.725065874059880855e+01 7.134810294623580296e-01
8.730065385491546692e+01 7.128923306957418715e-01
8.735071773693692876e+01 7.107291503372059616e-01
8.740067291151538598e+01 7.092941549058806583e-01
8.745069089587315148e+01 7.068782829610743557e-01
8.750059524727170412e+01 7.050326870312484395e-01
8.755063393985311393e+01 7.021912937611689554e-01
8.760072521610700846e+01 7.027262918201492292e-01
8.765070461050113693e+01 6.996756425445090910e-01
8.770071890489063549e+01 6.968382328152917804e-01
8.775064728536050040e+01 6.957308553465920697e-01
8.780066340967854899e+01 6.947683206740239426e-01
8.785061758882334004e+01 6.933979811539465743e-01
8.790069966232417187e+01 6.913165305444562980e-01
8.795081255270730480e+01 6.899713542923371357e-01
8.800065892052096217e+01 6.871858045204062293e-01
8.805068046215481559e+01 6.857402098799109114e-01
8.810074622042790793e+01 6.848773581985355685e-01
8.815068777402876776e+01 6.817476564827946728e-01
8.820056999239014317e+01 6.821058805855669815e-01
8.825063293195866265e+01 6.803833197750618345e-01
8.830068724278304160e+01 6.772937582302672732e-01
8.835073110258727525e+01 6.775686338032373968e-01
8.840079703231447183e+01 6.753608577925163114e-01
8.845083020292958054e+01 6.741782196433283580e-01
8.850076563709151856e+01 6.723472441263294019e-01
8.855063553538322196e+01 6.714144121253187159e-01
8.860062705552091700e+01 6.683775309831236910e-01
8.865051892067423012e+01 6.682820971288568890e-01
8.870061903020686600e+01 6.671421287268430866e-01
8.875074341963603786e+01 6.656683351605023891e-01
8.880069649634492635e+01 6.641470556393148650e-01
8.885071344892412526e+01 6.626894162210873462e-01
8.890062388383235259e+01 6.610349834579586359e-01
8.895060466980305591e+01 6.599720267013120534e-01
8.900051192815253387e+01 6.583526951302673957e-01
8.905066102494254210e+01 6.565204952266829874e-01
8.910075018557721194e+01 6.550758446357103360e-01
8.915065987269676384e+01 6.549487351346374719e-01
8.920074459493167751e+01 6.530219929572378401e-01
8.925074341970011460e+01 6.505811559593179805e-01
8.930067606158073090e+01 6.494679942479422152e-01
8.935064465320694183e+01 6.465348173177623003e-01
8.940064087878988630e+01 6.469257359906005478e-01
8.945064319424200505e+01 6.442868540346661232e-01
8.950064421180226759e+01 6.442628564853054574e-01
8.955057753817223443e+01 6.424685485999908074e-01
8.960058054534367500e+01 6.406289821091798453e-01
8.965061121043279968e+01 6.392157642309194143e-01
8.970060486906020003e+01 6.375525049947837752e-01
8.975065684933389321e+01 6.378124210438764763e-01
8.980064097263824863e+01 6.349506761553593837e-01
8.985074011343861855e+01 6.343028258531339114e-01
8.990072914643546653e+01 6.334896126999794985e-01
8.995069471840930930e+01 6.320875834731238818e-01
9.000061567245546712e+01 6.298470476563524656e-01
9.005060451355357998e+01 6.284034571629497634e-01
9.010066164734236338e+01 6.265292116436707026e-01
9.015058063102021890e+01 6.253898121836081181e-01
9.020066981206871048e+01 6.247880293735992296e-01
9.025061891167177919e+01 6.235702765093289468e-01
9.030058063625472187e+01 6.222384906793738679e-01
9.035069862056877810e+01 6.200880769269373483e-01
9.040063721053816437e+01 6.196234434754581688e-01
9.045068187473133037e+01 6.189700581534135493e-01
9.050070412097294081e+01 6.160241941274433586e-01
9.055071582655412499e+01 6.142210117060714625e-01
9.060074590370700776e+01 6.139181580457445664e-01
9.065071954180082514e+01 6.133634366140915395e-01
9.070070414937342207e+01 6.103651557480954670e-01
9.075071652356483298e+01 6.094854957977406951e-01
9.080073853391084526e+01 6.082778691793798709e-01
9.085071662263727887e+01 6.062811630639007854e-01
9.090070285251101723e+01 6.047000327323230895e-01
9.095065177011029789e+01 6.042747269412839239e-01
9.100073488155234713e+01 6.024573747133754598e-01
9.105069866664597100e+01 6.001055888803480398e-01
9.110067736133585470e+01 5.991396340017038913e-01
9.115066164323077658e+01 5.975010856236898649e-01
9.120067497178406768e+01 5.965027660478762206e-01
9.125068141284850753e+01 5.961190123131586693e-01
9.130062622558105545e+01 5.939219907365210771e-01
9.135066117588171153e+01 5.933431676537512800e-01
9.140065141538008220e+01 5.927650990420939570e-01
9.145068138473658337e+01 5.911039303489348251e-01
9.150069039643479130e+01 5.900296759377777756e-01
9.155071593148433351e+01 5.890239232294107730e-01
9.160080367935793788e+01 5.873832077064244928e-01
9.165061737073069992e+01 5.854963388931968549e-01
9.170060817655109986e+01 5.835091499706533957e-01
9.175058865088804794e+01 5.831916010350823854e-01
9.180049265407282633e+01 5.819314129314669959e-01
9.185058971654700599e+01 5.807474482285731598e-01
9.190068301485227664e+01 5.794388893873796409e-01
9.195060490867638237e+01 5.774167105160585844e-01
9.200056221650915234e+01 5.766777947305662400e-01
9.205061548325311094e+01 5.748803594146398854e-01
9.210076346697475458e+01 5.741948798583924596e-01
9.215078845474795344e+01 5.712023558069529994e-01
9.220060419601414026e+01 5.709537764206165100e-01
9.225059746084708934e+01 5.705098111898097013e-01
9.230067734231083421e+01 5.688078784291881185e-01
9.235073177795210597e+01 5.670416536183311429e-01
9.240064045690999706e+01 5.668401965719445101e-01
9.245063157109922258e+01 5.647618450550292435e-01
9.250078057204220272e+01 5.636344574852525380e-01
9.255072433387988440e+01 5.623063214751707894e-01
9.260073057984830314e+01 5.612479277252486742e-01
9.265065869044863689e+01 5.598424480279660109e-01
9.270063560508695844e+01 5.590350846598919343e-01
9.275067620960689396e+01 5.593119429373885065e-01
9.280063727441186927e+01 5.572364332905389572e-01
9.285065446184212590e+01 5.569689014020355877e-01
9.290065078317546465e+01 5.551120557821147550e-01
9.295073425389733757e+01 5.529741634071185796e-01
9.300067900763730222e+01 5.525990103526832176e-01
9.305066207492778574e+01 5.507703636827897542e-01
9.310064897906700310e+01 5.491827594463412066e-01
9.315062622189709884e+01 5.489096490297413755e-01
9.320059985716629569e+01 5.465336185756690668e-01
9.325071190903473450e+01 5.463413374402509293e-01
9.330073508132683457e+01 5.449319524687264993e-01
9.335066973357385223e+01 5.436536684250635743e-01
9.340068252241590585e+01 5.422012455368926398e-01
9.345057102658101655e+01 5.403414420821263109e-01
9.350065641105707925e+01 5.399896439012287219e-01
9.355067747282180335e+01 5.390191903248311434e-01
9.360058086835567792e+01 5.369947337326399506e-01
9.365060040510233819e+01 5.375431716082659239e-01
9.370058214130268937e+01 5.358822921825154850e-01
9.375071349954021116e+01 5.354010438205379918e-01
9.380064575722563802e+01 5.333269003102253381e-01
9.385065603128978751e+01 5.314341711363576026e-01
9.390066055478293094e+01 5.311000770443632391e-01
9.395067012729866462e+01 5.298888803115296975e-01
9.400073547639510707e+01 5.289193951491579782e-01
9.405064106370717525e+01 5.283148462271494150e-01
9.410066747113194197e+01 5.268327885603375504e-01
9.415062831545455424e+01 5.267457001616449030e-01
9.420064524406151918e+01 5.240449806705339553e-01
9.425063592468441698e+01 5.237079023134890710e-01
9.430071603443974482e+01 5.232397556658923143e-01
9.435084978846010983e+01 5.214837540054840792e-01
9.440072589518690904e+01 5.201404692298732257e-01
9.445063572665263507e+01 5.195044136160391623e-01
9.450060037327034479e+01 5.182643318862577564e-01
9.455061099756481724e+01 5.171898013406820427e-01
9.460066160523612666e+01 5.165561431814833515e-01
9.465070343930108265e+01 5.153334753197515994e-01
9.470070340329958469e+01 5.141436678319957210e-01
9.475076856330568376e+01 5.127231340359083012e-01
9.480071786998738048e+01 5.125692245443670414e-01
9.485059575869554749e+01 5.102578631304592882e-01
9.490062200472793563e+01 5.097482120541848571e-01
9.495059153222072723e+01 5.085277667367983367e-01
9.500060916233462649e+01 5.077447229703611065e-01
9.505058405688886580e+01 5.068585403426882907e-01
9.510062103402634648e+01 5.049921130804960745e-01
9.515070626581375279e+01 5.046830779995196137e-01
9.520074820467674215e+01 5.033269283280253914e-01
9.525077257252138452e+01 5.024574072641324607e-01
9.530060977714117598e+01 5.009484009193823084e-01
9.535056604075973041e+01 4.995203572808409875e-01
9.540054222256354421e+01 4.992844235157558597e-01
9.545053721567489902e+01 4.982912911852402926e-01
9.550066559135430566e+01 4.969799698623413864e-01
9.555070107743208041e+01 4.967524374317657254e-01
9.560068189569460628e+01 4.949357340960305329e-01
9.565062150426840049e+01 4.945228752557844776e-01
9.570068484578779078e+01 4.928325340702250368e-01
9.575065983295563399e+01 4.920767710071063950e-01
9.580068015784988233e+01 4.910018675805278288e-01
9.585070548727827600e+01 4.899094013873591669e-01
9.590067278065059497e+01 4.896440198545889966e-01
9.595068562266027357e+01 4.888243483270126588e-01
9.600067075531137561e+01 4.877213513504234932e-01
9.605064480354532463e+01 4.867617175851324252e-01
9.610060831827868810e+01 4.852730313384924776e-01
9.615071146236661548e+01 4.850173995382789927e-01
9.620073364420061068e+01 4.832908016680211305e-01
9.625071630024669389e+01 4.824580404063678052e-01
9.630073274647288883e+01 4.808649895584624079e-01
9.635076816718918735e+01 4.796094334489559574e-01
9.640074103949068274e+01 4.795913341418504561e-01
9.645064409383613224e+01 4.778873760798081349e-01
9.650066663688329527e+01 4.772178721528558265e-01
