1.256637126207351685e-01 2.030297851562500000e+03
1.936915606260299627e-01 1.008813574218750091e+03
2.513274252414703369e-01 9.712153320312500000e+02
2.944022864103317261e-01 4.868410644531250000e+02
3.554306328296661377e-01 4.205498453776041288e+02
3.955082564781873811e-01 3.683913511618589496e+02
4.615716010332107655e-01 3.330969970703125114e+02
5.164058804512023926e-01 2.151669198495370381e+02
5.455598746027264800e-01 1.899010532924106940e+02
5.891914814710617065e-01 2.128587036132812500e+02
6.408908295987257864e-01 2.037264896222014841e+02
6.941244165102641306e-01 1.586815863715277715e+02
7.549341718355814246e-01 1.147879891610360374e+02
8.082685545086860657e-01 1.322647603352864394e+02
8.458872155139320892e-01 1.354769479851973699e+02
9.033976386463831165e-01 9.680588624338624015e+01
9.538741086920102807e-01 9.300453694661457860e+01
1.002606617948396561e+00 1.000810813695355250e+02
1.050080132484435991e+00 8.266257812500001023e+01
1.095276718554289541e+00 8.723190705672554657e+01
1.148735394760898254e+00 9.017216038812784973e+01
1.197364068031311124e+00 7.484729817708333144e+01
1.253252735099639192e+00 6.708255678965862501e+01
1.301195175307137575e+00 7.031824776785714448e+01
1.350340962409973145e+00 6.877404978918650613e+01
1.397053004916669616e+00 5.665406013257575779e+01
1.446786667240990587e+00 6.502996419270833428e+01
1.501695110947299794e+00 6.268132663487737943e+01
1.550154135684774337e+00 5.840838068181818699e+01
1.601738236568592155e+00 6.327068349041005035e+01
1.647772800055960385e+00 5.424020500469924855e+01
1.697513295382988119e+00 5.226589097433943465e+01
1.749398548968667422e+00 5.267841775782937930e+01
1.801815896144401075e+00 5.022404535375412848e+01
1.854311002948419773e+00 4.766093035442073500e+01
1.903488172029776715e+00 4.875009393138474678e+01
1.952342433013101397e+00 4.297821327290925097e+01
1.999453311039106396e+00 4.259667473032994423e+01
2.048669610900440308e+00 4.463990660919539977e+01
2.101181018737054540e+00 4.201738123739919928e+01
2.154098840860219966e+00 4.141659022857624706e+01
2.199303392983653183e+00 4.077462674942484711e+01
2.248528172677023207e+00 4.042810672514620052e+01
2.303006410598754883e+00 3.974906233621593543e+01
2.353418758259483656e+00 3.813265216884328623e+01
2.402637737900463311e+00 3.773556795350172166e+01
2.448554739992842677e+00 3.708453942975427964e+01
2.499090067645225233e+00 3.727990709900731758e+01
2.549658622302062305e+00 3.673664325687056476e+01
2.600952340680148911e+00 3.353451936141303946e+01
2.651313533667959632e+00 3.387737537683031519e+01
2.702490112360786068e+00 3.345762803819444287e+01
2.752956631759745587e+00 3.408814246060171627e+01
2.797749358087681770e+00 3.342261453276699257e+01
2.849414770365116478e+00 3.331362355625931571e+01
2.901561026847945257e+00 3.165919322118891444e+01
2.949750350581274994e+00 3.098315731095678771e+01
2.998665080524131721e+00 3.190438339687726810e+01
3.049010105637519175e+00 3.222875423095088365e+01
3.100398808880581836e+00 3.065241312329234802e+01
3.150818746732328979e+00 3.098552168098251869e+01
3.200939400679145841e+00 2.941702410130718803e+01
3.249633022646403635e+00 3.131065686129223380e+01
3.300127326483013768e+00 2.940979705459769988e+01
3.348483428887441438e+00 3.044561493424940934e+01
3.399607315620657211e+00 2.784411882172665642e+01
3.448719927469889424e+00 2.810930555555555443e+01
3.499342967069685173e+00 2.766419959527928540e+01
3.551474963231986415e+00 2.779314248839198598e+01
3.598900760213533889e+00 2.769297892252604143e+01
3.651035188841221135e+00 2.690791329535446863e+01
3.700662589665808522e+00 2.686578334130019030e+01
3.751511811793449613e+00 2.620302260812582062e+01
3.801618192488687153e+00 2.668771758497807056e+01
3.851254485091384794e+00 2.631722171290391188e+01
3.901226825121409281e+00 2.672395439954682672e+01
3.948670251141286780e+00 2.666146316780115555e+01
4.001451143603901528e+00 2.626730786783497607e+01
4.052280480987929145e+00 2.539153463298286439e+01
4.102052814176515128e+00 2.575192520221971293e+01
4.151093749575814229e+00 2.480108759266484597e+01
4.200442130105537686e+00 2.512376908316464252e+01
4.251136814637041184e+00 2.541304159745293489e+01
4.299210999832778768e+00 2.456471994535518988e+01
4.350458908696328564e+00 2.455441532258064541e+01
4.400665589089600260e+00 2.501152074941255421e+01
4.450478535124709367e+00 2.463071025372439493e+01
4.500022132996065238e+00 2.406251536381514100e+01
4.550446791199227903e+00 2.385331099025028934e+01
4.600092420408226523e+00 2.439066816298342388e+01
4.650210011078793393e+00 2.344680354001759071e+01
4.700629595459484555e+00 2.369569458674863327e+01
4.749898185810824458e+00 2.309710868907054149e+01
4.799578612586753223e+00 2.317308500989445719e+01
4.849740758713929623e+00 2.305495754622186411e+01
4.899993706213586542e+00 2.292882366855906895e+01
4.949341788918080631e+00 2.250590672348484844e+01
4.999815610851473302e+00 2.259477901214833651e+01
5.049952627308602615e+00 2.280025027553269723e+01
5.099298258856230781e+00 2.246724303002450895e+01
5.150254496972274332e+00 2.274381441009239779e+01
5.199142517336761138e+00 2.244912897220919490e+01
5.249453250256330250e+00 2.249106727188081933e+01
5.300164924855151227e+00 2.205090418272318686e+01
5.351194235644229025e+00 2.237410946491810648e+01
5.400960675954554979e+00 2.197960444352159470e+01
5.450257125402332647e+00 2.201212633034223742e+01
5.500682865381752329e+00 2.193125100546975403e+01
5.549218122000597830e+00 2.169414298355194859e+01
5.600000335002996543e+00 2.149954834928460912e+01
5.649736614175454363e+00 2.074227733639974858e+01
5.699883098365530643e+00 2.128807417168674831e+01
5.750283329191223203e+00 2.149927819293478137e+01
5.800844330747943367e+00 2.082813330675172736e+01
5.851527811214188191e+00 2.113855982845894488e+01
5.901139501297178569e+00 2.070223705316223572e+01
5.952051273107690221e+00 2.069904505049219168e+01
6.002043196207571540e+00 2.050552674672489317e+01
6.051370665339476318e+00 2.023626058671230510e+01
6.100040307612490942e+00 2.081953499059507351e+01
6.151338437490640132e+00 2.016636778652138773e+01
6.201845191216835751e+00 2.000509844210009902e+01
6.251546338561632332e+00 2.005575807342829009e+01
6.301411320163105678e+00 2.017738527187244557e+01
6.351121094491746888e+00 1.988204371675531945e+01
6.402993818717075847e+00 2.002422578162008548e+01
6.451004855903611279e+00 1.958193304818435720e+01
6.500587485631307061e+00 1.941313091856060780e+01
6.550027029602877526e+00 1.942518638079029003e+01
6.600096165964067119e+00 1.941342815170940028e+01
6.651203611202781474e+00 1.932171988660676121e+01
6.700403804908146022e+00 1.917496827411167715e+01
6.751129568914272738e+00 1.927340322525363092e+01
6.801152226429867831e+00 1.904946951763414020e+01
6.850567314012454112e+00 1.938872950819672170e+01
6.899983763743045451e+00 1.927949912245173181e+01
6.950432818525864143e+00 1.895081591564301604e+01
7.000477802606276612e+00 1.896097524154589209e+01
7.050299486470248844e+00 1.922751255113425373e+01
7.100577605904697442e+00 1.902935946568256398e+01
7.150282711587289342e+00 1.884943040532139591e+01
7.201425401940038995e+00 1.847401415424044657e+01
7.251291360812208708e+00 1.854248461706646722e+01
7.301384627104277492e+00 1.844827504657119377e+01
7.350121157509939884e+00 1.813463845359572346e+01
7.400243896042705494e+00 1.819283342302027862e+01
7.450219004942361778e+00 1.859174886572478869e+01
7.499767164549090204e+00 1.820736811606344929e+01
7.551036194214812980e+00 1.807858550842849255e+01
7.600875332768869619e+00 1.800551732158493934e+01
7.650993174920037276e+00 1.774883134266886131e+01
7.700625888088293181e+00 1.802580670426064913e+01
7.751154263814290069e+00 1.791766547995780456e+01
7.801801090622451973e+00 1.780664201484192333e+01
7.851364051006665790e+00 1.786968416020536310e+01
7.900769558997057018e+00 1.766648394649694609e+01
7.950365025915012041e+00 1.769282024293457312e+01
8.001249973326832077e+00 1.769139610794887219e+01
8.050346754310522712e+00 1.774146768955795039e+01
8.100376043699483830e+00 1.746788722575589858e+01
8.150963831689653105e+00 1.756284396096272360e+01
8.200066242110258585e+00 1.730501412429378405e+01
8.249809700602813933e+00 1.731993268511592987e+01
8.300552262369116363e+00 1.734622067286409930e+01
8.351090274807287273e+00 1.735314365243342394e+01
8.400210126764326546e+00 1.735700731595793300e+01
8.450394926559216202e+00 1.705215357019363864e+01
8.500459425828198690e+00 1.701837485750613865e+01
8.550917286194149369e+00 1.686293667056986578e+01
8.600510843254964399e+00 1.709841336770196918e+01
8.651023792021119263e+00 1.689643040858318557e+01
8.701256476197366752e+00 1.717185416319386704e+01
8.749915613828461503e+00 1.671484241589822517e+01
8.800112521877306193e+00 1.671034687073190383e+01
8.849632071888843043e+00 1.663270930161447936e+01
8.900357776251059505e+00 1.674210643091207018e+01
8.950608837287235886e+00 1.661718502455639879e+01
9.000569819962127127e+00 1.663874246987951722e+01
9.051041288617525993e+00 1.672453581871345207e+01
9.100140618044129326e+00 1.626979999048706205e+01
9.150794710576331426e+00 1.636645154414551229e+01
9.200358087057745493e+00 1.636039905842230269e+01
9.250378436494685275e+00 1.642192032016956560e+01
9.300396476966747983e+00 1.626453258138518976e+01
9.350845697771076104e+00 1.592178792501410634e+01
9.401427877347279249e+00 1.609340488992685891e+01
9.450856317468241841e+00 1.589738453975340171e+01
9.501285360508264333e+00 1.627678586814171524e+01
9.551415626509362156e+00 1.616471558768070338e+01
9.601472418873740367e+00 1.603516734880259875e+01
9.650873339522149763e+00 1.576387824915468983e+01
9.700105298531504161e+00 1.577580287720356544e+01
9.749807236595939841e+00 1.588312437624750473e+01
9.800617716807657587e+00 1.589207783140698638e+01
9.850939668539123062e+00 1.593829948929961127e+01
9.900672862260712748e+00 1.551730287961518684e+01
9.951023643831279131e+00 1.570979186564788321e+01
1.000061390381357818e+01 1.581182359732344622e+01
1.005121303910567399e+01 1.569085582942097012e+01
1.010050487470579128e+01 1.569685212556306375e+01
1.015040394560108972e+01 1.539264416574449790e+01
1.020064233832726863e+01 1.550621545924190592e+01
1.025078872432590593e+01 1.546319489935683578e+01
1.030144077410513148e+01 1.540968227575049276e+01
1.035026615037620701e+01 1.514502210731414955e+01
1.040053707544599071e+01 1.523446716689798741e+01
1.045062977445541463e+01 1.497279476629837447e+01
1.050056916228905557e+01 1.530726125042940566e+01
1.055045547200590939e+01 1.528734388458225624e+01
1.060065943225193585e+01 1.499564607891290180e+01
1.065092618802826330e+01 1.501621310490790684e+01
1.069994190739775242e+01 1.496462162350320391e+01
1.075051342579590496e+01 1.480495404216995148e+01
1.080116309617008952e+01 1.487638387731671230e+01
1.085092532135009691e+01 1.482138166666666734e+01
1.090057119699959287e+01 1.468074250976986583e+01
1.095056114183856977e+01 1.481538546714605786e+01
1.100044795380789964e+01 1.462201515508749949e+01
1.105059621997271790e+01 1.484967936323794646e+01
1.110083536315899444e+01 1.470645733844746950e+01
1.115081901025334687e+01 1.445912652905198748e+01
1.120129035153903629e+01 1.451858095416979744e+01
1.125116374248475992e+01 1.455404186437326963e+01
1.130128079566052257e+01 1.472173667799016528e+01
1.135044509838974847e+01 1.450301775616651945e+01
1.140071777468021708e+01 1.462498939548186883e+01
1.145113705378753899e+01 1.443955515182040550e+01
1.150054064506493923e+01 1.447322765700483060e+01
1.155054572698180770e+01 1.424392786608290074e+01
1.160060598127213360e+01 1.440439499679134627e+01
1.165085593945590148e+01 1.445101013706453408e+01
1.170069293131600929e+01 1.441016854893908317e+01
1.175142896112726554e+01 1.434858992204899764e+01
1.180137066716670269e+01 1.410859859788735626e+01
1.185030839024950744e+01 1.409487022039298942e+01
1.190112650803973615e+01 1.421457639813582041e+01
1.195087750005856186e+01 1.424976548889980776e+01
1.200028886778134840e+01 1.394791943705673809e+01
1.205087280971257790e+01 1.407977387598866414e+01
1.210120573097985641e+01 1.410053653342070845e+01
1.215069798464289086e+01 1.393090887568870606e+01
1.220084588704311912e+01 1.400969891125805411e+01
1.225095075397515565e+01 1.381989306784660698e+01
1.230055747642593111e+01 1.397160428062587556e+01
1.235044509892075659e+01 1.397161304543963212e+01
1.240025358236334618e+01 1.390284034551165426e+01
1.245059963946805226e+01 1.385171680455854393e+01
1.250021218005843338e+01 1.383185285633024542e+01
1.255088259279081875e+01 1.372651107563753747e+01
1.260128860653785665e+01 1.387933814191602622e+01
1.265098919510728237e+01 1.376131810897435948e+01
1.270151919945489816e+01 1.350585197766584677e+01
1.275059048606717838e+01 1.361800810955323193e+01
1.280015324543435007e+01 1.368344697413086664e+01
1.285005587414941175e+01 1.351590199720881103e+01
1.290055459179237118e+01 1.362628970499471848e+01
1.295101831716038809e+01 1.353272239062909144e+01
1.300061854953515450e+01 1.360603992191036582e+01
1.305073094795649524e+01 1.370628263099011868e+01
1.310051576040570609e+01 1.356898208587177379e+01
1.315089754552600176e+01 1.335434860711916727e+01
1.320081412118408615e+01 1.335635627183976482e+01
1.325056877988023629e+01 1.335145646344133041e+01
1.329997547558646787e+01 1.326511254745977197e+01
1.334989268379465521e+01 1.324388144058885430e+01
1.340063178882596162e+01 1.333885924796748057e+01
1.345111248053373743e+01 1.313843915901979287e+01
1.350104577716931509e+01 1.329189408134497619e+01
1.355110471056903876e+01 1.324463521636697472e+01
1.360103386653534407e+01 1.309509676266340072e+01
1.365064521999293667e+01 1.321781249999999908e+01
1.370108558817629785e+01 1.320963159067648363e+01
1.375063751069574458e+01 1.305672280566939847e+01
1.380020275550391951e+01 1.299530236907730796e+01
1.385010291988493947e+01 1.302968615364220817e+01
1.389993945742187975e+01 1.306733285820126333e+01
1.395077535055353124e+01 1.290265854727207895e+01
1.400033540187661885e+01 1.282705644248188470e+01
1.405076036390690319e+01 1.292533748455176479e+01
1.410091255677794386e+01 1.300584776249209362e+01
1.415099424006951345e+01 1.276195236439499148e+01
1.420090845382453182e+01 1.284703163938046266e+01
1.425058535625662692e+01 1.280293495576589891e+01
1.430068992108075854e+01 1.270345281086827427e+01
1.435081631969962146e+01 1.281517696460707967e+01
1.440116277072030648e+01 1.277224402350702803e+01
1.445095548372230709e+01 1.265779789630712138e+01
1.450106060960858834e+01 1.281842806394316092e+01
1.455087147615679299e+01 1.266559540177207666e+01
1.460089164482430135e+01 1.260522844715282531e+01
1.465096435834932009e+01 1.261492512435574831e+01
1.470042432961008316e+01 1.254101177879669571e+01
1.474998265362896355e+01 1.275574224006787283e+01
1.479989122439800120e+01 1.255826353650098071e+01
1.485068890065675262e+01 1.267881668479321888e+01
1.490091461135759410e+01 1.255808455040091687e+01
1.495142624477786164e+01 1.261726521357519104e+01
1.500125581199326774e+01 1.266895855893081091e+01
1.505058992571524001e+01 1.241814110390703974e+01
1.510096182188420677e+01 1.244143062312745585e+01
1.515041653809440625e+01 1.253252117463501492e+01
1.520050358450064110e+01 1.257587640265377971e+01
1.525026187279651246e+01 1.244993333378569034e+01
1.530061285776438496e+01 1.246520933896487016e+01
1.535093523531647719e+01 1.255265227242436410e+01
1.540080134614941620e+01 1.251047520605865948e+01
1.545125002511655588e+01 1.238666861620095538e+01
1.550055590549435180e+01 1.239329920744221170e+01
1.554990690009351617e+01 1.235427280805687289e+01
1.560029939283501221e+01 1.230479758549775227e+01
1.565051554421477675e+01 1.230842454738807845e+01
1.570055893919154144e+01 1.227483259643726932e+01
1.575055944300927990e+01 1.233188385179564861e+01
1.580089161127091657e+01 1.219331614369650119e+01
1.585074981409009887e+01 1.224260130472964470e+01
1.590132026779191321e+01 1.218485463545249026e+01
1.595119615174483307e+01 1.211646406523892949e+01
1.600061799840658239e+01 1.220777000024592951e+01
1.605077212836705058e+01 1.218184277753389999e+01
1.610103563786684688e+01 1.216130450608070035e+01
1.615061123591991432e+01 1.204979800553210190e+01
1.620065196690424969e+01 1.217397275373873455e+01
1.625089452027982517e+01 1.208479767118771697e+01
1.630118119518434128e+01 1.197366389548693455e+01
1.635146405608891840e+01 1.207030491845960896e+01
1.640076947667969520e+01 1.195707248573466330e+01
1.645087400555846102e+01 1.202466742186592263e+01
1.650098843068070664e+01 1.193704348125689130e+01
1.655106400710294778e+01 1.192283382496399824e+01
1.660084850266487777e+01 1.186569064244192617e+01
1.665053292522144801e+01 1.195842920952896549e+01
1.670094208154347726e+01 1.187614941546455150e+01
1.675068958911364447e+01 1.186068046476224680e+01
1.680052177009391556e+01 1.184475827080490973e+01
1.685039801592866127e+01 1.185841597796143354e+01
1.690071147848142274e+01 1.184167819955186474e+01
1.695034504331302116e+01 1.177350302362382806e+01
1.700024952897776132e+01 1.178724251630112718e+01
1.705080262949346803e+01 1.174156516174588560e+01
1.710038038467472177e+01 1.175267700694399409e+01
1.715073677186147094e+01 1.164366231406355645e+01
1.720103001431176537e+01 1.171448823971646469e+01
1.725093874646400494e+01 1.169612872146698912e+01
1.730026876303448802e+01 1.170498887881143624e+01
1.735069699187642200e+01 1.152535373754660419e+01
1.740111744736490706e+01 1.161962228819604626e+01
1.745083602976958304e+01 1.153216355912696045e+01
1.750079017405409587e+01 1.162234527320389965e+01
1.755058064951854391e+01 1.154503531775623593e+01
1.760098984156358171e+01 1.153847156231831761e+01
1.765084796114107490e+01 1.146385418379089316e+01
1.770084590768282951e+01 1.140701094047977371e+01
1.775113545986024732e+01 1.147001473038923969e+01
1.780111750417361804e+01 1.148501916226384800e+01
1.785112557577493675e+01 1.147705730988308126e+01
1.790043071854657697e+01 1.147530073844687948e+01
1.795093294930180150e+01 1.142276549098968985e+01
1.800117591338927880e+01 1.139059330876043319e+01
1.805102955138067244e+01 1.145608454876045990e+01
1.810081125040843375e+01 1.133580944106574151e+01
1.815070355316448669e+01 1.130483874832279056e+01
1.820082603023814727e+01 1.140364299898798883e+01
1.825104242422729328e+01 1.131008001342882707e+01
1.830110038363673652e+01 1.130022616628972365e+01
1.835056608576439530e+01 1.128872371180771950e+01
1.840052225601024816e+01 1.135970975546690198e+01
1.845054397902244503e+01 1.113000587682181575e+01
1.850066401639472602e+01 1.124666713539209617e+01
1.855077375907742265e+01 1.116224624582869751e+01
1.860040149003351218e+01 1.115662200327500742e+01
1.865036571685475764e+01 1.119566435360190049e+01
1.870055233191315480e+01 1.110811040041978082e+01
1.875038082358441471e+01 1.123803656130060169e+01
1.880030100158329631e+01 1.120947689498200184e+01
1.885065092426605204e+01 1.114587152459517227e+01
1.890032953550104367e+01 1.114972478070175299e+01
1.895058111422453706e+01 1.106711655873374411e+01
1.900068398728053864e+01 1.108481427800410835e+01
1.905038713710101916e+01 1.107345678200813310e+01
1.910077607978132974e+01 1.104734624419182865e+01
1.915069731442681800e+01 1.105717349137931116e+01
1.920059048440732141e+01 1.105404139405268715e+01
1.925035227553674133e+01 1.107313185411884682e+01
1.930047157178797690e+01 1.102014374662070928e+01
1.935052191971805868e+01 1.101141783065460622e+01
1.940062364124835170e+01 1.093094502143092761e+01
1.945076194647657530e+01 1.104660536457267561e+01
1.950064015704267106e+01 1.087013098089047425e+01
1.955103246253348104e+01 1.097631654086801056e+01
1.960103224732800342e+01 1.089776269565073896e+01
1.965096451560197721e+01 1.087766375741573910e+01
1.970039326907732402e+01 1.090475072616185948e+01
1.975045869793262909e+01 1.088100018161431493e+01
1.980112994754063038e+01 1.089356926305970319e+01
1.985113240949997149e+01 1.088043190249072723e+01
1.990129882447748955e+01 1.087474523651530944e+01
1.995102839468674816e+01 1.090140892094017211e+01
2.000083692040861649e+01 1.080161666169755286e+01
2.005054571725930401e+01 1.077759773662551446e+01
2.010084313615223905e+01 1.085422489557615400e+01
2.015039891387192839e+01 1.076544271818640297e+01
2.020032978626047537e+01 1.072689791781831659e+01
2.025088372940374271e+01 1.076991188533998667e+01
2.030029183479597066e+01 1.069355797509542505e+01
2.035052695173413539e+01 1.063402127309938905e+01
2.040075823535785560e+01 1.063427302531259500e+01
2.045089601889413444e+01 1.067659944863435584e+01
2.050073645873280981e+01 1.057339163971514928e+01
2.055053498245830212e+01 1.065360167915997280e+01
2.060058405558038430e+01 1.067531089468372052e+01
2.065032429254589985e+01 1.062503016938739719e+01
2.070047025335771806e+01 1.057774312817448426e+01
2.075044015714700407e+01 1.067767112609672964e+01
2.080056166383511851e+01 1.059241476521892267e+01
2.085052640866095430e+01 1.053280592090984058e+01
2.090093885348607117e+01 1.060267563725210138e+01
2.095072566472917686e+01 1.052212591240875916e+01
2.100045951270690026e+01 1.044938528971562874e+01
2.105041555584098489e+01 1.058950401770367833e+01
2.110036039795015128e+01 1.050820408264486261e+01
2.115060440588723267e+01 1.041347315319089439e+01
2.120099297639964320e+01 1.050220739543087589e+01
2.125110208021147429e+01 1.048317033801747122e+01
2.130047153211643263e+01 1.044862597617843569e+01
2.135095211249340252e+01 1.049251269726719471e+01
2.140153998728464302e+01 1.042875116082158904e+01
2.145140411864241869e+01 1.040823813190167080e+01
2.150109067953851039e+01 1.033917063409922044e+01
2.155071421888607830e+01 1.039679568441889579e+01
2.160095248613489716e+01 1.041378325126493820e+01
2.165078368034290790e+01 1.041262274683884925e+01
2.170103250420297769e+01 1.037949892025913812e+01
2.175113749075196878e+01 1.037085172153976487e+01
2.180066400185297226e+01 1.028890285759897871e+01
2.185095183544095931e+01 1.030095726292733715e+01
2.190070081606517505e+01 1.027469099041871736e+01
2.195052143564337399e+01 1.026443758234519166e+01
2.200016785070007685e+01 1.023904333592422411e+01
2.205017752243192319e+01 1.031259572811285352e+01
2.210016093160606587e+01 1.027732798479683396e+01
2.215052494156026341e+01 1.021748520877298816e+01
2.220099768268121565e+01 1.030203710035352138e+01
2.225093828405544372e+01 1.024746504607562869e+01
2.230088287983462081e+01 1.023548344425744538e+01
2.235050207682091994e+01 1.018822317362580954e+01
2.240027092684176679e+01 1.020110686688839507e+01
2.245050285997742989e+01 1.019060679339707143e+01
2.250092599038523389e+01 1.012868465912625737e+01
2.255080398875536929e+01 1.015179817348184699e+01
2.260054706545379233e+01 1.008781370385607978e+01
2.265063038163662057e+01 1.016968043897320761e+01
2.270025254152363914e+01 1.014747199770493502e+01
2.275050358802700146e+01 1.009780169772555247e+01
2.280034136030533887e+01 1.008592983392208708e+01
2.285072882878251832e+01 1.004002808151389736e+01
2.290066141892027929e+01 1.008664769266379224e+01
2.295053262466946720e+01 1.005780083012225923e+01
2.300116596624015131e+01 1.006945036279488193e+01
2.305075049811972576e+01 1.009647797069207442e+01
2.310085238957240961e+01 1.006820299991819390e+01
2.315075103044907934e+01 1.002822727326940466e+01
2.320056411088655324e+01 9.983668624357177279e+00
2.325069316575375922e+01 9.927984954718084509e+00
2.330102321943878252e+01 9.989720573746074805e+00
2.335094979495398704e+01 9.874569813176007571e+00
2.340077491351943451e+01 9.943050744815719710e+00
2.345090180360846333e+01 9.943372008172795873e+00
2.350069764984864307e+01 9.859118683801241900e+00
2.355079805083223476e+01 9.881133404032111045e+00
2.360089425887846915e+01 9.809329940268510128e+00
2.365111588592037251e+01 9.811146389997519535e+00
2.370079117479742337e+01 9.860458778105837041e+00
2.375070238000955669e+01 9.751159541771443173e+00
2.380072099427258792e+01 9.815384369510594453e+00
2.385044315484774557e+01 9.815145760016243059e+00
2.390062030528307702e+01 9.783595809065174009e+00
2.395079098070538137e+01 9.801608317461020903e+00
2.400087914898061214e+01 9.780495387909734717e+00
2.405047136728556012e+01 9.707600633271978197e+00
2.410094161555001691e+01 9.723682412884144810e+00
2.415096374291990955e+01 9.684684864246676739e+00
2.420035762630187293e+01 9.657055906830956715e+00
2.425062718572708675e+01 9.705762948015760117e+00
2.430056200939818467e+01 9.610406611969111168e+00
2.435074088185508856e+01 9.629984963042971913e+00
2.440058288212754434e+01 9.613883240151523069e+00
2.445050734240095736e+01 9.654103313227778926e+00
2.450068293811746400e+01 9.613851694780647605e+00
2.455072252521220122e+01 9.607933119472683359e+00
2.460081802631937720e+01 9.563928639522073283e+00
2.465048464938207218e+01 9.608413528808183557e+00
2.470070557930939970e+01 9.545653006560140597e+00
2.475098408547652795e+01 9.559332824529484185e+00
2.480073664568702796e+01 9.577642779050394850e+00
2.485031139239437081e+01 9.493588119369370304e+00
2.490072463844199291e+01 9.564963407273275209e+00
2.495100174296157647e+01 9.537059319203205376e+00
2.500090082264989988e+01 9.519946184751240992e+00
2.505070236710282572e+01 9.516984009149094703e+00
2.510076910204727341e+01 9.482943774073181231e+00
2.515074714444360993e+01 9.487167960717044934e+00
2.520042346985152193e+01 9.557146213748657360e+00
2.525087251929459242e+01 9.464557375920700011e+00
2.530067364950122766e+01 9.452069147453508791e+00
2.535041708261922722e+01 9.496212568370518525e+00
2.540064572517422192e+01 9.441505072400090626e+00
2.545058671133012140e+01 9.392034861138085944e+00
2.550091448992870014e+01 9.360150707068745746e+00
2.555093562505498284e+01 9.362895619744270093e+00
2.560076420353996340e+01 9.342980011012134156e+00
2.565050233917104450e+01 9.427713935384527844e+00
2.570088089215357030e+01 9.334605931800911804e+00
2.575089593395361831e+01 9.368467427415859916e+00
2.580055172488612314e+01 9.294848815461346447e+00
2.585065705518562851e+01 9.314999524353121174e+00
2.590040009142965260e+01 9.296194034786060101e+00
2.595045451330076602e+01 9.220293490209229503e+00
2.600041449295903817e+01 9.308443958009696928e+00
2.605043175508030728e+01 9.234793377158917238e+00
2.610049216203561073e+01 9.263384811890384540e+00
2.615052744885751324e+01 9.211982294924666803e+00
2.620081245176917406e+01 9.230274483550115150e+00
2.625064376793082488e+01 9.225456037388763519e+00
2.630053287468589573e+01 9.164126125883178986e+00
2.635101688869864489e+01 9.188440720484541302e+00
2.640098937474011720e+01 9.192383899575894191e+00
2.645040677875825708e+01 9.155854173432933507e+00
2.650060382162935113e+01 9.157596234253189138e+00
2.655045256895379424e+01 9.202147839783979322e+00
2.660025631369433086e+01 9.140606058580241111e+00
2.665085337050840764e+01 9.090321295979356009e+00
2.670089682513944851e+01 9.083440984800056128e+00
2.675085862322766772e+01 9.140573932906466581e+00
2.680077379233840063e+01 9.052811718424344178e+00
2.685114965594502934e+01 9.089710001051912514e+00
2.690100378496506650e+01 9.059701877563208328e+00
2.695034706866618635e+01 9.056061177914326521e+00
2.700052841649375068e+01 9.103520747721038475e+00
2.705072101866625545e+01 8.997931350193477229e+00
2.710069443800647093e+01 9.006331477750222803e+00
2.715078986062405875e+01 9.030188437379822020e+00
2.720089493456375251e+01 8.963415490559935250e+00
2.725057769076351022e+01 9.001305833009036306e+00
2.730033549125748493e+01 8.952342171717171837e+00
2.735052912710215978e+01 8.992500295015087630e+00
2.740061522037846942e+01 8.980782401532787063e+00
2.745070084770054564e+01 8.966040643480003069e+00
2.750096527171193372e+01 8.982369120272345242e+00
2.755103462783471358e+01 8.993741951398993351e+00
2.760049968995508962e+01 8.950596346825076211e+00
2.765053177889601344e+01 8.955234646653130071e+00
2.770036622615669586e+01 8.907328904093740007e+00
2.775054988188822946e+01 8.932379318205873275e+00
2.780062562883384203e+01 8.929694433487821215e+00
2.785044576349854850e+01 8.913392973034364175e+00
2.790070893961808807e+01 8.927564461542207397e+00
2.795038926939105650e+01 8.872208060949034802e+00
2.800057880835900548e+01 8.902549062031715366e+00
2.805066800443194808e+01 8.835601825191156777e+00
2.810107801910153924e+01 8.840154771122030297e+00
2.815115147865971323e+01 8.862065755066021566e+00
2.820044725741460923e+01 8.836189837865440211e+00
2.825040259489045624e+01 8.839060553399830766e+00
2.830043012984087625e+01 8.789663762847830242e+00
2.835059611158580495e+01 8.805011362206705883e+00
2.840043375018342431e+01 8.736801530028786900e+00
2.845045081296103717e+01 8.773671562031150728e+00
2.850041934162237567e+01 8.762673541386126530e+00
2.855035665006607104e+01 8.756387518386858915e+00
2.860065628427968321e+01 8.720329072298643069e+00
2.865062202782436529e+01 8.732208243719309593e+00
2.870086574409789293e+01 8.704238904562553003e+00
2.875095097308470926e+01 8.731223670858829777e+00
2.880071965891575303e+01 8.684324616481518433e+00
2.885023923582780014e+01 8.633746258285224684e+00
2.890050167422365490e+01 8.649140248788635077e+00
2.895070215097079469e+01 8.691353622555734404e+00
2.900065347826904372e+01 8.627273789070741827e+00
2.905081112941260457e+01 8.681919999702573776e+00
2.910056439627211589e+01 8.555968855523396144e+00
2.915042575030595273e+01 8.581513676316005146e+00
2.920043042605855632e+01 8.616892960717111194e+00
2.925076636279083431e+01 8.623575719908846082e+00
2.930084321682425852e+01 8.569047933496218405e+00
2.935070565647483676e+01 8.626851627449253712e+00
2.940088173014940054e+01 8.594742132387878542e+00
2.945065901268334230e+01 8.562387092074592587e+00
2.950069929838434035e+01 8.579431008869663700e+00
2.955051767266316176e+01 8.542737481790707577e+00
2.960069847837196377e+01 8.559884746707048464e+00
2.965080039456267258e+01 8.524901450218798971e+00
2.970062591625485382e+01 8.514001006380883751e+00
2.975060950619111466e+01 8.473771952516454320e+00
2.980050069104065713e+01 8.492390995849149249e+00
2.985055554323798788e+01 8.463606934001671078e+00
2.990066955052829911e+01 8.449732889029936800e+00
2.995082529205978972e+01 8.435631083620858561e+00
3.000070388283209866e+01 8.411014020537125546e+00
3.005093720211255359e+01 8.428497507228689400e+00
3.010063232593409666e+01 8.399584114006700020e+00
3.015060885573432614e+01 8.437225972817872233e+00
3.020077941803320698e+01 8.374820184075641549e+00
3.025042159237726480e+01 8.418991245109193500e+00
3.030049283039372909e+01 8.337057167931655854e+00
3.035065172418487123e+01 8.392615272796435377e+00
3.040092396144631337e+01 8.331734971267334089e+00
3.045061899439206599e+01 8.326459110209858849e+00
3.050062299842226565e+01 8.331636608454381587e+00
3.055062136019501651e+01 8.306504884688758139e+00
3.060036071826926829e+01 8.324011339427769940e+00
3.065068276140530301e+01 8.261615203410361374e+00
3.070067093794826718e+01 8.305545418630812193e+00
3.075070739398880093e+01 8.280678024055674769e+00
3.080069406674522270e+01 8.257220952191630658e+00
3.085055902468600664e+01 8.264253371675247095e+00
3.090042768187009870e+01 8.270468106757943971e+00
3.095057938439754608e+01 8.285400830655904159e+00
3.100056714637308275e+01 8.239785251808125821e+00
3.105027657948960851e+01 8.246391586716836031e+00
3.110045185950545488e+01 8.242655368143719130e+00
3.115079716584278557e+01 8.202531337115230414e+00
3.120089638300272838e+01 8.179735113721829265e+00
3.125061034946996230e+01 8.180823570514327514e+00
3.130074673395984064e+01 8.187202022902464904e+00
3.135087371096646081e+01 8.221843354225478961e+00
3.140070298512654645e+01 8.165754555753979460e+00
3.145048999559004343e+01 8.181915716218828294e+00
3.150054566235555598e+01 8.135164688520472254e+00
3.155095465298380120e+01 8.147048145576835765e+00
3.160059061739232078e+01 8.123912271354997827e+00
3.165063358798569126e+01 8.128673098938074659e+00
3.170080811001844268e+01 8.105432300972800874e+00
3.175077922846383416e+01 8.085726758188824803e+00
3.180073041957039948e+01 8.089197552001294866e+00
3.185061501289119335e+01 8.079944309247473200e+00
3.190059534907069860e+01 8.025720385700671144e+00
3.195055220581018673e+01 8.028700750872536318e+00
3.200080217994445064e+01 8.036951942148251149e+00
3.205069744610977267e+01 7.985249145529771830e+00
3.210050528371473888e+01 7.994634784568894759e+00
3.215073795427445447e+01 8.019368797847366892e+00
3.220057376437510754e+01 7.994298672835748576e+00
3.225057755887306854e+01 7.983211472540296505e+00
3.230065419623123546e+01 7.957298703807678564e+00
3.235074821529837408e+01 7.975967914019458149e+00
3.240068920145048992e+01 7.945887001900395319e+00
3.245066524920769524e+01 7.942231941579931842e+00
3.250067061912027810e+01 7.931505365742897773e+00
3.255045672500492770e+01 7.951156767851876417e+00
3.260061114312246389e+01 7.923361421575519259e+00
3.265063760042713170e+01 7.877477267953064910e+00
3.270057442976514039e+01 7.899930026115776549e+00
3.275070100505863735e+01 7.892854517980197215e+00
3.280094527007205585e+01 7.856673767980703715e+00
3.285066030973816709e+01 7.866424408346664343e+00
3.290059813941013545e+01 7.842429181490503609e+00
3.295073451895240169e+01 7.851171368915417226e+00
3.300095649687233390e+01 7.846912742589775114e+00
3.305110906618631361e+01 7.815212584588708822e+00
3.310064384792069347e+01 7.811229386046295353e+00
3.315037612876064799e+01 7.791314008231600141e+00
3.320039352890535156e+01 7.782463331068071533e+00
3.325075369626339494e+01 7.768783919855275499e+00
3.330079563727023384e+01 7.802918671813609208e+00
3.335041517110537512e+01 7.754348394876345196e+00
3.340042234386024944e+01 7.740533467453199812e+00
3.345068942173323023e+01 7.747691780099186687e+00
3.350090898686119090e+01 7.701091488178971822e+00
3.355076868455447681e+01 7.707131511270233659e+00
3.360083299996632178e+01 7.697589933688931296e+00
3.365062953487561259e+01 7.711851917414075608e+00
3.370054413012797312e+01 7.663855294750442582e+00
3.375043567752315710e+01 7.665882142976653491e+00
3.380061640845230642e+01 7.666960060183285464e+00
3.385089393014911963e+01 7.656383969792902811e+00
3.390082568859970991e+01 7.622688486798460339e+00
3.395079958664522479e+01 7.640763091218526704e+00
3.400065462941210370e+01 7.648177528607129183e+00
3.405091816079112021e+01 7.596292398607625174e+00
3.410090749058920068e+01 7.607159557013946305e+00
3.415074457596266910e+01 7.595563909163760563e+00
3.420065295071830036e+01 7.612705475168974445e+00
3.425051858506616043e+01 7.596339306704280148e+00
3.430084962655262615e+01 7.577521007272473241e+00
3.435071212962177611e+01 7.566570697376839405e+00
3.440066905842098777e+01 7.583210705045278388e+00
3.445042983328236375e+01 7.557104893355406361e+00
3.450043860660466777e+01 7.548069914112762291e+00
3.455076374242391068e+01 7.568209773892294656e+00
3.460068794302640782e+01 7.517070208658592989e+00
3.465065597891599936e+01 7.501864163681891462e+00
3.470061275611706719e+01 7.474708102509376673e+00
3.475062702078484023e+01 7.489519769124307835e+00
3.480052422475197460e+01 7.494940866764611798e+00
3.485065294727289142e+01 7.466384025694164706e+00
3.490062447937064150e+01 7.461587599849047514e+00
3.495074122486598611e+01 7.449913673945087744e+00
3.500077310510111062e+01 7.452657140772701361e+00
3.505065889052637829e+01 7.435034111090070397e+00
3.510073836994573782e+01 7.416691019646445504e+00
3.515075393740908538e+01 7.385458759362435011e+00
3.520070871574944249e+01 7.409740089666753349e+00
3.525045083160344461e+01 7.390433714971326395e+00
3.530049570869167752e+01 7.386533762237194267e+00
3.535059160776241782e+01 7.372981029605694125e+00
3.540068430971665947e+01 7.375481001388301650e+00
3.545074911362522840e+01 7.349174278803669580e+00
3.550036890253176836e+01 7.346842808136493375e+00
3.555064134077936444e+01 7.324534176901128291e+00
3.560078931342755482e+01 7.328208045771855694e+00
3.565108547588086907e+01 7.332111941036801639e+00
3.570094795766028284e+01 7.330165290294693214e+00
3.575062622600737683e+01 7.307009496158305417e+00
3.580091761654597349e+01 7.315344417058999404e+00
3.585068011788996500e+01 7.299254811027211964e+00
3.590063654732295362e+01 7.310805026875688561e+00
3.595064781968525836e+01 7.267400528095567580e+00
3.600064661787772025e+01 7.302451593208513003e+00
3.605065997098245134e+01 7.238943790042303483e+00
3.610055580292227972e+01 7.257338967312337630e+00
3.615066567295489364e+01 7.224871946605614603e+00
3.620070823995840925e+01 7.204714060646232987e+00
3.625063407140827110e+01 7.215519574019849891e+00
3.630053903480800415e+01 7.214012731232202214e+00
3.635076095548847519e+01 7.187623602342740448e+00
3.640064521820000465e+01 7.177750115127791375e+00
3.645059114817902213e+01 7.183534929940424085e+00
3.650037969898852452e+01 7.163363239919930514e+00
3.655041555911058992e+01 7.142096817456695668e+00
3.660066049185408588e+01 7.162762870456313991e+00
3.665073222235510997e+01 7.113157529281060043e+00
3.670097527299056139e+01 7.142456161231453216e+00
3.675066829186678774e+01 7.155414659488051221e+00
3.680079532898415096e+01 7.094184531208842515e+00
3.685063282247625693e+01 7.126025517709630108e+00
3.690036457791557467e+01 7.114479420675386301e+00
3.695044255330601146e+01 7.106185683262883579e+00
3.700056414896440060e+01 7.098290326102780767e+00
3.705061200566700563e+01 7.079271872821607303e+00
3.710054642744190545e+01 7.090208389746366358e+00
3.715099645420669816e+01 7.073648849549426743e+00
3.720099847428265605e+01 7.055198214604370577e+00
3.725092363794612282e+01 7.055454215446047783e+00
3.730065785688235991e+01 7.060305146735838200e+00
3.735047039871516006e+01 7.016351822079313294e+00
3.740074484956132039e+01 7.004415816188045874e+00
3.745078498921309773e+01 7.018057613242850934e+00
3.750081080030444269e+01 6.994829348323068352e+00
3.755066575910367987e+01 7.011467248987023559e+00
3.760075719290531993e+01 6.968947001580452216e+00
3.765058742029950167e+01 6.998614023561598785e+00
3.770070520800517500e+01 6.969607520151106073e+00
3.775074171766122078e+01 6.960634936584494170e+00
3.780054920228933923e+01 6.927363989206863693e+00
3.785028605357963016e+01 6.963198451935302735e+00
3.790014956604337470e+01 6.951267631482355824e+00
3.795070399093049929e+01 6.941212825621725813e+00
3.800064488374761140e+01 6.942158405628438445e+00
3.805063670460460656e+01 6.905723834457845101e+00
3.810066986978391412e+01 6.879133184898100772e+00
3.815047335562729103e+01 6.887699474997401872e+00
3.820070457166085731e+01 6.898806362038512496e+00
3.825054652004534717e+01 6.880068664899698483e+00
3.830059095506936728e+01 6.845262886154376503e+00
3.835060440364230061e+01 6.857778756358992034e+00
3.840060189880973240e+01 6.826384595237482422e+00
3.845047415235990229e+01 6.831880013577206867e+00
3.850045558810032276e+01 6.817876474714354096e+00
3.855068545891874265e+01 6.833085969750360533e+00
3.860077335274264954e+01 6.827970981454980048e+00
3.865079795446190758e+01 6.803856664465216753e+00
3.870069735860561622e+01 6.782294697653143523e+00
3.875074558129854552e+01 6.777476203398322241e+00
3.880072689471128911e+01 6.761094577558927732e+00
3.885070431159810767e+01 6.773823655591514559e+00
3.890076604177426134e+01 6.744836400817995958e+00
3.895077654249089250e+01 6.742473828810612524e+00
3.900065635008523657e+01 6.725431633859578540e+00
3.905068303866070778e+01 6.695501678378200872e+00
3.910086666979864845e+01 6.700531455468907716e+00
3.915075167994284300e+01 6.712829158638407456e+00
3.920080110904684290e+01 6.685535675213745144e+00
3.925051722509476093e+01 6.673059431205498271e+00
3.930049924941769746e+01 6.681931056417282910e+00
3.935068663145851531e+01 6.658916859037777414e+00
3.940062002802714858e+01 6.668406905452057387e+00
3.945094720807892230e+01 6.657122888161628893e+00
3.950072275578882852e+01 6.622443298124949251e+00
3.955068874417335678e+01 6.621822901609329293e+00
3.960047988298316568e+01 6.630126033268701313e+00
3.965028426911310078e+01 6.636969060777887286e+00
3.970050640123277219e+01 6.591381224230890901e+00
3.975057126679874386e+01 6.573182603000713442e+00
3.980063131454883063e+01 6.567757356186258555e+00
3.985062444376308832e+01 6.570921431314254768e+00
3.990046459422952552e+01 6.556746727864021018e+00
3.995030915473805777e+01 6.567661614904869438e+00
4.000070700697658310e+01 6.540571813788433886e+00
4.005068128997515231e+01 6.525453117254832236e+00
4.010049471442144409e+01 6.533863044403572573e+00
4.015069681665188028e+01 6.529169984931175286e+00
4.020082895179550064e+01 6.486876325253922104e+00
4.025072769209087653e+01 6.509309939754310825e+00
4.030051348483454632e+01 6.477417847762910519e+00
4.035072609931964394e+01 6.460133855431486438e+00
4.040037176569849464e+01 6.437169606969141533e+00
4.045042667732217012e+01 6.459501575523674433e+00
4.050053434909590777e+01 6.450601659431074886e+00
4.055043005389622834e+01 6.447714892207171644e+00
4.060045540580550494e+01 6.438288849585979357e+00
4.065048092584816430e+01 6.426650573715606996e+00
4.070078642837128058e+01 6.408341961121663211e+00
4.075040725570445943e+01 6.425260537062722044e+00
4.080059557345823151e+01 6.420115471936876261e+00
4.085087876590859679e+01 6.372103154109522549e+00
4.090052355963207731e+01 6.385562349911646507e+00
4.095053410493387958e+01 6.391274438607042363e+00
4.100046890014794343e+01 6.383023238436822844e+00
4.105055555589980543e+01 6.364528106786990769e+00
4.110055962388238271e+01 6.339120253801993954e+00
4.115058724083828423e+01 6.335339500410723801e+00
4.120063807828946523e+01 6.345603118187320923e+00
4.125078781157126429e+01 6.315000332454176579e+00
4.130070977352312411e+01 6.320265168472259276e+00
4.135072597204173661e+01 6.302275264702317692e+00
4.140062101981526865e+01 6.291184265264127440e+00
4.145046210781828933e+01 6.275005965163445332e+00
4.150064410670492521e+01 6.284681270460656499e+00
4.155055390754394296e+01 6.268722533731150293e+00
4.160071856321656014e+01 6.264531955901905924e+00
4.165062465436843553e+01 6.234593059554589090e+00
4.170074665647079826e+01 6.237489619992881984e+00
4.175092031344095034e+01 6.236304495344263898e+00
4.180083223468388809e+01 6.217678555928475959e+00
4.185091650497393800e+01 6.237041337794090978e+00
4.190058894312653592e+01 6.210702609054570722e+00
4.195057327773436384e+01 6.229009964382176356e+00
4.200054620451269471e+01 6.192958870956193351e+00
4.205070097649376493e+01 6.172434151738223740e+00
4.210104367677791259e+01 6.159087595005139804e+00
4.215062999266064736e+01 6.182844987311474583e+00
4.220062489273367845e+01 6.168216003597893682e+00
4.225072019983769422e+01 6.128626733599931597e+00
4.230080984542261291e+01 6.146515153114728847e+00
4.235048512465247939e+01 6.120240804554514469e+00
4.240039033711827443e+01 6.129486626327317111e+00
4.245058113897258067e+01 6.111004406780859100e+00
4.250051056501101243e+01 6.121979806206407027e+00
4.255075469310492764e+01 6.096691761855313807e+00
4.260088839389085535e+01 6.108747423420018308e+00
4.265066822100642696e+01 6.058228932359311258e+00
4.270042497031288775e+01 6.057766474471754314e+00
4.275056154529104191e+01 6.055458952922634808e+00
4.280061966166783094e+01 6.043166434935391962e+00
4.285072612642605350e+01 6.033021476436527308e+00
4.290063911686539910e+01 6.050339327426778269e+00
4.295047238065683359e+01 6.042939205853337548e+00
4.300068081100387474e+01 6.018335453234969989e+00
4.305065341004009127e+01 6.004428002627041572e+00
4.310092706765931325e+01 5.998583164331003914e+00
4.315079602200330555e+01 6.002547614657597563e+00
4.320049660447120488e+01 5.984452360465195575e+00
4.325044276895134487e+01 6.000788046851670998e+00
4.330057972539024291e+01 5.998233233367850303e+00
4.335073935269073786e+01 5.995185927993845532e+00
4.340062665975187173e+01 5.977820103528842743e+00
4.345083521863485743e+01 5.948115107099591015e+00
4.350080434733149559e+01 5.949010472713619713e+00
4.355066849370164306e+01 5.937825549056616303e+00
4.360066807944897249e+01 5.951909820844254462e+00
4.365063945197720585e+01 5.926628634279505370e+00
4.370057186563911955e+01 5.919776323919239580e+00
4.375058189073340742e+01 5.890058686641927110e+00
4.380066239129499195e+01 5.890303696024223434e+00
4.385070439948531629e+01 5.884712470498643100e+00
4.390071035686884926e+01 5.874078922330925323e+00
4.395067528124658196e+01 5.879089876046551311e+00
4.400082397187517103e+01 5.857027373517214031e+00
4.405064825126752481e+01 5.855575203851065780e+00
4.410055966609562716e+01 5.846829032038239227e+00
4.415064464392477106e+01 5.845677757120355089e+00
4.420062521994253046e+01 5.831585012586288030e+00
4.425074133285379219e+01 5.832254849960621712e+00
4.430056633737652305e+01 5.817980583905726810e+00
4.435070835691129076e+01 5.796308521010820947e+00
4.440078972329759210e+01 5.785953871709685892e+00
4.445074787044538311e+01 5.795092844596290149e+00
4.450068873751220622e+01 5.776058924825647978e+00
4.455068020915655325e+01 5.774615253838723206e+00
4.460077488805040957e+01 5.759511167895522199e+00
4.465062459263209860e+01 5.777838002937229156e+00
4.470071478766311657e+01 5.776362012268386970e+00
4.475070854589100833e+01 5.746155884217597709e+00
4.480054713876269545e+01 5.747173130342893899e+00
4.485054816752502660e+01 5.737046043539709039e+00
4.490070656619563039e+01 5.712926876266487319e+00
4.495070056087058674e+01 5.730662344591565649e+00
4.500056910314840763e+01 5.717280177888751425e+00
4.505070887203213914e+01 5.714825687987867830e+00
4.510061236772134663e+01 5.681653480642292031e+00
4.515073277013259201e+01 5.679079590758589369e+00
4.520069200387877117e+01 5.664984798877455319e+00
4.525066379076972112e+01 5.656833011283519674e+00
4.530070851487537453e+01 5.624666155900579056e+00
4.535066554677655404e+01 5.644372200281782881e+00
4.540070412847448011e+01 5.637635069660292153e+00
4.545055029283572168e+01 5.621654225169488761e+00
4.550056965286096755e+01 5.623208118949369450e+00
4.555054912766672004e+01 5.621616786294112877e+00
4.560058025539878912e+01 5.627304877270697503e+00
4.565062272089560480e+01 5.590390387669933681e+00
4.570060765623707510e+01 5.580175679285142465e+00
4.575072027820378651e+01 5.594968119963839470e+00
4.580063544467018488e+01 5.560967837053166107e+00
4.585061524648342157e+01 5.572842543072478172e+00
4.590038557800846775e+01 5.558918490245459587e+00
4.595044581013677742e+01 5.542155616039027066e+00
4.600053540272723041e+01 5.532060753861677505e+00
4.605059275114101780e+01 5.517554440049429409e+00
4.610084778734601940e+01 5.512505907951880779e+00
4.615078372778435067e+01 5.514211148929105022e+00
4.620079763110578597e+01 5.504171705764134614e+00
4.625069257879680862e+01 5.496624309702761835e+00
4.630076930310873706e+01 5.481601364985511537e+00
4.635061760445957191e+01 5.483826523787584506e+00
4.640048883980021799e+01 5.457585494405435611e+00
4.645059142980773004e+01 5.454479422424880042e+00
4.650073860852782559e+01 5.457664107928005492e+00
4.655062247296019962e+01 5.444045035467223848e+00
4.660054129780100141e+01 5.423911654053425124e+00
4.665067910891992398e+01 5.453208188657407085e+00
4.670057831041176399e+01 5.426026406813161174e+00
4.675073081291679244e+01 5.433184779202709258e+00
4.680064903311568969e+01 5.412019654516566192e+00
4.685054893440595691e+01 5.396520296828700936e+00
4.690047720868597025e+01 5.409887591816073815e+00
4.695055373767551288e+01 5.372813364409384285e+00
4.700068443481134040e+01 5.383408820641579773e+00
4.705054892794714760e+01 5.381930643316573892e+00
4.710090191639649504e+01 5.376956164835696050e+00
4.715086923685525022e+01 5.372415536318815299e+00
4.720079403182356970e+01 5.358502709449240342e+00
4.725071271028107134e+01 5.368007588114317663e+00
4.730064744448333869e+01 5.342205760656623781e+00
4.735056319112582912e+01 5.340791976999137880e+00
4.740048645981774200e+01 5.323873612132968169e+00
4.745072982557754671e+01 5.316934850312842187e+00
4.750080386038112579e+01 5.302137700889428373e+00
4.755087940005583391e+01 5.310334914023819408e+00
4.760072805312179867e+01 5.281609632232056484e+00
4.765067020928979247e+01 5.268428081728258938e+00
4.770065166037148430e+01 5.270904890757991623e+00
4.775059472584882059e+01 5.273254776858681048e+00
4.780054320846981142e+01 5.256418600460229129e+00
4.785051871527539191e+01 5.250301131181944747e+00
4.790068485360295369e+01 5.248330192817553197e+00
4.795068468835729902e+01 5.220966479210388478e+00
4.800081266340075814e+01 5.225806950411928220e+00
4.805067758293061075e+01 5.220992310513982382e+00
4.810057955891159054e+01 5.220376504868207590e+00
4.815065247583424224e+01 5.212110066139394426e+00
4.820058876752798938e+01 5.196614796503061129e+00
4.825062758151098308e+01 5.184271182023277191e+00
4.830050891861813511e+01 5.183109532080209192e+00
4.835059949104871180e+01 5.164927901109172659e+00
4.840061817680124534e+01 5.174153469521938220e+00
4.845059197059676848e+01 5.156129173397953736e+00
4.850071348765496282e+01 5.167325619998447195e+00
4.855070861047948938e+01 5.152557594428073706e+00
4.860079885823664370e+01 5.137908727358269090e+00
4.865073159027676297e+01 5.118874720393813860e+00
4.870062505589664426e+01 5.127752359737824506e+00
4.875064142241748044e+01 5.125016246210322812e+00
4.880070725855863856e+01 5.107930297309303036e+00
4.885077510260894940e+01 5.101112759840661148e+00
4.890071465607211110e+01 5.084794445722931933e+00
4.895074531240822324e+01 5.100927236024192624e+00
4.900073502381767554e+01 5.073477932097541832e+00
4.905077811013303801e+01 5.080675772337348128e+00
4.910070723550170868e+01 5.075065567504876363e+00
4.915070259051960733e+01 5.048644631331899113e+00
4.920063847882943975e+01 5.046310953610942285e+00
4.925059680352623559e+01 5.037790044934609135e+00
4.930058817457437215e+01 5.025957562159700132e+00
4.935066150186425205e+01 5.031042238012133794e+00
4.940082702243974921e+01 4.999461841295033793e+00
4.945071213629248774e+01 5.012192662287801248e+00
4.950066337522281401e+01 4.995802753300835342e+00
4.955070025329212768e+01 4.979308757114101702e+00
4.960068424121411823e+01 4.982884087436223020e+00
4.965064114312914256e+01 4.993776499593343132e+00
4.970072747776619337e+01 4.969807558768866151e+00
4.975072021790703047e+01 4.959042844050121523e+00
4.980057431660738132e+01 4.951091254752851611e+00
4.985075637656007075e+01 4.953544881517069953e+00
4.990071580811433449e+01 4.939289454532545420e+00
4.995063927006449234e+01 4.936945137758026902e+00
5.000060084925996762e+01 4.925470722550889136e+00
5.005045873064565853e+01 4.923128365884956281e+00
5.010048364727365566e+01 4.914106839086516132e+00
5.015058301511334093e+01 4.914428103466899955e+00
5.020059771037254848e+01 4.891536771334134670e+00
5.025046478966564933e+01 4.905882068005848140e+00
5.030058377984222062e+01 4.881773957833619448e+00
5.035069760041683651e+01 4.873283557114027609e+00
5.040084924235802077e+01 4.877836304198806872e+00
5.045068624624399689e+01 4.860784258494203591e+00
5.050060330114866503e+01 4.843493848038792571e+00
5.055056632414860474e+01 4.847692164179104424e+00
5.060048892831081702e+01 4.840264796934640401e+00
5.065076270012374238e+01 4.835984091149426511e+00
5.070074418145034656e+01 4.814470295329670080e+00
5.075072033235919378e+01 4.814201715499441647e+00
5.080056856830650247e+01 4.816632375377754016e+00
5.085063996342848469e+01 4.813298460429482617e+00
5.090079576010987950e+01 4.793407539882820423e+00
5.095067199178613038e+01 4.787027213797667713e+00
5.100077085900777263e+01 4.796186847510361062e+00
5.105066948456282461e+01 4.772875793247105314e+00
5.110067782431391947e+01 4.771250484707478812e+00
5.115071056813979311e+01 4.753362159297577882e+00
5.120086418384877192e+01 4.756098335129955501e+00
5.125089251453216832e+01 4.753260993289111447e+00
5.130069535899511379e+01 4.743770022252276064e+00
5.135077314432863460e+01 4.739505000549773861e+00
5.140079527368695267e+01 4.724545607035453010e+00
5.145076795720253671e+01 4.698649921955305508e+00
5.150067190460001854e+01 4.706939626717877800e+00
5.155055705950405098e+01 4.704566103758878626e+00
5.160060338144170089e+01 4.700228659259751751e+00
5.165077786608629395e+01 4.679507354206596581e+00
5.170079892531500576e+01 4.687481648552012103e+00
5.175076409355646234e+01 4.667056928097644608e+00
5.180081050879348936e+01 4.651928793350557534e+00
5.185063236522091756e+01 4.670695507659859302e+00
5.190063627192509443e+01 4.652826989952497883e+00
5.195045194769984676e+01 4.645113465690416277e+00
5.200055348012200085e+01 4.651225042202689508e+00
5.205073650353721604e+01 4.629274715617943237e+00
5.210082264320564605e+01 4.627604021174366977e+00
5.215074029641194642e+01 4.621397426633085281e+00
5.220060961371469688e+01 4.624356501580805912e+00
5.225071803781900570e+01 4.598692666521014161e+00
5.230056258642265021e+01 4.587469763025292302e+00
5.235053885698353326e+01 4.599799130178387152e+00
5.240052133702501891e+01 4.570319368393362502e+00
5.245061225630747259e+01 4.570974465333776493e+00
5.250071488624668348e+01 4.560032265057795797e+00
5.255058134901026534e+01 4.555238214317522960e+00
5.260070941839639147e+01 4.549967254717367737e+00
5.265077959906204796e+01 4.549583328576810359e+00
5.270071039049599904e+01 4.536885413542036005e+00
5.275067087002464206e+01 4.531732735379038424e+00
5.280057513073043651e+01 4.521655811936115654e+00
5.285048295724897827e+01 4.516112522583559219e+00
5.290064806091204730e+01 4.502509712658287810e+00
5.295076237312280654e+01 4.501275659461088985e+00
5.300071428026349452e+01 4.496775264460949550e+00
5.305094238809233786e+01 4.475089643499843284e+00
5.310087107769089698e+01 4.481608388221619776e+00
5.315076924934483316e+01 4.463716490421353100e+00
5.320050195368721546e+01 4.460465198449376167e+00
5.325049837735429747e+01 4.443890784263238913e+00
5.330065167941499737e+01 4.443093654060029429e+00
5.335069576743354247e+01 4.439634754770080072e+00
5.340090396500927739e+01 4.425103087538132307e+00
5.345084246007032647e+01 4.433802123398498551e+00
5.350083523446005529e+01 4.418115564608518397e+00
5.355075183860127197e+01 4.408941494213021173e+00
5.360082432592102464e+01 4.412511725567189735e+00
5.365091818824257075e+01 4.401843519518643610e+00
5.370059238608737218e+01 4.372787532846458269e+00
5.375066957950130586e+01 4.388382970328970956e+00
5.380067487411135829e+01 4.385318053071448396e+00
5.385058139128504706e+01 4.368255326870690958e+00
5.390070192466438925e+01 4.364110115250695365e+00
5.395078131761895435e+01 4.355604132939927986e+00
5.400058870545096568e+01 4.336298864630341754e+00
5.405068033207550116e+01 4.331148042129512987e+00
5.410072161653349809e+01 4.328616454239458733e+00
5.415067609690787265e+01 4.331509748409379412e+00
5.420060581925445575e+01 4.324907301614676847e+00
5.425053353070867246e+01 4.313716651945356695e+00
5.430068570154838170e+01 4.306677777231395332e+00
5.435066411431858313e+01 4.300137571218368038e+00
5.440080914129376310e+01 4.295689273921428963e+00
5.445080163590567679e+01 4.277375390905362451e+00
5.450081660501099634e+01 4.279236160547815082e+00
5.455078215982349121e+01 4.264314083515712284e+00
5.460050313376459741e+01 4.259372883329100468e+00
5.465064987509153127e+01 4.252788038298744411e+00
5.470081260773268639e+01 4.249935849902387375e+00
5.475070460284505458e+01 4.235353507885116997e+00
5.480047950030435544e+01 4.230852222481289893e+00
5.485062926285060314e+01 4.234776068821689776e+00
5.490064179093323560e+01 4.228434905067908645e+00
5.495054313845735550e+01 4.208764205017099691e+00
5.500079655004624613e+01 4.211661209336104328e+00
5.505072119771764960e+01 4.198560488348602959e+00
5.510064043814401913e+01 4.198325028376136636e+00
5.515067446589753075e+01 4.199623689773216206e+00
5.520076119843602669e+01 4.185394292395634430e+00
5.525078088792644593e+01 4.174611988934441520e+00
5.530081900620841395e+01 4.180059208100664669e+00
5.535082610383302892e+01 4.159987637441949992e+00
5.540073174404310663e+01 4.156444668424045474e+00
5.545062967977569457e+01 4.149179103864466533e+00
5.550057000431460352e+01 4.147978582212632048e+00
5.555071841742697103e+01 4.134126253387741201e+00
5.560062756007631890e+01 4.130409851388940901e+00
5.565055936735502939e+01 4.128879861098374349e+00
5.570060012874240130e+01 4.123347421774573363e+00
5.575053199084554478e+01 4.110670058104050284e+00
5.580071707753494792e+01 4.103950619528741406e+00
5.585068299905342570e+01 4.096571972461441113e+00
5.590076095627701847e+01 4.087030003452850835e+00
5.595061593594395077e+01 4.075119363798556549e+00
5.600059719570929673e+01 4.074044531667007973e+00
5.605071976431674585e+01 4.076168508159492276e+00
5.610071043481956110e+01 4.058210180870484685e+00
5.615079356577659553e+01 4.062453185588892346e+00
5.620061827311953806e+01 4.052016680297963802e+00
5.625076579374169228e+01 4.045980547167866703e+00
5.630076324283498934e+01 4.035403773213241507e+00
5.635054101137028226e+01 4.026015125095822711e+00
5.640050948138840425e+01 4.019301560445567745e+00
5.645054455800144666e+01 4.018453957465899506e+00
5.650073481325052427e+01 4.005538015374694005e+00
5.655073477457435871e+01 3.999066376919869104e+00
5.660073824559485445e+01 4.006008478850154653e+00
5.665074086704029810e+01 3.991933323484512908e+00
5.670079376222318501e+01 3.988960193561795986e+00
5.675065281761889935e+01 3.971831083105944682e+00
5.680050522544234326e+01 3.965004609182592343e+00
5.685029008354570834e+01 3.967752462933584301e+00
5.690039644117692319e+01 3.945037389465031019e+00
5.695066971981956527e+01 3.948794253288886225e+00
5.700060778658993144e+01 3.932148407375382515e+00
5.705072362469287839e+01 3.937429702276435961e+00
5.710062844583793407e+01 3.942101939295013846e+00
5.715063642460044946e+01 3.922407364475870573e+00
5.720052563749149499e+01 3.913569893536756439e+00
5.725057250158966582e+01 3.907798960635702645e+00
5.730070061666543069e+01 3.886453043537138718e+00
5.735059468705980379e+01 3.892953616857007137e+00
5.740068046681047065e+01 3.882307133090685092e+00
5.745062246045310417e+01 3.886546519015719348e+00
5.750071044277198240e+01 3.874413306774732391e+00
5.755079038725750706e+01 3.860364559800046891e+00
5.760081478585422587e+01 3.860056252778442776e+00
5.765084819486575185e+01 3.848504172188961459e+00
5.770069974390386847e+01 3.841898435819895763e+00
5.775064567173122754e+01 3.832112087729060423e+00
5.780071185781467591e+01 3.831893142767619498e+00
5.785070888559319968e+01 3.821349409173674161e+00
5.790063092839579895e+01 3.819482472770669101e+00
5.795076274408464201e+01 3.822982841939512433e+00
5.800068408155547672e+01 3.812128716603341072e+00
5.805066207662181199e+01 3.804990709334353571e+00
5.810058441680767771e+01 3.795331981696691059e+00
5.815050057807743400e+01 3.790394996148294560e+00
5.820058481270466899e+01 3.782388763839939827e+00
5.825054799922251192e+01 3.789115902694008664e+00
5.830062176282278585e+01 3.774009843525096386e+00
5.835064111592163982e+01 3.757112611528636403e+00
5.840075419903320153e+01 3.758308027816638308e+00
5.845083088551552919e+01 3.744206953871727084e+00
5.850080154356264472e+01 3.743120547369352291e+00
5.855080032980847449e+01 3.729336602898722486e+00
5.860057089650905482e+01 3.738015886164494539e+00
5.865057581360016314e+01 3.723835132196216868e+00
5.870061249080675481e+01 3.712625045042738048e+00
5.875063584132967520e+01 3.716687583422561669e+00
5.880052804622530971e+01 3.715362778452592440e+00
5.885049062313584045e+01 3.696085667045008183e+00
5.890068540929838292e+01 3.695210029090856274e+00
5.895074667686701986e+01 3.688744556840866107e+00
5.900079285975216692e+01 3.691908049635258315e+00
5.905072163601161606e+01 3.664650732643850883e+00
5.910053840968517136e+01 3.665193146687469206e+00
5.915055836907099263e+01 3.652867414562307680e+00
5.920078583096847069e+01 3.657045001891287672e+00
5.925078445624479428e+01 3.648271103896103984e+00
5.930073572141976967e+01 3.652318831592513249e+00
5.935077471148129291e+01 3.631275801387054081e+00
5.940084008989509812e+01 3.618226114160890461e+00
5.945076794887749827e+01 3.619628460036878437e+00
5.950063683779239909e+01 3.618438943525555285e+00
5.955077877209936332e+01 3.600551591789912464e+00
5.960060236443837312e+01 3.599100236126247410e+00
5.965054645934751676e+01 3.592591737580088207e+00
5.970063068222594893e+01 3.584566292417423305e+00
5.975062169048680261e+01 3.588826896208641148e+00
5.980081898179457056e+01 3.575653025724079725e+00
5.985070991520160533e+01 3.560769500774513485e+00
5.990063533403414198e+01 3.561682552780334188e+00
5.995058497985625223e+01 3.556980171560483406e+00
6.000058384167378733e+01 3.554068774889225235e+00
6.005053987652184588e+01 3.540634162385390304e+00
6.010045421237759911e+01 3.539182283165222653e+00
6.015064859381300977e+01 3.534042185880175602e+00
6.020071100610303461e+01 3.529896593196167665e+00
6.025064422090846250e+01 3.524338000132243298e+00
6.030080715923693901e+01 3.498674105220934916e+00
6.035080229029196630e+01 3.498325853986431255e+00
6.040061132077143924e+01 3.492921573323060080e+00
6.045063089445540783e+01 3.496726250589106577e+00
6.050051327979302584e+01 3.493004504801421106e+00
6.055046586021543931e+01 3.485231776881706711e+00
6.060066561403655072e+01 3.477255345782533702e+00
6.065060531728364168e+01 3.473222158312036179e+00
6.070058213762547439e+01 3.460315371177989263e+00
6.075049250711255411e+01 3.450026993965652711e+00
6.080072220556943563e+01 3.449470558136609633e+00
6.085080501817724041e+01 3.426511472229622157e+00
6.090072241368302031e+01 3.431932272919393512e+00
6.095072344314405655e+01 3.425774080858859261e+00
6.100064471556180479e+01 3.425493776369165300e+00
6.105074558218583292e+01 3.414098643007148937e+00
6.110075563535039578e+01 3.416137341370986125e+00
6.115084051183571034e+01 3.399266641213378737e+00
6.120073852296442141e+01 3.395266204233433616e+00
6.125069677240534105e+01 3.389504052415031499e+00
6.130078678126051983e+01 3.382699616885384231e+00
6.135074668185310287e+01 3.382496892479800898e+00
6.140074771504353635e+01 3.370625092657483890e+00
6.145066576833651339e+01 3.360830716502478221e+00
6.150056726797252082e+01 3.363012979992814788e+00
6.155052199605525942e+01 3.360733662893847118e+00
6.160067465714389101e+01 3.352913078266412938e+00
6.165067242892764909e+01 3.349372396258271323e+00
6.170067030649844497e+01 3.339583661327610198e+00
6.175066561361092710e+01 3.337909141838047322e+00
6.180067991116586512e+01 3.335361885570824469e+00
6.185058426725945679e+01 3.322134742325135726e+00
6.190038579212198044e+01 3.326153662786874410e+00
6.195062912658430321e+01 3.314054720246737418e+00
6.200054455848771084e+01 3.306496581137377877e+00
6.205045608676216062e+01 3.310437994454227706e+00
6.210065680711953462e+01 3.298264526701650823e+00
6.215064819109176142e+01 3.288684217887205996e+00
6.220063023545002778e+01 3.294228024381779196e+00
6.225056036774524415e+01 3.275271476479385768e+00
6.230057029581633543e+01 3.264467908922900730e+00
6.235056477868997149e+01 3.265093865930883688e+00
6.240070311510407208e+01 3.257236178150078931e+00
6.245087981397324484e+01 3.252633545179750563e+00
6.250075171045033784e+01 3.251583585510788410e+00
6.255079729562886115e+01 3.242707050679180636e+00
6.260063960014294082e+01 3.233947644513092357e+00
6.265063784798040558e+01 3.223665948676526227e+00
6.270068305958778154e+01 3.222634632765539742e+00
6.275066561381144226e+01 3.213250251883126296e+00
6.280070487697192050e+01 3.211720740056335011e+00
6.285071948848923284e+01 3.206994373453817548e+00
6.290083993008494190e+01 3.201870087811575782e+00
6.295081676641085977e+01 3.196714977008450642e+00
6.300068683398932734e+01 3.189564675431910690e+00
6.305066180073792736e+01 3.179919301146173716e+00
6.310071566505131813e+01 3.180337984233574833e+00
6.315063473160932972e+01 3.167115811485404997e+00
6.320071410390065125e+01 3.161882160599224001e+00
6.325070212739828435e+01 3.163467913964609579e+00
6.330067373965293598e+01 3.162717462758863451e+00
6.335086637769684614e+01 3.146781366691854487e+00
6.340075853883547552e+01 3.144805847041028279e+00
6.345085909834993743e+01 3.130492666801148793e+00
6.350074052305416927e+01 3.127681241539963075e+00
6.355074211049213773e+01 3.119100124766063686e+00
6.360070004991064252e+01 3.116386494286696340e+00
6.365046078357857340e+01 3.108975725683510660e+00
6.370059063423332191e+01 3.110901248241340067e+00
6.375058423596151158e+01 3.097699522923910820e+00
6.380070654720426404e+01 3.095908529172479717e+00
6.385073591118687375e+01 3.083807248102142129e+00
6.390071077096509811e+01 3.084972294352220867e+00
6.395066974511460245e+01 3.078709258419242811e+00
6.400073832788034167e+01 3.075042820166036250e+00
6.405072727132748867e+01 3.067709593093567833e+00
6.410042485383993949e+01 3.062109934253506527e+00
6.415040342529097472e+01 3.055984961061118721e+00
6.420058933624704878e+01 3.041392407675481024e+00
6.425075689310219218e+01 3.042973318713450226e+00
6.430074059785791007e+01 3.030012193999632064e+00
6.435073239392266942e+01 3.028960859931713934e+00
6.440068334788421112e+01 3.026220188067918482e+00
6.445081674355536450e+01 3.027155137814624641e+00
6.450077001850063141e+01 3.018132507387070174e+00
6.455062786306609723e+01 3.006460951336126008e+00
6.460074774320564472e+01 3.002746103148865142e+00
6.465057417145177965e+01 2.998407449192840080e+00
6.470063659512929632e+01 2.998151602861256038e+00
6.475068947408398401e+01 2.985734074827604889e+00
6.480066604957306708e+01 2.984314577622047437e+00
6.485070380543818658e+01 2.976908153399453916e+00
6.490082017193319075e+01 2.967404400992615265e+00
6.495091978387250720e+01 2.964426299760289041e+00
6.500079650806792131e+01 2.961997366248497077e+00
6.505077306231818568e+01 2.958931733815936216e+00
6.510072438062935873e+01 2.950527234798617560e+00
6.515060376587864255e+01 2.943842086590463314e+00
6.520062617090036383e+01 2.934227434535706891e+00
6.525067363761262129e+01 2.932764899191757646e+00
6.530069142186557940e+01 2.923515212858228907e+00
6.535065255382559712e+01 2.916005264627288263e+00
6.540072432906758593e+01 2.919131380711228463e+00
6.545072134725472779e+01 2.908271780576257903e+00
6.550067517520525939e+01 2.909050348549914844e+00
6.555061567814142620e+01 2.899640548274278196e+00
6.560071804978089460e+01 2.900299142107875650e+00
6.565074992402898602e+01 2.891308406698648525e+00
6.570073563602359457e+01 2.893581989690555467e+00
6.575081836235639798e+01 2.882655679869072785e+00
6.580067310797147684e+01 2.876825211491011558e+00
6.585061954733382095e+01 2.866227170568853566e+00
6.590052302224263769e+01 2.859109237109315860e+00
6.595052826667320289e+01 2.864449324358682158e+00
6.600053918408119102e+01 2.853629792242083241e+00
6.605046954238856927e+01 2.849127620042966047e+00
6.610057363466796687e+01 2.837424885462497937e+00
6.615059008408327657e+01 2.839050559596122625e+00
6.620061791133673523e+01 2.830526947233003021e+00
6.625064855268836084e+01 2.825122309618061767e+00
6.630072856218191646e+01 2.827994537201999670e+00
6.635065875684698256e+01 2.812713792731586171e+00
6.640064264940966154e+01 2.808842354086825477e+00
6.645073824784918770e+01 2.809026136093369264e+00
6.650067115149393260e+01 2.798239715613422884e+00
6.655065369910670370e+01 2.803370073866982004e+00
6.660067342842303617e+01 2.797620754414329891e+00
6.665061323825229067e+01 2.784774471029972442e+00
6.670060323996554530e+01 2.782861186901210981e+00
6.675068430972328315e+01 2.778845210103397800e+00
6.680058418726099490e+01 2.763683207239491679e+00
6.685071694749524340e+01 2.764736557342125423e+00
6.690068793049118767e+01 2.759340836558701771e+00
6.695061923607941878e+01 2.750596903779603863e+00
6.700068639194881825e+01 2.750428507752510576e+00
6.705067682126600914e+01 2.739589702846436214e+00
6.710077604805209717e+01 2.738697749173554463e+00
6.715060699182339476e+01 2.733714086753375128e+00
6.720066061294389215e+01 2.730065684019792549e+00
6.725075986721213894e+01 2.720460637031420603e+00
6.730052522264658421e+01 2.714841694101969960e+00
6.735062924116799365e+01 2.711650586797303308e+00
6.740060732150529077e+01 2.710047208538588048e+00
6.745053620466653399e+01 2.697413498549592781e+00
6.750066425390348002e+01 2.697290761298649642e+00
6.755082937688051459e+01 2.691258069975391631e+00
6.760072503679658951e+01 2.684034756291238555e+00
6.765062988820275791e+01 2.679003575266595050e+00
6.770069412468146197e+01 2.678506819630162017e+00
6.775062100887190297e+01 2.670675550577956692e+00
6.780056248816653408e+01 2.661820161680864771e+00
6.785055195196578381e+01 2.655611320816850807e+00
6.790059441818515040e+01 2.652132548532873280e+00
6.795044836699864277e+01 2.649883531811666249e+00
6.800048085798178477e+01 2.650387957979580822e+00
6.805067835923897235e+01 2.647679406804367197e+00
6.810072656466435603e+01 2.632139967885466447e+00
6.815070145771700538e+01 2.627735507640585055e+00
6.820064337944950239e+01 2.624826223576461448e+00
6.825063037684658696e+01 2.618190928979112986e+00
6.830061409162452435e+01 2.614698000474856787e+00
6.835082789549002769e+01 2.610704785888770196e+00
6.840074162891980336e+01 2.610361130329792445e+00
6.845061665390170447e+01 2.599460671009315771e+00
6.850060607525895762e+01 2.593777493523184763e+00
6.855041616181789266e+01 2.589179596117131332e+00
6.860055351875693930e+01 2.586533130767469046e+00
6.865067407391181575e+01 2.577605408353200289e+00
6.870082429657925616e+01 2.582042250222179369e+00
6.875066073594551597e+01 2.569179853587824969e+00
6.880065260215600631e+01 2.568373772210061468e+00
6.885081659029681589e+01 2.559185368490487278e+00
6.890064504945875967e+01 2.563420821348673773e+00
6.895067122144425298e+01 2.551446238228293417e+00
6.900074781618619113e+01 2.544823243200973195e+00
6.905078903998277440e+01 2.535424305919329324e+00
6.910062926068043510e+01 2.536290591507213144e+00
6.915076312115429857e+01 2.531854062530117577e+00
6.920087728366590341e+01 2.526095177035737827e+00
6.925064015234329418e+01 2.519583157379598592e+00
6.930071161473770758e+01 2.517587741757592479e+00
6.935069662042847938e+01 2.509310102946116228e+00
6.940067336527617670e+01 2.504674199830386083e+00
6.945052358078594068e+01 2.504879441724677580e+00
6.950069882003045052e+01 2.495254330581188285e+00
6.955065043974518346e+01 2.487967473411400565e+00
6.960063238637687277e+01 2.488124472598451487e+00
6.965076356245934619e+01 2.482336166930307453e+00
6.970066267261935877e+01 2.472279415211989573e+00
6.975077150840287743e+01 2.473167080180211475e+00
6.980064065908266002e+01 2.467018805973263174e+00
6.985059517066410706e+01 2.461750722891722365e+00
6.990058917780882553e+01 2.456670317386472568e+00
6.995052199767907553e+01 2.449115147371855539e+00
7.000053278111315080e+01 2.445853089573213346e+00
7.005054756946375960e+01 2.443047486212645669e+00
7.010071906655107910e+01 2.435319930939706001e+00
7.015073724783538012e+01 2.429471336283050231e+00
7.020076257112617668e+01 2.424389298177588081e+00
7.025071380996972437e+01 2.423044076640993971e+00
7.030079663510109356e+01 2.415416571239534793e+00
7.035073212561979972e+01 2.412690880828082030e+00
7.040052429241477228e+01 2.406939332386436092e+00
7.045058297496383659e+01 2.401169083287520323e+00
7.050059401138639714e+01 2.399967049418254117e+00
7.055066771787184621e+01 2.394717649114543434e+00
7.060067847038419586e+01 2.387196419204101083e+00
7.065080545095293019e+01 2.384049446765298619e+00
7.070079978376851670e+01 2.379374250690888370e+00
7.075070557410046490e+01 2.370019922837730331e+00
7.080069760468173001e+01 2.372807933914579781e+00
7.085076568503940564e+01 2.364223738506519013e+00
7.090068528896773614e+01 2.358190630140022392e+00
7.095067439269951137e+01 2.356508343453425081e+00
7.100072450262976531e+01 2.351743010764876463e+00
7.105057251719182432e+01 2.345164236995952667e+00
7.110068585668089725e+01 2.338362717493772447e+00
7.115074285288213218e+01 2.335354512463635235e+00
7.120076272882748469e+01 2.332945035010657531e+00
7.125077295257317189e+01 2.325290609465083591e+00
7.130061307931975989e+01 2.323902530316121595e+00
7.135057697783859965e+01 2.316179522947582559e+00
7.140051818309896703e+01 2.311445978402474566e+00
7.145058945612221635e+01 2.310269995766519813e+00
7.150064250041292269e+01 2.305597577559879596e+00
7.155074281030603345e+01 2.299207705285454040e+00
7.160077175329789156e+01 2.294252789213642618e+00
7.165072107790369671e+01 2.288253086579335349e+00
7.170061197859612889e+01 2.283973403232012256e+00
7.175068484188005868e+01 2.280266358965724827e+00
7.180069797357522532e+01 2.279534397819868552e+00
7.185052908346605705e+01 2.267392989351099342e+00
7.190049244058428712e+01 2.263599745924718132e+00
7.195053709001591358e+01 2.261259868140957696e+00
7.200073012147062457e+01 2.262676618637326609e+00
7.205075630080007443e+01 2.249646989922529983e+00
7.210071330313708415e+01 2.245791739531720399e+00
7.215064984114650315e+01 2.247767936070153016e+00
7.220059128500021473e+01 2.243752772794783912e+00
7.225074277424388924e+01 2.236974579815379283e+00
7.230070284600866160e+01 2.230972969325390132e+00
7.235076160584758043e+01 2.232659661641322568e+00
7.240070180179232295e+01 2.222976770439055283e+00
7.245056331583070630e+01 2.218934850674374015e+00
7.250071177019162860e+01 2.211884086451070264e+00
7.255074361448450304e+01 2.213990419417159128e+00
7.260075840165679040e+01 2.209745343024260844e+00
7.265067087776864696e+01 2.203984092045303544e+00
7.270069141245362232e+01 2.193641176008025440e+00
7.275062612949844265e+01 2.195261947232181932e+00
7.280060566645578035e+01 2.187814912504910669e+00
7.285083494007679406e+01 2.187790031134864588e+00
7.290074926781362308e+01 2.182209634653426544e+00
7.295071018587948686e+01 2.172050601657395941e+00
7.300075757484900407e+01 2.167953697792013301e+00
7.305066473261940985e+01 2.166105637851611476e+00
7.310065101246341612e+01 2.163112786866621118e+00
7.315065952968613772e+01 2.157581074718659231e+00
7.320053081975895282e+01 2.149203707781890405e+00
7.325048511196247603e+01 2.147421463431823163e+00
7.330055218649900439e+01 2.143599416710160632e+00
7.335057734944857089e+01 2.139322434668928352e+00
7.340073750616149084e+01 2.133118646448448619e+00
7.345066119334092036e+01 2.132013696702472316e+00
7.350069271235936696e+01 2.129381998415905475e+00
7.355065125487764988e+01 2.120447498653183604e+00
7.360067355715841586e+01 2.118799318633349138e+00
7.365065198231539512e+01 2.112444838959554705e+00
7.370058815992244661e+01 2.109888134505119250e+00
7.375074490261759763e+01 2.100893187831839537e+00
7.380071985283433378e+01 2.092578948893266677e+00
7.385058263397081646e+01 2.091857770607613354e+00
7.390056078789331195e+01 2.088871974884860094e+00
7.395068617524700016e+01 2.081482514043484500e+00
7.400068845601435896e+01 2.078170185015383975e+00
7.405069234902053665e+01 2.073722083470937783e+00
7.410075148925902511e+01 2.066489978337151534e+00
7.415065451124954166e+01 2.062296503570496320e+00
7.420056880557223167e+01 2.060985166566971838e+00
7.425046977775809864e+01 2.054409623875912416e+00
7.430067703812518687e+01 2.054110801979950995e+00
7.435078812041055585e+01 2.046288299014479950e+00
7.440072909355558295e+01 2.041829473304843656e+00
7.445069986529563266e+01 2.042048244523190448e+00
7.450061340117312625e+01 2.035367585044378202e+00
7.455057097008574374e+01 2.031417804845943031e+00
7.460055163076238216e+01 2.026603027328215845e+00
7.465072268894796537e+01 2.024351497239033737e+00
7.470068041522551994e+01 2.020454297668206500e+00
7.475074307693199671e+01 2.012987596291502701e+00
7.480074283832119875e+01 2.012816636659080061e+00
7.485075224222836709e+01 2.007671770891327423e+00
7.490079641521823817e+01 2.003634149210647308e+00
7.495062089049905296e+01 1.996226802813797274e+00
7.500065700575025573e+01 1.997454738096442473e+00
7.505060954964648090e+01 1.987939679500100754e+00
7.510068713387616413e+01 1.985883033525401187e+00
7.515072625551053420e+01 1.982900254424989184e+00
7.520069140860303492e+01 1.975847798386270560e+00
7.525086333528427929e+01 1.972776014278222467e+00
7.530082937888276717e+01 1.968725306147959930e+00
7.535074694540101348e+01 1.965997088962119665e+00
7.540074504067418104e+01 1.956790760830343867e+00
7.545074662538237931e+01 1.956776078298167132e+00
7.550056337259302097e+01 1.953269062445991633e+00
7.555052049369368206e+01 1.946978419605672972e+00
7.560065310698057317e+01 1.944067025986695452e+00
7.565075416816121390e+01 1.941204635514266030e+00
7.570071701664222985e+01 1.937507317062395540e+00
7.575061222851250875e+01 1.930670858242210741e+00
7.580065553187749572e+01 1.930807782373667791e+00
7.585058469350046551e+01 1.925436636163384563e+00
7.590066946690396321e+01 1.921736323873860508e+00
7.595068836056216810e+01 1.921007829670329903e+00
7.600060267883431209e+01 1.910169514238955424e+00
7.605067801604742783e+01 1.909570575381580593e+00
7.610063384076626392e+01 1.906942277946728215e+00
7.615078978067847970e+01 1.901455583485357481e+00
7.620064171822374988e+01 1.896818794323130719e+00
7.625054711672333951e+01 1.892375729614711233e+00
7.630061089920927486e+01 1.891738125488080735e+00
7.635063093560049197e+01 1.887174110916065350e+00
7.640070055742589261e+01 1.877462374197595540e+00
7.645076656619778532e+01 1.874154064363720895e+00
7.650077950005926652e+01 1.872903238058033271e+00
7.655064655604263635e+01 1.866590899044427765e+00
7.660067666767272954e+01 1.865552236560757304e+00
7.665071231411040742e+01 1.862928232037839527e+00
7.670071940767236640e+01 1.851696989683203620e+00
7.675062818207145199e+01 1.852120079729033364e+00
7.680054458200679335e+01 1.847358307932447818e+00
7.685066700412623675e+01 1.843667195053784624e+00
7.690075471397413764e+01 1.838217298125006005e+00
7.695071244317165338e+01 1.833824759213334099e+00
7.700064457769639148e+01 1.833670150578376346e+00
7.705070218816516103e+01 1.829492787177393165e+00
7.710061276796189134e+01 1.825312170936235656e+00
7.715066621205893682e+01 1.822708169975100878e+00
7.720073160652232502e+01 1.815716364983592568e+00
7.725066506753948659e+01 1.814760309475455413e+00
7.730053675289693160e+01 1.814427248538374338e+00
7.735056956870909062e+01 1.809467950008598836e+00
7.740076694830369775e+01 1.803976309325726834e+00
7.745065508889175021e+01 1.796648104783905575e+00
7.750075270658241777e+01 1.791836907917834454e+00
7.755075245463144995e+01 1.788649212810705880e+00
7.760063065984935804e+01 1.788137959915425457e+00
7.765070321575937839e+01 1.782130601433891792e+00
7.770058184131811174e+01 1.781676029411146001e+00
7.775045631228616116e+01 1.777772071184824831e+00
7.780052299955025319e+01 1.772522177996305848e+00
7.785061811322584902e+01 1.770576423967315405e+00
7.790069755814592156e+01 1.762921142686017406e+00
7.795066993509645670e+01 1.760016270877315714e+00
7.800070320426156911e+01 1.757011697342275802e+00
7.805076988395472881e+01 1.752913134221017355e+00
7.810068407994884865e+01 1.748471766718209697e+00
7.815063458329811397e+01 1.748439422473969218e+00
7.820071803115827436e+01 1.746786337697559643e+00
7.825068518292077613e+01 1.742813212292698033e+00
7.830071889907812022e+01 1.737115177804191557e+00
7.835056505199914056e+01 1.733673261511160968e+00
7.840063876811422006e+01 1.729755373602036350e+00
7.845076724820752645e+01 1.722809946889132693e+00
7.850062601688682662e+01 1.723787980822696575e+00
7.855066047661884454e+01 1.716754436497295533e+00
7.860066278381508198e+01 1.713797463883838690e+00
7.865070105683354029e+01 1.711642838839562586e+00
7.870060604587553144e+01 1.705997653589721663e+00
7.875065355180748838e+01 1.702417423038758981e+00
7.880076615489335268e+01 1.697230197649077565e+00
7.885061970150083255e+01 1.691701538533540106e+00
7.890069512598000756e+01 1.691706244422904071e+00
7.895064125650461051e+01 1.685935310958153188e+00
7.900061784463736103e+01 1.684002882864656936e+00
7.905068260470351049e+01 1.679377166820583467e+00
7.910073358004940758e+01 1.673762531233551343e+00
7.915067984073604634e+01 1.671053111354872778e+00
7.920060072632530535e+01 1.668804408084233026e+00
7.925070991771819706e+01 1.669078040789597761e+00
7.930076053603696096e+01 1.663987029681591956e+00
7.935075064956362212e+01 1.658723675656804453e+00
7.940072547750777687e+01 1.655476854596132474e+00
7.945072593113725645e+01 1.653037609836203403e+00
7.950062416114546693e+01 1.649297714218096900e+00
7.955061268565088994e+01 1.643677446454000490e+00
7.960060482791865866e+01 1.642432239956432616e+00
7.965063779017333445e+01 1.638586699637289978e+00
7.970067764707702906e+01 1.635145036568264043e+00
7.975065797923312516e+01 1.630713162904757985e+00
7.980064729418937475e+01 1.626888700913916352e+00
7.985057682223765596e+01 1.625885253028237054e+00
7.990072276115488137e+01 1.619984556843171664e+00
7.995070094938157013e+01 1.615710307068331852e+00
8.000052005949608258e+01 1.614047065745836562e+00
8.005064756019791616e+01 1.612012804039584468e+00
8.010064291399586978e+01 1.608796785346185754e+00
8.015065323523694474e+01 1.604334344932810463e+00
8.020069045907618488e+01 1.603122969365306849e+00
8.025074546367891060e+01 1.599021195389280114e+00
8.030068054365692376e+01 1.596051072230614043e+00
8.035062933392651985e+01 1.592525112726063341e+00
8.040062023743929842e+01 1.588836593418748278e+00
8.045058262634873358e+01 1.585684744440109206e+00
8.050060482323091549e+01 1.581540091477371179e+00
8.055065814041469707e+01 1.577116775188068587e+00
8.060061381781277134e+01 1.574822097980932645e+00
8.065049163168612267e+01 1.568198251950921440e+00
8.070067864682820868e+01 1.567300014334683134e+00
8.075072719419868861e+01 1.563528762009728457e+00
8.080069560119804351e+01 1.562210340744943693e+00
8.085072720008511737e+01 1.555132065182710077e+00
8.090059918459566290e+01 1.553325675848541865e+00
8.095069797226732078e+01 1.549709588860013421e+00
8.100072628747037129e+01 1.548034336821714430e+00
8.105066596491020903e+01 1.543160973815103754e+00
8.110053491390247871e+01 1.541714103360242838e+00
8.115064581461599857e+01 1.537571697003146554e+00
8.120071780755598922e+01 1.535987000085179410e+00
8.125056913049471063e+01 1.533656545245501990e+00
8.130062388841243148e+01 1.531247294323383468e+00
8.135060192578023930e+01 1.524713602060419726e+00
8.140059573350035294e+01 1.522287898501095915e+00
8.145064012854679447e+01 1.520194492271060627e+00
8.150073120039212426e+01 1.514114999790880045e+00
8.155075503725153396e+01 1.515272868951208496e+00
8.160059776271727117e+01 1.507191401683756871e+00
8.165051497760852328e+01 1.507617111940468213e+00
8.170062372795770500e+01 1.502506032933271785e+00
8.175068324348895032e+01 1.496361409630543315e+00
8.180065868057219802e+01 1.495218494224620942e+00
8.185060801216476989e+01 1.491623812505438629e+00
8.190060720797325189e+01 1.487999355065225737e+00
8.195073278306765019e+01 1.487502007794469616e+00
8.200068153483279332e+01 1.484000296794618201e+00
8.205065042937812336e+01 1.478313717313792353e+00
8.210065865687079167e+01 1.476235164991723581e+00
8.215069729564295642e+01 1.474144222257084857e+00
8.220080441105518787e+01 1.469753263037422819e+00
8.225072343998640179e+01 1.464424601544144888e+00
8.230069607718056091e+01 1.461445128288602957e+00
8.235055660277505751e+01 1.461070854926629359e+00
8.240063280819842362e+01 1.456924205471791023e+00
8.245071308585386305e+01 1.452444303730231256e+00
8.250065070222582619e+01 1.451466186263036251e+00
8.255080999539379150e+01 1.448092189956863285e+00
8.260060794064355605e+01 1.446454543420375494e+00
8.265058351342750598e+01 1.441353709480037937e+00
8.270070238389254769e+01 1.438540874142456127e+00
8.275059535776185271e+01 1.438377364728829599e+00
8.280068193384541075e+01 1.432612219652062757e+00
8.285065930747785501e+01 1.431704569716334419e+00
8.290056246277856644e+01 1.426761690883364686e+00
8.295061443318822114e+01 1.423795085965960050e+00
8.300069792099935739e+01 1.422492512009301935e+00
8.305058996061495691e+01 1.418358356362769745e+00
8.310064085671682221e+01 1.414723791822917409e+00
8.315062839157525332e+01 1.411184059732910834e+00
8.320060878384710179e+01 1.407939366723357066e+00
8.325063442827286053e+01 1.403873212447714902e+00
8.330056709054171904e+01 1.401351093640361034e+00
8.335053931775884450e+01 1.401374494754530353e+00
8.340053635319384284e+01 1.395831934107823580e+00
8.345063121432903586e+01 1.393130952197549677e+00
8.350055041619420138e+01 1.390201341002429425e+00
8.355057364268577658e+01 1.389106173890028550e+00
8.360054898998552630e+01 1.383848461184451262e+00
8.365051669125759304e+01 1.380262989621271918e+00
8.370058038604668127e+01 1.379640407385626100e+00
8.375051134911305439e+01 1.377155083285984460e+00
8.380059453927552227e+01 1.373988920341198128e+00
8.385050780487192412e+01 1.369507042949325903e+00
8.390061381005928354e+01 1.368265737010473160e+00
8.395070682904152193e+01 1.365856220557696732e+00
8.400061587044575617e+01 1.361782466870357755e+00
8.405066926691544893e+01 1.360887683348775523e+00
8.410062548643203684e+01 1.355367050646863136e+00
8.415073495725221164e+01 1.350419155066007182e+00
8.420083725162690769e+01 1.351420869943956271e+00
8.425076531496900145e+01 1.349795224972935248e+00
8.430060680776267645e+01 1.344724029368763674e+00
8.435055764847578530e+01 1.342372443631996815e+00
8.440061002678389457e+01 1.338797230900337532e+00
8.445077491139556969e+01 1.338779227788382542e+00
8.450078817497008288e+01 1.331679514442672296e+00
8.455074589247141148e+01 1.329511524942514455e+00
8.460073437873982982e+01 1.330445311547048926e+00
8.465066113206482612e+01 1.325873248435709861e+00
8.470071557061724832e+01 1.322834804269898523e+00
8.475065115121917358e+01 1.320448172240746620e+00
8.480063418980859069e+01 1.316280600181048088e+00
8.485066460852381454e+01 1.313696131346926865e+00
8.490062758450689273e+01 1.312038526616636336e+00
8.495075405742173302e+01 1.309200718347538706e+00
8.500058128620887032e+01 1.304072409636434005e+00
8.505052608964408023e+01 1.304288846683426595e+00
8.510053595481066679e+01 1.301256365679154037e+00
8.515058491547064534e+01 1.297302142182103823e+00
8.520072267622893492e+01 1.294633563171611712e+00
8.525065297660262331e+01 1.290319395141644065e+00
8.530061146004418049e+01 1.289149704601976643e+00
8.535060342914304954e+01 1.286707591946893103e+00
8.540066745759193623e+01 1.284681191531265254e+00
8.545060895460365202e+01 1.279629831968844389e+00
8.550057032255175216e+01 1.276101781578570682e+00
8.555068495657442895e+01 1.274416237682138853e+00
8.560067515382100112e+01 1.272575428011617937e+00
8.565063647086222431e+01 1.269711045976120944e+00
8.570064579552558826e+01 1.267277933647021904e+00
8.575057251211694620e+01 1.264063457935234114e+00
8.580052390842315901e+01 1.262795255339286493e+00
8.585064788181922779e+01 1.259617544875753836e+00
8.590060852984082373e+01 1.255434581760552115e+00
8.595061963450514497e+01 1.253069870211952264e+00
8.600070284410818999e+01 1.252616909623481156e+00
8.605072317602213161e+01 1.248176039365676671e+00
8.610074865953444601e+01 1.247180931651836300e+00
8.615063984349956172e+01 1.240580705445038845e+00
8.620071096469301608e+01 1.240581254968309066e+00
8.625059084022993261e+01 1.238853199609176947e+00
8.630065609635799717e+01 1.238798243391605380e+00
8.635072959374187462e+01 1.231939730640587927e+00
8.640061506888987708e+01 1.227493337320493039e+00
8.645069549907235285e+01 1.229835876255960914e+00
8.650064856629455790e+01 1.225963992792134860e+00
8.655065267582149602e+01 1.222141738911860065e+00
8.660062065985762558e+01 1.218873784337179744e+00
8.665063139598194653e+01 1.217658428002001303e+00
8.670069926104542901e+01 1.214360453428682263e+00
8.675061813732774851e+01 1.211659643581580292e+00
8.680063599026416910e+01 1.209651865579068675e+00
8.685062341554782961e+01 1.205336748781025369e+00
8.690066534610711813e+01 1.203346446512078005e+00
8.695065890316050172e+01 1.200249195313344064e+00
8.700068258669440979e+01 1.197824059275389930e+00
8.705068789434881182e+01 1.194146314283424770e+00
8.710073430022170271e+01 1.193521550188254121e+00
8.715073625712081196e+01 1.191063739860419357e+00
8.720071944953542697e+01 1.188576224418833593e+00
8.725065874059880855e+01 1.185484507622784678e+00
8.730065385491546692e+01 1.181659594404160130e+00
8.735071773693692876e+01 1.181805476413830602e+00
8.740067291151538598e+01 1.179243944762244034e+00
8.745069089587315148e+01 1.175500059303765443e+00
8.750059524727170412e+01 1.173843931468812496e+00
8.755063393985311393e+01 1.171391558191062110e+00
8.760072521610700846e+01 1.167266634635522493e+00
8.765070461050113693e+01 1.167173256655806624e+00
8.770071890489063549e+01 1.164728190576582501e+00
8.775064728536050040e+01 1.163071386204478364e+00
8.780066340967854899e+01 1.159582464597473273e+00
8.785061758882334004e+01 1.157001090450094916e+00
8.790069966232417187e+01 1.153925460877890607e+00
8.795081255270730480e+01 1.150943699089406191e+00
8.800065892052096217e+01 1.147879975588366186e+00
8.805068046215481559e+01 1.145502503750755130e+00
8.810074622042790793e+01 1.143977088236276529e+00
8.815068777402876776e+01 1.142194341364605181e+00
8.820056999239014317e+01 1.138967734213361283e+00
8.825063293195866265e+01 1.136275458075887590e+00
8.830068724278304160e+01 1.135484913950576935e+00
8.835073110258727525e+01 1.131330330638061987e+00
8.840079703231447183e+01 1.131056112290840465e+00
8.845083020292958054e+01 1.128337997290386197e+00
8.850076563709151856e+01 1.125468377208944881e+00
8.855063553538322196e+01 1.121759449714451629e+00
8.860062705552091700e+01 1.120900832257404556e+00
8.865051892067423012e+01 1.117490434084118966e+00
8.870061903020686600e+01 1.117356628825583398e+00
8.875074341963603786e+01 1.114982625866302479e+00
8.880069649634492635e+01 1.112523958266504076e+00
8.885071344892412526e+01 1.108596699311803047e+00
8.890062388383235259e+01 1.107659453120750648e+00
8.895060466980305591e+01 1.105440204222291056e+00
8.900051192815253387e+01 1.100956651349835447e+00
8.905066102494254210e+01 1.099754439271964035e+00
8.910075018557721194e+01 1.096757724122245259e+00
8.915065987269676384e+01 1.094281359327479386e+00
8.920074459493167751e+01 1.092342702519093045e+00
8.925074341970011460e+01 1.089608425379333001e+00
8.930067606158073090e+01 1.086188904248895692e+00
8.935064465320694183e+01 1.085694073942339966e+00
8.940064087878988630e+01 1.083210187245307043e+00
8.945064319424200505e+01 1.079452877653263920e+00
8.950064421180226759e+01 1.078073868042901173e+00
8.955057753817223443e+01 1.074516916612788808e+00
8.960058054534367500e+01 1.073315114469097775e+00
8.965061121043279968e+01 1.073286263021653308e+00
8.970060486906020003e+01 1.067820502872245614e+00
8.975065684933389321e+01 1.067411365130778833e+00
8.980064097263824863e+01 1.063638490659861269e+00
8.985074011343861855e+01 1.062480101691600787e+00
8.990072914643546653e+01 1.060185387651443989e+00
8.995069471840930930e+01 1.057777080673530712e+00
9.000061567245546712e+01 1.054971960655185059e+00
9.005060451355357998e+01 1.052837431426179915e+00
9.010066164734236338e+01 1.051408686389665670e+00
9.015058063102021890e+01 1.048441333581788149e+00
9.020066981206871048e+01 1.045688352539068555e+00
9.025061891167177919e+01 1.043390270481877602e+00
9.030058063625472187e+01 1.043378338000999994e+00
9.035069862056877810e+01 1.039759404510335550e+00
9.040063721053816437e+01 1.039516567030501326e+00
9.045068187473133037e+01 1.036176667174893096e+00
9.050070412097294081e+01 1.033892933274964454e+00
9.055071582655412499e+01 1.031637157931978521e+00
9.060074590370700776e+01 1.028430556999757384e+00
9.065071954180082514e+01 1.027425900601553366e+00
9.070070414937342207e+01 1.024027766667076955e+00
9.075071652356483298e+01 1.021743966305416418e+00
9.080073853391084526e+01 1.020221358061621286e+00
9.085071662263727887e+01 1.015830740796014098e+00
9.090070285251101723e+01 1.015942189975955534e+00
9.095065177011029789e+01 1.013770880511217332e+00
9.100073488155234713e+01 1.013556931573364128e+00
9.105069866664597100e+01 1.010453175235027423e+00
9.110067736133585470e+01 1.006567105153767905e+00
9.115066164323077658e+01 1.006163519557899066e+00
9.120067497178406768e+01 1.003773181789099356e+00
9.125068141284850753e+01 1.000707550561763748e+00
9.130062622558105545e+01 9.991588926663871328e-01
9.135066117588171153e+01 9.985741620864275747e-01
9.140065141538008220e+01 9.950431692865158162e-01
9.145068138473658337e+01 9.924899281835698472e-01
9.150069039643479130e+01 9.917665744615136170e-01
9.155071593148433351e+01 9.889514627260167501e-01
9.160080367935793788e+01 9.874081746874036059e-01
9.165061737073069992e+01 9.846792279051241881e-01
9.170060817655109986e+01 9.811702633083999592e-01
9.175058865088804794e+01 9.800291257760301855e-01
9.180049265407282633e+01 9.779684810137990736e-01
9.185058971654700599e+01 9.767574522160071826e-01
9.190068301485227664e+01 9.760140237929667562e-01
9.195060490867638237e+01 9.735333315343839278e-01
9.200056221650915234e+01 9.713355876564807589e-01
9.205061548325311094e+01 9.697096820992016086e-01
9.210076346697475458e+01 9.678651152749617737e-01
9.215078845474795344e+01 9.677305313655119035e-01
9.220060419601414026e+01 9.631913537683612914e-01
9.225059746084708934e+01 9.620356045455318306e-01
9.230067734231083421e+01 9.588679827381357823e-01
9.235073177795210597e+01 9.566735110276017862e-01
9.240064045690999706e+01 9.554597605142528538e-01
9.245063157109922258e+01 9.538370768229167407e-01
9.250078057204220272e+01 9.522028585359592068e-01
9.255072433387988440e+01 9.496321445650826032e-01
9.260073057984830314e+01 9.475834272567984495e-01
9.265065869044863689e+01 9.462057578204904340e-01
9.270063560508695844e+01 9.435039319490131637e-01
9.275067620960689396e+01 9.412251868541122723e-01
9.280063727441186927e+01 9.401258295082159933e-01
9.285065446184212590e+01 9.385081378307198463e-01
9.290065078317546465e+01 9.365813428488203307e-01
9.295073425389733757e+01 9.353407785956591169e-01
9.300067900763730222e+01 9.318227853922274040e-01
9.305066207492778574e+01 9.311206865105420283e-01
9.310064897906700310e+01 9.283186932473105335e-01
9.315062622189709884e+01 9.268656331387777891e-01
9.320059985716629569e+01 9.268316596394851059e-01
9.325071190903473450e+01 9.230261765430377574e-01
9.330073508132683457e+01 9.220417720043421195e-01
9.335066973357385223e+01 9.200268355152266819e-01
9.340068252241590585e+01 9.192138586191993532e-01
9.345057102658101655e+01 9.179307702568295646e-01
9.350065641105707925e+01 9.139539441274088238e-01
9.355067747282180335e+01 9.130291967369246198e-01
9.360058086835567792e+01 9.119232763744911097e-01
9.365060040510233819e+01 9.094438454627132851e-01
9.370058214130268937e+01 9.068882729094447370e-01
9.375071349954021116e+01 9.062141867567240494e-01
9.380064575722563802e+01 9.043187428528632887e-01
9.385065603128978751e+01 9.012810488683824506e-01
9.390066055478293094e+01 9.007580806994911482e-01
9.395067012729866462e+01 8.985386860343437254e-01
9.400073547639510707e+01 8.969711539492331021e-01
9.405064106370717525e+01 8.946038206407893600e-01
9.410066747113194197e+01 8.935363646670503313e-01
9.415062831545455424e+01 8.929475309961827367e-01
9.420064524406151918e+01 8.905966096244661845e-01
9.425063592468441698e+01 8.886515345719535608e-01
9.430071603443974482e+01 8.878731627661465842e-01
9.435084978846010983e+01 8.845896890570708049e-01
9.440072589518690904e+01 8.831453260261208360e-01
9.445063572665263507e+01 8.813037480825774983e-01
9.450060037327034479e+01 8.797412069813436153e-01
9.455061099756481724e+01 8.780525088717455739e-01
9.460066160523612666e+01 8.767486922914803360e-01
9.465070343930108265e+01 8.741515194897516716e-01
9.470070340329958469e+01 8.721865042240245502e-01
9.475076856330568376e+01 8.722333384693209402e-01
9.480071786998738048e+01 8.696924037717260747e-01
9.485059575869554749e+01 8.669755564947871918e-01
9.490062200472793563e+01 8.669855376914432643e-01
9.495059153222072723e+01 8.647880986356626387e-01
9.500060916233462649e+01 8.640553667830058737e-01
9.505058405688886580e+01 8.602772554155437845e-01
9.510062103402634648e+01 8.597907332707309669e-01
9.515070626581375279e+01 8.582149781913245290e-01
9.520074820467674215e+01 8.568209649511422388e-01
9.525077257252138452e+01 8.547641376935692925e-01
9.530060977714117598e+01 8.540855508479306968e-01
9.535056604075973041e+01 8.517343748697095984e-01
9.540054222256354421e+01 8.514245057263474248e-01
9.545053721567489902e+01 8.481561074849772730e-01
9.550066559135430566e+01 8.463815800842610093e-01
9.555070107743208041e+01 8.449318348281532609e-01
9.560068189569460628e+01 8.425372681573930489e-01
9.565062150426840049e+01 8.407240141218564888e-01
9.570068484578779078e+01 8.395663464106822849e-01
9.575065983295563399e+01 8.381660526350357410e-01
9.580068015784988233e+01 8.365321727898926696e-01
9.585070548727827600e+01 8.353216583717714139e-01
9.590067278065059497e+01 8.351265332189142798e-01
9.595068562266027357e+01 8.331055363915044198e-01
9.600067075531137561e+01 8.318797441628130729e-01
9.605064480354532463e+01 8.306657793438918524e-01
9.610060831827868810e+01 8.280592517359255389e-01
9.615071146236661548e+01 8.277056409524101710e-01
9.620073364420061068e+01 8.266270285911295757e-01
9.625071630024669389e+01 8.237646792965254150e-01
9.630073274647288883e+01 8.231702650858110371e-01
9.635076816718918735e+01 8.206218118751275048e-01
9.640074103949068274e+01 8.209335713891292574e-01
9.645064409383613224e+01 8.193020451240422553e-01
9.650066663688329527e+01 8.170735461024024593e-01
