1.256637126207351685e-01 3.989627929687500000e+03
1.936915606260299627e-01 1.455667089843750091e+03
2.513274252414703369e-01 2.208751139322916515e+03
2.944022864103317261e-01 9.254226074218750000e+02
3.554306328296661377e-01 1.121412516276041515e+03
3.955082564781873811e-01 5.797802984775640880e+02
4.615716010332107655e-01 6.320386230468750455e+02
5.164058804512023926e-01 5.919265407986110858e+02
5.455598746027264800e-01 4.232394438244047592e+02
5.891914814710617065e-01 5.294956868489582575e+02
6.408908295987257864e-01 4.641451142723880707e+02
6.941244165102641306e-01 4.417811197916666970e+02
7.549341718355814246e-01 3.363505419481982130e+02
8.082685545086860657e-01 3.785143229166666288e+02
8.458872155139320892e-01 2.947588661595394797e+02
9.033976386463831165e-01 3.225542121362433932e+02
9.538741086920102807e-01 3.535966796875000000e+02
1.002606617948396561e+00 3.152685706967213264e+02
1.050080132484435991e+00 2.827786458333333712e+02
1.095276718554289541e+00 2.804211107336956275e+02
1.148735394760898254e+00 2.788883240582191547e+02
1.197364068031311124e+00 2.773527669270833371e+02
1.253252735099639192e+00 2.682333082329316767e+02
1.301195175307137575e+00 2.480672712053571445e+02
1.350340962409973145e+00 2.457016679067460245e+02
1.397053004916669616e+00 2.436804240319865187e+02
1.446786667240990587e+00 2.333875434027777942e+02
1.501695110947299794e+00 2.443736163147138996e+02
1.550154135684774337e+00 2.366783459595959869e+02
1.601738236568592155e+00 2.288996155753968083e+02
1.647772800055960385e+00 2.314805372807017534e+02
1.697513295382988119e+00 2.040281218241870249e+02
1.749398548968667422e+00 2.302794445194384707e+02
1.801815896144401075e+00 1.891784756600659989e+02
1.854311002948419773e+00 1.971177115091463747e+02
1.903488172029776715e+00 1.902455560737976725e+02
1.952342433013101397e+00 1.762417843638789918e+02
1.999453311039106396e+00 1.829045843908629365e+02
2.048669610900440308e+00 1.866038411458333428e+02
2.101181018737054540e+00 1.772608366935484128e+02
2.154098840860219966e+00 1.633592273954116081e+02
2.199303392983653183e+00 1.681713357937116484e+02
2.248528172677023207e+00 1.571019371345029185e+02
2.303006410598754883e+00 1.612674921383647870e+02
2.353418758259483656e+00 1.636156910758706431e+02
2.402637737900463311e+00 1.529156859931113672e+02
2.448554739992842677e+00 1.513643663194444571e+02
2.499090067645225233e+00 1.491892469958202980e+02
2.549658622302062305e+00 1.518012106604609812e+02
2.600952340680148911e+00 1.433790915266798436e+02
2.651313533667959632e+00 1.374592619509043914e+02
2.702490112360786068e+00 1.336765344158496873e+02
2.752956631759745587e+00 1.305547248089780226e+02
2.797749358087681770e+00 1.368638627629449900e+02
2.849414770365116478e+00 1.258864102086438095e+02
2.901561026847945257e+00 1.256318494711889144e+02
2.949750350581274994e+00 1.181651837384259238e+02
2.998665080524131721e+00 1.237994621459694997e+02
3.049010105637519175e+00 1.212170772984886611e+02
3.100398808880581836e+00 1.195979764344262293e+02
3.150818746732328979e+00 1.169701721669680552e+02
3.200939400679145841e+00 1.143078737745098010e+02
3.249633022646403635e+00 1.128958765560165887e+02
3.300127326483013768e+00 1.097951867816091891e+02
3.348483428887441438e+00 1.076385102689125262e+02
3.399607315620657211e+00 1.101799442488262883e+02
3.448719927469889424e+00 1.046598958333333371e+02
3.499342967069685173e+00 1.035400704399406777e+02
3.551474963231986415e+00 1.001997800586510294e+02
3.598900760213533889e+00 9.984365234374999432e+01
3.651035188841221135e+00 9.411936509247027516e+01
3.700662589665808522e+00 9.324459996414913121e+01
3.751511811793449613e+00 9.445549366535604463e+01
3.801618192488687153e+00 9.152441748903508767e+01
3.851254485091384794e+00 9.180590986394557262e+01
3.901226825121409281e+00 8.764752373759171178e+01
3.948670251141286780e+00 8.633195389851485402e+01
4.001451143603901528e+00 8.736562728185469950e+01
4.052280480987929145e+00 8.256716681269470826e+01
4.102052814176515128e+00 8.056463976674190519e+01
4.151093749575814229e+00 8.330713519313304971e+01
4.200442130105537686e+00 8.142017754723346457e+01
4.251136814637041184e+00 7.779230689368770868e+01
4.299210999832778768e+00 7.304945782103824570e+01
4.350458908696328564e+00 7.747822580645161850e+01
4.400665589089600260e+00 7.314838242698891690e+01
4.450478535124709367e+00 7.619852285071384301e+01
4.500022132996065238e+00 7.117200303179285470e+01
4.550446791199227903e+00 7.126606155413270471e+01
4.600092420408226523e+00 7.037471704266420147e+01
4.650210011078793393e+00 6.591440376722368910e+01
4.700629595459484555e+00 6.849106471994535639e+01
4.749898185810824458e+00 6.691823720859824220e+01
4.799578612586753223e+00 6.608401632585751884e+01
4.849740758713929623e+00 6.358713072749196016e+01
4.899993706213586542e+00 6.461319359962152475e+01
4.949341788918080631e+00 6.339492976641414401e+01
4.999815610851473302e+00 6.127197490409206893e+01
5.049952627308602615e+00 6.088090099191770577e+01
5.099298258856230781e+00 5.978255974264705941e+01
5.150254496972274332e+00 5.719204572376214202e+01
5.199142517336761138e+00 5.729011784709193478e+01
5.249453250256330250e+00 5.754112473812848805e+01
5.300164924855151227e+00 5.461506837400985148e+01
5.351194235644229025e+00 5.387292150841080485e+01
5.400960675954554979e+00 5.394669158361018901e+01
5.450257125402332647e+00 5.248979418823038401e+01
5.500682865381752329e+00 5.211606137387387605e+01
5.549218122000597830e+00 5.028586300229023465e+01
5.600000335002996543e+00 5.140421983758700719e+01
5.649736614175454363e+00 4.954102093351453107e+01
5.699883098365530643e+00 4.968176684008762578e+01
5.750283329191223203e+00 4.908178592995169254e+01
5.800844330747943367e+00 4.868569466595782558e+01
5.851527811214188191e+00 4.860740942538433274e+01
5.901139501297178569e+00 4.701368297433547383e+01
5.952051273107690221e+00 4.515958078750848159e+01
6.002043196207571540e+00 4.507407091521106679e+01
6.051370665339476318e+00 4.496927933561523361e+01
6.100040307612490942e+00 4.452864761456908127e+01
6.151338437490640132e+00 4.284292271993543721e+01
6.201845191216835751e+00 4.193600496810599054e+01
6.251546338561632332e+00 4.181209070072036837e+01
6.301411320163105678e+00 4.121863501635322535e+01
6.351121094491746888e+00 4.026986369680850686e+01
6.402993818717075847e+00 4.014736301910627247e+01
6.451004855903611279e+00 3.987057970592799450e+01
6.500587485631307061e+00 3.911038825757575665e+01
6.550027029602877526e+00 3.858079584134971185e+01
6.600096165964067119e+00 3.852604611823361580e+01
6.651203611202781474e+00 3.745807481101126513e+01
6.700403804908146022e+00 3.740439051043429686e+01
6.751129568914272738e+00 3.662598968330134142e+01
6.801152226429867831e+00 3.647817603266089748e+01
6.850567314012454112e+00 3.611064293032787020e+01
6.899983763743045451e+00 3.458523820372619895e+01
6.950432818525864143e+00 3.550798289044873002e+01
7.000477802606276612e+00 3.430371251006441469e+01
7.050299486470248844e+00 3.388468064336184682e+01
7.100577605904697442e+00 3.357614181175876666e+01
7.150282711587289342e+00 3.276456623772224219e+01
7.201425401940038995e+00 3.270829450139795114e+01
7.251291360812208708e+00 3.203458036606696879e+01
7.301384627104277492e+00 3.183048084759576213e+01
7.350121157509939884e+00 3.120576523019921922e+01
7.400243896042705494e+00 3.084440849099354409e+01
7.450219004942361778e+00 3.037167614288996020e+01
7.499767164549090204e+00 3.017740449061662034e+01
7.551036194214812980e+00 3.047409257748776668e+01
7.600875332768869619e+00 2.978404457640105107e+01
7.650993174920037276e+00 2.867037685337726316e+01
7.700625888088293181e+00 2.879357899958228728e+01
7.751154263814290069e+00 2.877812829641350234e+01
7.801801090622451973e+00 2.823931648368404979e+01
7.851364051006665790e+00 2.808962437133277490e+01
7.900769558997057018e+00 2.761140755976404648e+01
7.950365025915012041e+00 2.702893014421215767e+01
8.001249973326832077e+00 2.687267200918713783e+01
8.050346754310522712e+00 2.665344313261504183e+01
8.100376043699483830e+00 2.655835465062684264e+01
8.150963831689653105e+00 2.608544296057137046e+01
8.200066242110258585e+00 2.553198269774011209e+01
8.249809700602813933e+00 2.561428045531039643e+01
8.300552262369116363e+00 2.519098328906596151e+01
8.351090274807287273e+00 2.484092343893480148e+01
8.400210126764326546e+00 2.465960791037951694e+01
8.450394926559216202e+00 2.390191692600276596e+01
8.500459425828198690e+00 2.378332712206243116e+01
8.550917286194149369e+00 2.362257405238962349e+01
8.600510843254964399e+00 2.345007796588594573e+01
8.651023792021119263e+00 2.272932676156882437e+01
8.701256476197366752e+00 2.339414642023670510e+01
8.749915613828461503e+00 2.269159569245218577e+01
8.800112521877306193e+00 2.230581666264963658e+01
8.849632071888843043e+00 2.201781637312459239e+01
8.900357776251059505e+00 2.185480953031130369e+01
8.950608837287235886e+00 2.138008703659695797e+01
9.000569819962127127e+00 2.117484601869014682e+01
9.051041288617525993e+00 2.092103801169590582e+01
9.100140618044129326e+00 2.083457714992389853e+01
9.150794710576331426e+00 2.058680134520652061e+01
9.200358087057745493e+00 2.053616640717675068e+01
9.250378436494685275e+00 1.991898148148148096e+01
9.300396476966747983e+00 1.970152392396766672e+01
9.350845697771076104e+00 1.954447878456545951e+01
9.401427877347279249e+00 1.917959980809617093e+01
9.450856317468241841e+00 1.928867718962585087e+01
9.501285360508264333e+00 1.865574165977391630e+01
9.551415626509362156e+00 1.895859304071513307e+01
9.601472418873740367e+00 1.905466741645244255e+01
9.650873339522149763e+00 1.831215549274443433e+01
9.700105298531504161e+00 1.813923939272069319e+01
9.749807236595939841e+00 1.809637391882900914e+01
9.800617716807657587e+00 1.797565902046877895e+01
9.850939668539123062e+00 1.784320484760051784e+01
9.900672862260712748e+00 1.742562483749350122e+01
9.951023643831279131e+00 1.733804520853231423e+01
1.000061390381357818e+01 1.720755057803468091e+01
1.005121303910567399e+01 1.710918427230047101e+01
1.010050487470579128e+01 1.675272929179179116e+01
1.015040394560108972e+01 1.661421638694208625e+01
1.020064233832726863e+01 1.663769185138463413e+01
1.025078872432590593e+01 1.648263682110528805e+01
1.030144077410513148e+01 1.648930433219485892e+01
1.035026615037620701e+01 1.622182066846522730e+01
1.040053707544599071e+01 1.607774368204950122e+01
1.045062977445541463e+01 1.598306892462544049e+01
1.050056916228905557e+01 1.582051199473262315e+01
1.055045547200590939e+01 1.575714721504450111e+01
1.060065943225193585e+01 1.559401604453176127e+01
1.065092618802826330e+01 1.535555142432216158e+01
1.069994190739775242e+01 1.528660018100807605e+01
1.075051342579590496e+01 1.507490000529773333e+01
1.080116309617008952e+01 1.495980776064731188e+01
1.085092532135009691e+01 1.494705666666666666e+01
1.090057119699959287e+01 1.484213525835866321e+01
1.095056114183856977e+01 1.459352365692251574e+01
1.100044795380789964e+01 1.469380042963428679e+01
1.105059621997271790e+01 1.437481148491879246e+01
1.110083536315899444e+01 1.417303393619183183e+01
1.115081901025334687e+01 1.415522426095820663e+01
1.120129035153903629e+01 1.390235881542699836e+01
1.125116374248475992e+01 1.405644677985369739e+01
1.130128079566052257e+01 1.378263797343203478e+01
1.135044509838974847e+01 1.385065686848006195e+01
1.140071777468021708e+01 1.357506938384719852e+01
1.145113705378753899e+01 1.355236065141267332e+01
1.150054064506493923e+01 1.329165760869565105e+01
1.155054572698180770e+01 1.336889514824156500e+01
1.160060598127213360e+01 1.333661217684268507e+01
1.165085593945590148e+01 1.298185114458404676e+01
1.170069293131600929e+01 1.307603524982888388e+01
1.175142896112726554e+01 1.291209910913140391e+01
1.180137066716670269e+01 1.278995843399175669e+01
1.185030839024950744e+01 1.268951916268365920e+01
1.190112650803973615e+01 1.270015257434531719e+01
1.195087750005856186e+01 1.256061972350024547e+01
1.200028886778134840e+01 1.245031305407801447e+01
1.205087280971257790e+01 1.229062116694158924e+01
1.210120573097985641e+01 1.213775666229794759e+01
1.215069798464289086e+01 1.199758953168044151e+01
1.220084588704311912e+01 1.211661989849639909e+01
1.225095075397515565e+01 1.210308285924989491e+01
1.230055747642593111e+01 1.205384970105584586e+01
1.235044509892075659e+01 1.189433388697506544e+01
1.240025358236334618e+01 1.174516836460571945e+01
1.245059963946805226e+01 1.180813131159508522e+01
1.250021218005843338e+01 1.154668454412481715e+01
1.255088259279081875e+01 1.147592231287690545e+01
1.260128860653785665e+01 1.144037721247718054e+01
1.265098919510728237e+01 1.124913936372269774e+01
1.270151919945489816e+01 1.130217728710319847e+01
1.275059048606717838e+01 1.116572476037705819e+01
1.280015324543435007e+01 1.101964815248351570e+01
1.285005587414941175e+01 1.095413397706698788e+01
1.290055459179237118e+01 1.097950972347970477e+01
1.295101831716038809e+01 1.080873072676920721e+01
1.300061854953515450e+01 1.078376221329410001e+01
1.305073094795649524e+01 1.055137982472496816e+01
1.310051576040570609e+01 1.058921140665796301e+01
1.315089754552600176e+01 1.046999940120863570e+01
1.320081412118408615e+01 1.051216159623905888e+01
1.325056877988023629e+01 1.032768603145067132e+01
1.329997547558646787e+01 1.041338365575845160e+01
1.334989268379465521e+01 1.021183512968804763e+01
1.340063178882596162e+01 1.015325289375775242e+01
1.345111248053373743e+01 1.008422986323524206e+01
1.350104577716931509e+01 9.993774926081275822e+00
1.355110471056903876e+01 9.924167619443577948e+00
1.360103386653534407e+01 9.925901458673747513e+00
1.365064521999293667e+01 9.773116408934706456e+00
1.370108558817629785e+01 9.682399138301033048e+00
1.375063751069574458e+01 9.752412056010928865e+00
1.380020275550391951e+01 9.654189526184540071e+00
1.385010291988493947e+01 9.544193676675282845e+00
1.389993945742187975e+01 9.534389696881845566e+00
1.395077535055353124e+01 9.521108532666906044e+00
1.400033540187661885e+01 9.384688793995859868e+00
1.405076036390690319e+01 9.260866249960390206e+00
1.410091255677794386e+01 9.204179514547755403e+00
1.415099424006951345e+01 9.071658869642178047e+00
1.420090845382453182e+01 9.269237366329138084e+00
1.425058535625662692e+01 9.038167378124226659e+00
1.430068992108075854e+01 9.075266547853548360e+00
1.435081631969962146e+01 9.094976942111578921e+00
1.440116277072030648e+01 8.948821963419874237e+00
1.445095548372230709e+01 8.782470621365726871e+00
1.450106060960858834e+01 8.836770093250443381e+00
1.455087147615679299e+01 8.734712037885731917e+00
1.460089164482430135e+01 8.711818421966825099e+00
1.465096435834932009e+01 8.645188144252667684e+00
1.470042432961008316e+01 8.701321532492725552e+00
1.474998265362896355e+01 8.602237654320987303e+00
1.479989122439800120e+01 8.450872520470534610e+00
1.485068890065675262e+01 8.421183489500544184e+00
1.490091461135759410e+01 8.404581901489118323e+00
1.495142624477786164e+01 8.337600831731171169e+00
1.500125581199326774e+01 8.335240225692466254e+00
1.505058992571524001e+01 8.270375477152800414e+00
1.510096182188420677e+01 8.222912543635413130e+00
1.515041653809440625e+01 8.190108520004457660e+00
1.520050358450064110e+01 8.132945811832801297e+00
1.525026187279651246e+01 8.153815750189989942e+00
1.530061285776438496e+01 8.010626173236792269e+00
1.535093523531647719e+01 8.033438291350126548e+00
1.540080134614941620e+01 7.952238546349818193e+00
1.545125002511655588e+01 7.866175634524400273e+00
1.550055590549435180e+01 7.868905608662777773e+00
1.554990690009351617e+01 7.759554370721432726e+00
1.560029939283501221e+01 7.828493538477162339e+00
1.565051554421477675e+01 7.735065589822068155e+00
1.570055893919154144e+01 7.695569011918493629e+00
1.575055944300927990e+01 7.712911766565502703e+00
1.580089161127091657e+01 7.634615749886036085e+00
1.585074981409009887e+01 7.576060876928867316e+00
1.590132026779191321e+01 7.608783899970521070e+00
1.595119615174483307e+01 7.550226418209994073e+00
1.600061799840658239e+01 7.514330025576705374e+00
1.605077212836705058e+01 7.438890870402888211e+00
1.610103563786684688e+01 7.411928481415322345e+00
1.615061123591991432e+01 7.381341140146552959e+00
1.620065196690424969e+01 7.383115441762702069e+00
1.625089452027982517e+01 7.325083003673354298e+00
1.630118119518434128e+01 7.256515736342042722e+00
1.635146405608891840e+01 7.256098517124665470e+00
1.640076947667969520e+01 7.223710175939134004e+00
1.645087400555846102e+01 7.186275705820842852e+00
1.650098843068070664e+01 7.170576505650496202e+00
1.655106400710294778e+01 7.124007786732939884e+00
1.660084850266487777e+01 7.059693369462006096e+00
1.665053292522144801e+01 6.977474733802562668e+00
1.670094208154347726e+01 7.021495635924432044e+00
1.675068958911364447e+01 6.986100228351393326e+00
1.680052177009391556e+01 6.898217939972714596e+00
1.685039801592866127e+01 6.881001377410468578e+00
1.690071147848142274e+01 6.890316769913447992e+00
1.695034504331302116e+01 6.825464140386571898e+00
1.700024952897776132e+01 6.810856655940384918e+00
1.705080262949346803e+01 6.745264023125469244e+00
1.710038038467472177e+01 6.718910214809527659e+00
1.715073677186147094e+01 6.728402055865449150e+00
1.720103001431176537e+01 6.708108017398775935e+00
1.725093874646400494e+01 6.727667227798247218e+00
1.730026876303448802e+01 6.624725344432927265e+00
1.735069699187642200e+01 6.585680760140985690e+00
1.740111744736490706e+01 6.596658501531618590e+00
1.745083602976958304e+01 6.598359648021428825e+00
1.750079017405409587e+01 6.589912550176128647e+00
1.755058064951854391e+01 6.595814302137708474e+00
1.760098984156358171e+01 6.519101712074737875e+00
1.765084796114107490e+01 6.480243352375473442e+00
1.770084590768282951e+01 6.465820410518919203e+00
1.775113545986024732e+01 6.434586160377732789e+00
1.780111750417361804e+01 6.343345366034261801e+00
1.785112557577493675e+01 6.290490406715298910e+00
1.790043071854657697e+01 6.361407217722724994e+00
1.795093294930180150e+01 6.297676351546690476e+00
1.800117591338927880e+01 6.307731077892190896e+00
1.805102955138067244e+01 6.220609799014624741e+00
1.810081125040843375e+01 6.239577903272516934e+00
1.815070355316448669e+01 6.224546554533255893e+00
1.820082603023814727e+01 6.186464718069160540e+00
1.825104242422729328e+01 6.167439523649656863e+00
1.830110038363673652e+01 6.158118147928086650e+00
1.835056608576439530e+01 6.114417408310186097e+00
1.840052225601024816e+01 6.080036569148935754e+00
1.845054397902244503e+01 6.090832157968971039e+00
1.850066401639472602e+01 6.076778926407083503e+00
1.855077375907742265e+01 6.010612486095661566e+00
1.860040149003351218e+01 6.004446215341023851e+00
1.865036571685475764e+01 5.983622353925909465e+00
1.870055233191315480e+01 5.960214164872347453e+00
1.875038082358441471e+01 5.927795052139908982e+00
1.880030100158329631e+01 5.929514918131131296e+00
1.885065092426605204e+01 5.889108301432396608e+00
1.890032953550104367e+01 5.893173245614034883e+00
1.895058111422453706e+01 5.841903266220819013e+00
1.900068398728053864e+01 5.819668055120303052e+00
1.905038713710101916e+01 5.830300251542560375e+00
1.910077607978132974e+01 5.783788128182706600e+00
1.915069731442681800e+01 5.802524784482758768e+00
1.920059048440732141e+01 5.740152901824349563e+00
1.925035227553674133e+01 5.750301793760095315e+00
1.930047157178797690e+01 5.716343310692079349e+00
1.935052191971805868e+01 5.687059791924780505e+00
1.940062364124835170e+01 5.716510056050116084e+00
1.945076194647657530e+01 5.657468155310005464e+00
1.950064015704267106e+01 5.621453109981590757e+00
1.955103246253348104e+01 5.621323285993312879e+00
1.960103224732800342e+01 5.624869085121471990e+00
1.965096451560197721e+01 5.594304143034096732e+00
1.970039326907732402e+01 5.570704794337607346e+00
1.975045869793262909e+01 5.492629814753399842e+00
1.980112994754063038e+01 5.518324996783324998e+00
1.985113240949997149e+01 5.493245250598191909e+00
1.990129882447748955e+01 5.505539624608967841e+00
1.995102839468674816e+01 5.472097274831650537e+00
2.000083692040861649e+01 5.442364990506378675e+00
2.005054571725930401e+01 5.437268518518519222e+00
2.010084313615223905e+01 5.395748416173661077e+00
2.015039891387192839e+01 5.403817769422373019e+00
2.020032978626047537e+01 5.384427687949143504e+00
2.025088372940374271e+01 5.364173145498233097e+00
2.030029183479597066e+01 5.377886728771666291e+00
2.035052695173413539e+01 5.337947609017165362e+00
2.040075823535785560e+01 5.332100583257090243e+00
2.045089601889413444e+01 5.322536695111325322e+00
2.050073645873280981e+01 5.295121965107274065e+00
2.055053498245830212e+01 5.246917109137961610e+00
2.060058405558038430e+01 5.243719023515764910e+00
2.065032429254589985e+01 5.256894619244047107e+00
2.070047025335771806e+01 5.263835150881386760e+00
2.075044015714700407e+01 5.240748948589660117e+00
2.080056166383511851e+01 5.192840021437171494e+00
2.085052640866095430e+01 5.199037146763902051e+00
2.090093885348607117e+01 5.167802873349716997e+00
2.095072566472917686e+01 5.193716929762847379e+00
2.100045951270690026e+01 5.149977727888247259e+00
2.105041555584098489e+01 5.138868597456171194e+00
2.110036039795015128e+01 5.109891131832159594e+00
2.115060440588723267e+01 5.090309925289764337e+00
2.120099297639964320e+01 5.105521900722324702e+00
2.125110208021147429e+01 5.063104418984118560e+00
2.130047153211643263e+01 5.049804413169279194e+00
2.135095211249340252e+01 5.054683351261557434e+00
2.140153998728464302e+01 5.013522717961324204e+00
2.145140411864241869e+01 5.001830329892903215e+00
2.150109067953851039e+01 4.977560287725109056e+00
2.155071421888607830e+01 5.005225422338521746e+00
2.160095248613489716e+01 4.988123821538544611e+00
2.165078368034290790e+01 4.985217413236481043e+00
2.170103250420297769e+01 4.964200258604601679e+00
2.175113749075196878e+01 4.938081919459655467e+00
2.180066400185297226e+01 4.927588867603235556e+00
2.185095183544095931e+01 4.921624922482154219e+00
2.190070081606517505e+01 4.865782647821713880e+00
2.195052143564337399e+01 4.895708992094861323e+00
2.200016785070007685e+01 4.887698104259158960e+00
2.205017752243192319e+01 4.887630479831132746e+00
2.210016093160606587e+01 4.874497146141086645e+00
2.215052494156026341e+01 4.874392727489699872e+00
2.220099768268121565e+01 4.840939330503444715e+00
2.225093828405544372e+01 4.841747299014935280e+00
2.230088287983462081e+01 4.841224723327213653e+00
2.235050207682091994e+01 4.815234750817779741e+00
2.240027092684176679e+01 4.798452386906399525e+00
2.245050285997742989e+01 4.787190487750224044e+00
2.250092599038523389e+01 4.780495648089389427e+00
2.255080398875536929e+01 4.768605083974981618e+00
2.260054706545379233e+01 4.743963577314832314e+00
2.265063038163662057e+01 4.745154122541603847e+00
2.270025254152363914e+01 4.756297787881055505e+00
2.275050358802700146e+01 4.744068699011161350e+00
2.280034136030533887e+01 4.714149969948974395e+00
2.285072882878251832e+01 4.691880283915433658e+00
2.290066141892027929e+01 4.680783340033623396e+00
2.295053262466946720e+01 4.663929076875505508e+00
2.300116596624015131e+01 4.696852843175550518e+00
2.305075049811972576e+01 4.692399390022730543e+00
2.310085238957240961e+01 4.666905143802077660e+00
2.315075103044907934e+01 4.668837737345546302e+00
2.320056411088655324e+01 4.657942160472183346e+00
2.325069316575375922e+01 4.657966695880806363e+00
2.330102321943878252e+01 4.652181478129367775e+00
2.335094979495398704e+01 4.602584749025600885e+00
2.340077491351943451e+01 4.608771181404510031e+00
2.345090180360846333e+01 4.608138134851138545e+00
2.350069764984864307e+01 4.593278165336542429e+00
2.355079805083223476e+01 4.563409035189746277e+00
2.360089425887846915e+01 4.576511918069622986e+00
2.365111588592037251e+01 4.539337132742564229e+00
2.370079117479742337e+01 4.574526601181013064e+00
2.375070238000955669e+01 4.545432034087733442e+00
2.380072099427258792e+01 4.507216135236697951e+00
2.385044315484774557e+01 4.533530232020392958e+00
2.390062030528307702e+01 4.511469077755723589e+00
2.395079098070538137e+01 4.469395043408930235e+00
2.400087914898061214e+01 4.494712567945972737e+00
2.405047136728556012e+01 4.498865342054518379e+00
2.410094161555001691e+01 4.493924392439243576e+00
2.415096374291990955e+01 4.475096426647019676e+00
2.420035762630187293e+01 4.465255823065283458e+00
2.425062718572708675e+01 4.443070169116940527e+00
2.430056200939818467e+01 4.420116098241098079e+00
2.435074088185508856e+01 4.405442888684160785e+00
2.440058288212754434e+01 4.425223944863553527e+00
2.445050734240095736e+01 4.406446016063500615e+00
2.450068293811746400e+01 4.421100508804811646e+00
2.455072252521220122e+01 4.397622285416149523e+00
2.460081802631937720e+01 4.368866383145495469e+00
2.465048464938207218e+01 4.370098229739954654e+00
2.470070557930939970e+01 4.361669892755053901e+00
2.475098408547652795e+01 4.369644068580591068e+00
2.480073664568702796e+01 4.353605268638067294e+00
2.485031139239437081e+01 4.354518261158886183e+00
2.490072463844199291e+01 4.328716173733715422e+00
2.495100174296157647e+01 4.329021734179520742e+00
2.500090082264989988e+01 4.344982257028357608e+00
2.505070236710282572e+01 4.296872178527718411e+00
2.510076910204727341e+01 4.300168136133846630e+00
2.515074714444360993e+01 4.279649991974881829e+00
2.520042346985152193e+01 4.281913862036042850e+00
2.525087251929459242e+01 4.276314916067618377e+00
2.530067364950122766e+01 4.270194968741289010e+00
2.535041708261922722e+01 4.247191090681934789e+00
2.540064572517422192e+01 4.260652833513967508e+00
2.545058671133012140e+01 4.221714167799572870e+00
2.550091448992870014e+01 4.221265323058108088e+00
2.555093562505498284e+01 4.224480006623661410e+00
2.560076420353996340e+01 4.225757329951036034e+00
2.565050233917104450e+01 4.186242360299219811e+00
2.570088089215357030e+01 4.191814387822948795e+00
2.575089593395361831e+01 4.192113546631999199e+00
2.580055172488612314e+01 4.185288140916648025e+00
2.585065705518562851e+01 4.205163146879757008e+00
2.590040009142965260e+01 4.189160710742864779e+00
2.595045451330076602e+01 4.175609128425837646e+00
2.600041449295903817e+01 4.160725886174269306e+00
2.605043175508030728e+01 4.151941119771440647e+00
2.610049216203561073e+01 4.131682245703669487e+00
2.615052744885751324e+01 4.138992971943129540e+00
2.620081245176917406e+01 4.132027748934310019e+00
2.625064376793082488e+01 4.119536188848735847e+00
2.630053287468589573e+01 4.085109239882782184e+00
2.635101688869864489e+01 4.105458721298137270e+00
2.640098937474011720e+01 4.089259675801985239e+00
2.645040677875825708e+01 4.080754258236801491e+00
2.650060382162935113e+01 4.105326322012714080e+00
2.655045256895379424e+01 4.075625281278127510e+00
2.660025631369433086e+01 4.056115627339822893e+00
2.665085337050840764e+01 4.049624737793692475e+00
2.670089682513944851e+01 4.040054114283685216e+00
2.675085862322766772e+01 4.036724336767862020e+00
2.680077379233840063e+01 4.040076648690426708e+00
2.685114965594502934e+01 4.005956450849418538e+00
2.690100378496506650e+01 3.993624089979011416e+00
2.695034706866618635e+01 4.024252215983331382e+00
2.700052841649375068e+01 4.025735215593469363e+00
2.705072101866625545e+01 3.985919739410585638e+00
2.710069443800647093e+01 3.999358510711579218e+00
2.715078986062405875e+01 3.974243953766610549e+00
2.720089493456375251e+01 3.961089257137507147e+00
2.725057769076351022e+01 3.970634431616725024e+00
2.730033549125748493e+01 3.958886521464646258e+00
2.735052912710215978e+01 3.968461833476626843e+00
2.740061522037846942e+01 3.942042580189749845e+00
2.745070084770054564e+01 3.927652872439945320e+00
2.750096527171193372e+01 3.934051563083820646e+00
2.755103462783471358e+01 3.940503591557540375e+00
2.760049968995508962e+01 3.911799455044301155e+00
2.765053177889601344e+01 3.909457690442331046e+00
2.770036622615669586e+01 3.932651387442775093e+00
2.775054988188822946e+01 3.877170806770718681e+00
2.780062562883384203e+01 3.905142696315287321e+00
2.785044576349854850e+01 3.865542202761463209e+00
2.790070893961808807e+01 3.881816955191416341e+00
2.795038926939105650e+01 3.875888552135167586e+00
2.800057880835900548e+01 3.878964128022052371e+00
2.805066800443194808e+01 3.863602303084109124e+00
2.810107801910153924e+01 3.844454874223774077e+00
2.815115147865971323e+01 3.858493936155571014e+00
2.820044725741460923e+01 3.840433452620324317e+00
2.825040259489045624e+01 3.849651050221788662e+00
2.830043012984087625e+01 3.866443755483830014e+00
2.835059611158580495e+01 3.840719750581870873e+00
2.840043375018342431e+01 3.819618774399621053e+00
2.845045081296103717e+01 3.826776696363664687e+00
2.850041934162237567e+01 3.834265761455896815e+00
2.855035665006607104e+01 3.825785942479773993e+00
2.860065628427968321e+01 3.827788247031941982e+00
2.865062202782436529e+01 3.805396884130030966e+00
2.870086574409789293e+01 3.805021197366824204e+00
2.875095097308470926e+01 3.800130828925924575e+00
2.880071965891575303e+01 3.797534921073008274e+00
2.885023923582780014e+01 3.779479844375209563e+00
2.890050167422365490e+01 3.806276773611329656e+00
2.895070215097079469e+01 3.782579151676175311e+00
2.900065347826904372e+01 3.748112868101395545e+00
2.905081112941260457e+01 3.774036709867868655e+00
2.910056439627211589e+01 3.769506282410757692e+00
2.915042575030595273e+01 3.763040305806749863e+00
2.920043042605855632e+01 3.749791053329232238e+00
2.925076636279083431e+01 3.747121613172926136e+00
2.930084321682425852e+01 3.746004471983154005e+00
2.935070565647483676e+01 3.725520557930143362e+00
2.940088173014940054e+01 3.714816650827880817e+00
2.945065901268334230e+01 3.691533043779137380e+00
2.950069929838434035e+01 3.715481678099648910e+00
2.955051767266316176e+01 3.710030375999246122e+00
2.960069847837196377e+01 3.698955684448127279e+00
2.965080039456267258e+01 3.694296770460381296e+00
2.970062591625485382e+01 3.685211108018215054e+00
2.975060950619111466e+01 3.673492246558017538e+00
2.980050069104065713e+01 3.681923626139709693e+00
2.985055554323798788e+01 3.657612649207765187e+00
2.990066955052829911e+01 3.677971719736238931e+00
2.995082529205978972e+01 3.676120823866027010e+00
3.000070388283209866e+01 3.642002017039043249e+00
3.005093720211255359e+01 3.641789802866513881e+00
3.010063232593409666e+01 3.633158923806279361e+00
3.015060885573432614e+01 3.643279451295836413e+00
3.020077941803320698e+01 3.624731803675926400e+00
3.025042159237726480e+01 3.608924941726558533e+00
3.030049283039372909e+01 3.632247979101960400e+00
3.035065172418487123e+01 3.591033328578415507e+00
3.040092396144631337e+01 3.602322485461615376e+00
3.045061899439206599e+01 3.600612173031383367e+00
3.050062299842226565e+01 3.584890222920407155e+00
3.055062136019501651e+01 3.594325580290161692e+00
3.060036071826926829e+01 3.587862868430277796e+00
3.065068276140530301e+01 3.587111934255522883e+00
3.070067093794826718e+01 3.586416678942575320e+00
3.075070739398880093e+01 3.570980748085871070e+00
3.080069406674522270e+01 3.552997962429182088e+00
3.085055902468600664e+01 3.556530023326898160e+00
3.090042768187009870e+01 3.555153205183271048e+00
3.095057938439754608e+01 3.579060467439855842e+00
3.100056714637308275e+01 3.544668022761114479e+00
3.105027657948960851e+01 3.522692536264717678e+00
3.110045185950545488e+01 3.536599255446925660e+00
3.115079716584278557e+01 3.525368605051627302e+00
3.120089638300272838e+01 3.537250949843097736e+00
3.125061034946996230e+01 3.529723131024214311e+00
3.130074673395984064e+01 3.505868040305281319e+00
3.135087371096646081e+01 3.501131073398771942e+00
3.140070298512654645e+01 3.509131510391663600e+00
3.145048999559004343e+01 3.493551453057542222e+00
3.150054566235555598e+01 3.491330303315749450e+00
3.155095465298380120e+01 3.492702766826111471e+00
3.160059061739232078e+01 3.489092586954866793e+00
3.165063358798569126e+01 3.486513655136646239e+00
3.170080811001844268e+01 3.485295144058963679e+00
3.175077922846383416e+01 3.488574387105769947e+00
3.180073041957039948e+01 3.466845088749292092e+00
3.185061501289119335e+01 3.469371256083863653e+00
3.190059534907069860e+01 3.464318639084583928e+00
3.195055220581018673e+01 3.453579701863048967e+00
3.200080217994445064e+01 3.445367455927463407e+00
3.205069744610977267e+01 3.451523934470972943e+00
3.210050528371473888e+01 3.424813112297119488e+00
3.215073795427445447e+01 3.422937774672231814e+00
3.220057376437510754e+01 3.423279024108121238e+00
3.225057755887306854e+01 3.426816667882235823e+00
3.230065419623123546e+01 3.436163131871117660e+00
3.235074821529837408e+01 3.423772061748785234e+00
3.240068920145048992e+01 3.427808738801243038e+00
3.245066524920769524e+01 3.418217375533598723e+00
3.250067061912027810e+01 3.408749880495703710e+00
3.255045672500492770e+01 3.389905782183939564e+00
3.260061114312246389e+01 3.389666148249683708e+00
3.265063760042713170e+01 3.397939486240734386e+00
3.270057442976514039e+01 3.385967454824392320e+00
3.275070100505863735e+01 3.385867935511183369e+00
3.280094527007205585e+01 3.390367595706346382e+00
3.285066030973816709e+01 3.376991904465041827e+00
3.290059813941013545e+01 3.373693603696758192e+00
3.295073451895240169e+01 3.353334157528224946e+00
3.300095649687233390e+01 3.352236320472041342e+00
3.305110906618631361e+01 3.354323770372568791e+00
3.310064384792069347e+01 3.348604136707333812e+00
3.315037612876064799e+01 3.353010730685057172e+00
3.320039352890535156e+01 3.339983293691244803e+00
3.325075369626339494e+01 3.324479682220022436e+00
3.330079563727023384e+01 3.334306869217576796e+00
3.335041517110537512e+01 3.309609483425477450e+00
3.340042234386024944e+01 3.336627723599413287e+00
3.345068942173323023e+01 3.313863064594058550e+00
3.350090898686119090e+01 3.314895474089032401e+00
3.355076868455447681e+01 3.304882157004465526e+00
3.360083299996632178e+01 3.297819031165084791e+00
3.365062953487561259e+01 3.294104176501000403e+00
3.370054413012797312e+01 3.295424519931906104e+00
3.375043567752315710e+01 3.309622522336616246e+00
3.380061640845230642e+01 3.276608193133634384e+00
3.385089393014911963e+01 3.289513531636107935e+00
3.390082568859970991e+01 3.278736704480119890e+00
3.395079958664522479e+01 3.268100808812664848e+00
3.400065462941210370e+01 3.283627077030996766e+00
3.405091816079112021e+01 3.263363150651663602e+00
3.410090749058920068e+01 3.258997812414547557e+00
3.415074457596266910e+01 3.251766192523445564e+00
3.420065295071830036e+01 3.252817042136343595e+00
3.425051858506616043e+01 3.245137619948280427e+00
3.430084962655262615e+01 3.232644440138020769e+00
3.435071212962177611e+01 3.237391701322243520e+00
3.440066905842098777e+01 3.247700045817162540e+00
3.445042983328236375e+01 3.229401651168113840e+00
3.450043860660466777e+01 3.225466543065107494e+00
3.455076374242391068e+01 3.226343949784345355e+00
3.460068794302640782e+01 3.223245838432001076e+00
3.465065597891599936e+01 3.215501745961308444e+00
3.470061275611706719e+01 3.205542194357694719e+00
3.475062702078484023e+01 3.225508120491527908e+00
3.480052422475197460e+01 3.202326769945049278e+00
3.485065294727289142e+01 3.206724870343447886e+00
3.490062447937064150e+01 3.188715354215149844e+00
3.495074122486598611e+01 3.179702921059476939e+00
3.500077310510111062e+01 3.186083231716849262e+00
3.505065889052637829e+01 3.177716092348163546e+00
3.510073836994573782e+01 3.170041156535826854e+00
3.515075393740908538e+01 3.177590677870976599e+00
3.520070871574944249e+01 3.164407344354229767e+00
3.525045083160344461e+01 3.171954437304266516e+00
3.530049570869167752e+01 3.170878391052842193e+00
3.535059160776241782e+01 3.158802182425834992e+00
3.540068430971665947e+01 3.142777245427657462e+00
3.545074911362522840e+01 3.147353235978771924e+00
3.550036890253176836e+01 3.144965242847370224e+00
3.555064134077936444e+01 3.131134474630938858e+00
3.560078931342755482e+01 3.142291183265905286e+00
3.565108547588086907e+01 3.132575064305500590e+00
3.570094795766028284e+01 3.123447183505652536e+00
3.575062622600737683e+01 3.134295353612765123e+00
3.580091761654597349e+01 3.117914938677922354e+00
3.585068011788996500e+01 3.128066348574033650e+00
3.590063654732295362e+01 3.106359563550517233e+00
3.595064781968525836e+01 3.099047366638691070e+00
3.600064661787772025e+01 3.119353146683723210e+00
3.605065997098245134e+01 3.112128253015887136e+00
3.610055580292227972e+01 3.097811600896818174e+00
3.615066567295489364e+01 3.108064453541840244e+00
3.620070823995840925e+01 3.097289568233016599e+00
3.625063407140827110e+01 3.080475869500091779e+00
3.630053903480800415e+01 3.083059623806446936e+00
3.635076095548847519e+01 3.082493570301209296e+00
3.640064521820000465e+01 3.077595532082277874e+00
3.645059114817902213e+01 3.073521248472572687e+00
3.650037969898852452e+01 3.076338051663330297e+00
3.655041555911058992e+01 3.062010595144539327e+00
3.660066049185408588e+01 3.074325947646237012e+00
3.665073222235510997e+01 3.052934814333596591e+00
3.670097527299056139e+01 3.049249478415503312e+00
3.675066829186678774e+01 3.037799010579012027e+00
3.680079532898415096e+01 3.052254652328821649e+00
3.685063282247625693e+01 3.040523568047225567e+00
3.690036457791557467e+01 3.023961970276361377e+00
3.695044255330601146e+01 3.020588040400094432e+00
3.700056414896440060e+01 3.027850157865045855e+00
3.705061200566700563e+01 3.022498561383317739e+00
3.710054642744190545e+01 3.022420796100731000e+00
3.715099645420669816e+01 3.008865959928640255e+00
3.720099847428265605e+01 3.002979853672597788e+00
3.725092363794612282e+01 2.993272699428260353e+00
3.730065785688235991e+01 3.001994874533575608e+00
3.735047039871516006e+01 2.993433480707395233e+00
3.740074484956132039e+01 2.992806839567160537e+00
3.745078498921309773e+01 2.982381724884832330e+00
3.750081080030444269e+01 2.976774091605927985e+00
3.755066575910367987e+01 2.977835093365063468e+00
3.760075719290531993e+01 2.979033482499600538e+00
3.765058742029950167e+01 2.965408806800284403e+00
3.770070520800517500e+01 2.963346401352924264e+00
3.775074171766122078e+01 2.952886912736691460e+00
3.780054920228933923e+01 2.973245616950008330e+00
3.785028605357963016e+01 2.965003767905888932e+00
3.790014956604337470e+01 2.951941920979497702e+00
3.795070399093049929e+01 2.936426169980943524e+00
3.800064488374761140e+01 2.939698884274932755e+00
3.805063670460460656e+01 2.937769459712923581e+00
3.810066986978391412e+01 2.944582569650098236e+00
3.815047335562729103e+01 2.924561739785840775e+00
3.820070457166085731e+01 2.928197915452083855e+00
3.825054652004534717e+01 2.921669286803173726e+00
3.830059095506936728e+01 2.911485134669994146e+00
3.835060440364230061e+01 2.932099945999459667e+00
3.840060189880973240e+01 2.923619966767138312e+00
3.845047415235990229e+01 2.904532306019944610e+00
3.850045558810032276e+01 2.898575358326009432e+00
3.855068545891874265e+01 2.909772404225076770e+00
3.860077335274264954e+01 2.903857600587631538e+00
3.865079795446190758e+01 2.900477016019779253e+00
3.870069735860561622e+01 2.885902286290305874e+00
3.875074558129854552e+01 2.886854464993946490e+00
3.880072689471128911e+01 2.877891432729241750e+00
3.885070431159810767e+01 2.882668574308479670e+00
3.890076604177426134e+01 2.877402080464087408e+00
3.895077654249089250e+01 2.878672929964187777e+00
3.900065635008523657e+01 2.873734866273647715e+00
3.905068303866070778e+01 2.855567978440881838e+00
3.910086666979864845e+01 2.862707251102377448e+00
3.915075167994284300e+01 2.852954708265401873e+00
3.920080110904684290e+01 2.861396799283316916e+00
3.925051722509476093e+01 2.854539140634646088e+00
3.930049924941769746e+01 2.841149018936243387e+00
3.935068663145851531e+01 2.853535862453637328e+00
3.940062002802714858e+01 2.853889660142000739e+00
3.945094720807892230e+01 2.843562691962434830e+00
3.950072275578882852e+01 2.835825554736755905e+00
3.955068874417335678e+01 2.831055158041823727e+00
3.960047988298316568e+01 2.830758240636799705e+00
3.965028426911310078e+01 2.823305450550677609e+00
3.970050640123277219e+01 2.827914543914375134e+00
3.975057126679874386e+01 2.823257025482257543e+00
3.980063131454883063e+01 2.814419790086902129e+00
3.985062444376308832e+01 2.817348687882758718e+00
3.990046459422952552e+01 2.810108477115073722e+00
3.995030915473805777e+01 2.790500495696720318e+00
4.000070700697658310e+01 2.797555574362446063e+00
4.005068128997515231e+01 2.789723462559362765e+00
4.010049471442144409e+01 2.791272995474123775e+00
4.015069681665188028e+01 2.796124852630017532e+00
4.020082895179550064e+01 2.787260136362038843e+00
4.025072769209087653e+01 2.792032988044995889e+00
4.030051348483454632e+01 2.775262201423531749e+00
4.035072609931964394e+01 2.776687329824276240e+00
4.040037176569849464e+01 2.769029856582054361e+00
4.045042667732217012e+01 2.766340315028160024e+00
4.050053434909590777e+01 2.756550347771103748e+00
4.055043005389622834e+01 2.772588867443329441e+00
4.060045540580550494e+01 2.763777711422216843e+00
4.065048092584816430e+01 2.771805615793157873e+00
4.070078642837128058e+01 2.764589605925768190e+00
4.075040725570445943e+01 2.750117506549545787e+00
4.080059557345823151e+01 2.751225900699716842e+00
4.085087876590859679e+01 2.730786279910483394e+00
4.090052355963207731e+01 2.743031746990681530e+00
4.095053410493387958e+01 2.739174250246797282e+00
4.100046890014794343e+01 2.737604376821340502e+00
4.105055555589980543e+01 2.723585495393871181e+00
4.110055962388238271e+01 2.727055147099965104e+00
4.115058724083828423e+01 2.715674473526995758e+00
4.120063807828946523e+01 2.712960151749802318e+00
4.125078781157126429e+01 2.716480538501887754e+00
4.130070977352312411e+01 2.712609725206672984e+00
4.135072597204173661e+01 2.709172444883523934e+00
4.140062101981526865e+01 2.709110793534056594e+00
4.145046210781828933e+01 2.696689563717122873e+00
4.150064410670492521e+01 2.689578263840172845e+00
4.155055390754394296e+01 2.694240948073135300e+00
4.160071856321656014e+01 2.690023132297904684e+00
4.165062465436843553e+01 2.680890959204959234e+00
4.170074665647079826e+01 2.674920195269951950e+00
4.175092031344095034e+01 2.672479533627991177e+00
4.180083223468388809e+01 2.670873177188819891e+00
4.185091650497393800e+01 2.667572757982265230e+00
4.190058894312653592e+01 2.656519739891090470e+00
4.195057327773436384e+01 2.663186710211518982e+00
4.200054620451269471e+01 2.657825948030188012e+00
4.205070097649376493e+01 2.652602770449484559e+00
4.210104367677791259e+01 2.648123548470848743e+00
4.215062999266064736e+01 2.647730529241283826e+00
4.220062489273367845e+01 2.639658604200118663e+00
4.225072019983769422e+01 2.632597572605575920e+00
4.230080984542261291e+01 2.637270116762737260e+00
4.235048512465247939e+01 2.627312951094793902e+00
4.240039033711827443e+01 2.624480379619618109e+00
4.245058113897258067e+01 2.618785626190484717e+00
4.250051056501101243e+01 2.621566933272077016e+00
4.255075469310492764e+01 2.619894643475250806e+00
4.260088839389085535e+01 2.605807760011478624e+00
4.265066822100642696e+01 2.601014035808547842e+00
4.270042497031288775e+01 2.602310911561307893e+00
4.275056154529104191e+01 2.605038160419379079e+00
4.280061966166783094e+01 2.602309790127555811e+00
4.285072612642605350e+01 2.594024897189093348e+00
4.290063911686539910e+01 2.593355428202186452e+00
4.295047238065683359e+01 2.588719145634659657e+00
4.300068081100387474e+01 2.586747646909183462e+00
4.305065341004009127e+01 2.579668344484579823e+00
4.310092706765931325e+01 2.574507249946852649e+00
4.315079602200330555e+01 2.579581480988281772e+00
4.320049660447120488e+01 2.583906974520770561e+00
4.325044276895134487e+01 2.575145866255993177e+00
4.330057972539024291e+01 2.560799424077784714e+00
4.335073935269073786e+01 2.562407195576294150e+00
4.340062665975187173e+01 2.555347353703405489e+00
4.345083521863485743e+01 2.557821881198663494e+00
4.350080434733149559e+01 2.554766149065199610e+00
4.355066849370164306e+01 2.548965954488158658e+00
4.360066807944897249e+01 2.533968749896187145e+00
4.365063945197720585e+01 2.537096485648405952e+00
4.370057186563911955e+01 2.542521002331931790e+00
4.375058189073340742e+01 2.541587439973968188e+00
4.380066239129499195e+01 2.524060155015797946e+00
4.385070439948531629e+01 2.523173952147895971e+00
4.390071035686884926e+01 2.531023011358044084e+00
4.395067528124658196e+01 2.522519828959914445e+00
4.400082397187517103e+01 2.525388187880979629e+00
4.405064825126752481e+01 2.515833046795690198e+00
4.410055966609562716e+01 2.510204015407430322e+00
4.415064464392477106e+01 2.509277078975908459e+00
4.420062521994253046e+01 2.511929602753412816e+00
4.425074133285379219e+01 2.503664191458926158e+00
4.430056633737652305e+01 2.489035194096265613e+00
4.435070835691129076e+01 2.501772813004491613e+00
4.440078972329759210e+01 2.488452553986710836e+00
4.445074787044538311e+01 2.492525342456939796e+00
4.450068873751220622e+01 2.480124370151799873e+00
4.455068020915655325e+01 2.482831209007016593e+00
4.460077488805040957e+01 2.476254697707868768e+00
4.465062459263209860e+01 2.480172119109715467e+00
4.470071478766311657e+01 2.468821934484285219e+00
4.475070854589100833e+01 2.472705398005948574e+00
4.480054713876269545e+01 2.461774181046210597e+00
4.485054816752502660e+01 2.463820974519837836e+00
4.490070656619563039e+01 2.453109460274244924e+00
4.495070056087058674e+01 2.464421216053241270e+00
4.500056910314840763e+01 2.456741131183637350e+00
4.505070887203213914e+01 2.447387300812907007e+00
4.510061236772134663e+01 2.446914743379679624e+00
4.515073277013259201e+01 2.444249918606293814e+00
4.520069200387877117e+01 2.441019254755222967e+00
4.525066379076972112e+01 2.437614624645565886e+00
4.530070851487537453e+01 2.432341185592703958e+00
4.535066554677655404e+01 2.426748157157259111e+00
4.540070412847448011e+01 2.416782081520215453e+00
4.545055029283572168e+01 2.411440967720026141e+00
4.550056965286096755e+01 2.414104544586305856e+00
4.555054912766672004e+01 2.414230630729605309e+00
4.560058025539878912e+01 2.405753154442348052e+00
4.565062272089560480e+01 2.404886036272715799e+00
4.570060765623707510e+01 2.394188553225845784e+00
4.575072027820378651e+01 2.402587381031753733e+00
4.580063544467018488e+01 2.398329288392911263e+00
4.585061524648342157e+01 2.385377303186356546e+00
4.590038557800846775e+01 2.386566570667695064e+00
4.595044581013677742e+01 2.385593469272413447e+00
4.600053540272723041e+01 2.388286819546868500e+00
4.605059275114101780e+01 2.378678361743264080e+00
4.610084778734601940e+01 2.377913474886374168e+00
4.615078372778435067e+01 2.369653864056830095e+00
4.620079763110578597e+01 2.369329903782880109e+00
4.625069257879680862e+01 2.362648412057537062e+00
4.630076930310873706e+01 2.362994785250883023e+00
4.635061760445957191e+01 2.358714311193020663e+00
4.640048883980021799e+01 2.357241561458497614e+00
4.645059142980773004e+01 2.353380392844615976e+00
4.650073860852782559e+01 2.352985766469144924e+00
4.655062247296019962e+01 2.345200282917742740e+00
4.660054129780100141e+01 2.338386074110657464e+00
4.665067910891992398e+01 2.339343532986111196e+00
4.670057831041176399e+01 2.341993845192419599e+00
4.675073081291679244e+01 2.330534737374695631e+00
4.680064903311568969e+01 2.319568189198278674e+00
4.685054893440595691e+01 2.335512827158040761e+00
4.690047720868597025e+01 2.322218339631757722e+00
4.695055373767551288e+01 2.323603391899736970e+00
4.700068443481134040e+01 2.315937239957500449e+00
4.705054892794714760e+01 2.314316971565430148e+00
4.710090191639649504e+01 2.314880296938708781e+00
4.715086923685525022e+01 2.305261016631449777e+00
4.720079403182356970e+01 2.302652125766208702e+00
4.725071271028107134e+01 2.307000744628040501e+00
4.730064744448333869e+01 2.301732545767749993e+00
4.735056319112582912e+01 2.291073195805926055e+00
4.740048645981774200e+01 2.289471823233674375e+00
4.745072982557754671e+01 2.293271969080553419e+00
4.750080386038112579e+01 2.284638678283695601e+00
4.755087940005583391e+01 2.282241590559347166e+00
4.760072805312179867e+01 2.283600629461973064e+00
4.765067020928979247e+01 2.276883378127166679e+00
4.770065166037148430e+01 2.268435461486048688e+00
4.775059472584882059e+01 2.264588294103493826e+00
4.780054320846981142e+01 2.260236456513903924e+00
4.785051871527539191e+01 2.258547558811572209e+00
4.790068485360295369e+01 2.256414204603453655e+00
4.795068468835729902e+01 2.255601827562084605e+00
4.800081266340075814e+01 2.254077704197901433e+00
4.805067758293061075e+01 2.247909617743030442e+00
4.810057955891159054e+01 2.246811577617209732e+00
4.815065247583424224e+01 2.241090927441752090e+00
4.820058876752798938e+01 2.241049770527050899e+00
4.825062758151098308e+01 2.237433418036992805e+00
4.830050891861813511e+01 2.231111485353158397e+00
4.835059949104871180e+01 2.226347532051455413e+00
4.840061817680124534e+01 2.229473016925219930e+00
4.845059197059676848e+01 2.221276756865912638e+00
4.850071348765496282e+01 2.224480869269549022e+00
4.855070861047948938e+01 2.216034523171711790e+00
4.860079885823664370e+01 2.215393169521610250e+00
4.865073159027676297e+01 2.213697128708373096e+00
4.870062505589664426e+01 2.208955819351185568e+00
4.875064142241748044e+01 2.203564683789066780e+00
4.880070725855863856e+01 2.194507022887845160e+00
4.885077510260894940e+01 2.194726507592996256e+00
4.890071465607211110e+01 2.199090202115587367e+00
4.895074531240822324e+01 2.186358592076525831e+00
4.900073502381767554e+01 2.186881310827853753e+00
4.905077811013303801e+01 2.186029106558275981e+00
4.910070723550170868e+01 2.180115583320153760e+00
4.915070259051960733e+01 2.173950224916878504e+00
4.920063847882943975e+01 2.173157012737121807e+00
4.925059680352623559e+01 2.175306493977822608e+00
4.930058817457437215e+01 2.163474738887853466e+00
4.935066150186425205e+01 2.165134422006149695e+00
4.940082702243974921e+01 2.156854905199044659e+00
4.945071213629248774e+01 2.158517418181629566e+00
4.950066337522281401e+01 2.153500945494563279e+00
4.955070025329212768e+01 2.153484983753793269e+00
4.960068424121411823e+01 2.145576066405946669e+00
4.965064114312914256e+01 2.142535942563286611e+00
4.970072747776619337e+01 2.140560378500091954e+00
4.975072021790703047e+01 2.138913437767149262e+00
4.980057431660738132e+01 2.132369771863117602e+00
4.985075637656007075e+01 2.135621093829522810e+00
4.990071580811433449e+01 2.129223784673356157e+00
4.995063927006449234e+01 2.125165983076384713e+00
5.000060084925996762e+01 2.122984493622019464e+00
5.005045873064565853e+01 2.116526400410221331e+00
5.010048364727365566e+01 2.118177033937003628e+00
5.015058301511334093e+01 2.108992969988368937e+00
5.020059771037254848e+01 2.109420072115384404e+00
5.025046478966564933e+01 2.104623691832303134e+00
5.030058377984222062e+01 2.104156517836389018e+00
5.035069760041683651e+01 2.103891935902815202e+00
5.040084924235802077e+01 2.102476762659895915e+00
5.045068624624399689e+01 2.096362577931345506e+00
5.050060330114866503e+01 2.096741623792349518e+00
5.055056632414860474e+01 2.090298662935323293e+00
5.060048892831081702e+01 2.087066910011480481e+00
5.065076270012374238e+01 2.083953216568419808e+00
5.070074418145034656e+01 2.082094872203689384e+00
5.075072033235919378e+01 2.082379866934081392e+00
5.080056856830650247e+01 2.075124512220168693e+00
5.085063996342848469e+01 2.071235120569655752e+00
5.090079576010987950e+01 2.063451506684319092e+00
5.095067199178613038e+01 2.064086802378774177e+00
5.100077085900777263e+01 2.061875615269624706e+00
5.105066948456282461e+01 2.055478552051543062e+00
5.110067782431391947e+01 2.054888274926081948e+00
5.115071056813979311e+01 2.049808947691714955e+00
5.120086418384877192e+01 2.046380704275961193e+00
5.125089251453216832e+01 2.041095114927914622e+00
5.130069535899511379e+01 2.037522839754841275e+00
5.135077314432863460e+01 2.038441576989821868e+00
5.140079527368695267e+01 2.032367036890598389e+00
5.145076795720253671e+01 2.030884611632466807e+00
5.150067190460001854e+01 2.028902508551881478e+00
5.155055705950405098e+01 2.026752186716703097e+00
5.160060338144170089e+01 2.020820831000882389e+00
5.165077786608629395e+01 2.015662462073794181e+00
5.170079892531500576e+01 2.013723479197746080e+00
5.175076409355646234e+01 2.020168121679096096e+00
5.180081050879348936e+01 2.005346922322590597e+00
5.185063236522091756e+01 2.005947483828140587e+00
5.190063627192509443e+01 2.007679447352169522e+00
5.195045194769984676e+01 2.003055183985731791e+00
5.200055348012200085e+01 1.998330665347226365e+00
5.205073650353721604e+01 1.995587904545939484e+00
5.210082264320564605e+01 1.992012618256140843e+00
5.215074029641194642e+01 1.993537789018523965e+00
5.220060961371469688e+01 1.990514447317239588e+00
5.225071803781900570e+01 1.985099077039647275e+00
5.230056258642265021e+01 1.974820282050038234e+00
5.235053885698353326e+01 1.979464112947810772e+00
5.240052133702501891e+01 1.970322483507202849e+00
5.245061225630747259e+01 1.974784773225026324e+00
5.250071488624668348e+01 1.972054631500290700e+00
5.255058134901026534e+01 1.961862672220661796e+00
5.260070941839639147e+01 1.958915898062116190e+00
5.265077959906204796e+01 1.957160041781298876e+00
5.270071039049599904e+01 1.954713164580549556e+00
5.275067087002464206e+01 1.956337922735014834e+00
5.280057513073043651e+01 1.950336627221756602e+00
5.285048295724897827e+01 1.942461607949412805e+00
5.290064806091204730e+01 1.941772276125194763e+00
5.295076237312280654e+01 1.938409417207872520e+00
5.300071428026349452e+01 1.937655722484807663e+00
5.305094238809233786e+01 1.931372270277382119e+00
5.310087107769089698e+01 1.930512020985195809e+00
5.315076924934483316e+01 1.922782872047919200e+00
5.320050195368721546e+01 1.921520545993772311e+00
5.325049837735429747e+01 1.917323511915332013e+00
5.330065167941499737e+01 1.917541433857888222e+00
5.335069576743354247e+01 1.911836895775071543e+00
5.340090396500927739e+01 1.911984175178024881e+00
5.345084246007032647e+01 1.906703150835123761e+00
5.350083523446005529e+01 1.898596495884145696e+00
5.355075183860127197e+01 1.899258436444823062e+00
5.360082432592102464e+01 1.896217959205933612e+00
5.365091818824257075e+01 1.893812082938498342e+00
5.370059238608737218e+01 1.894917147828838022e+00
5.375066957950130586e+01 1.891411079552885788e+00
5.380067487411135829e+01 1.885798222798753532e+00
5.385058139128504706e+01 1.882010306122895216e+00
5.390070192466438925e+01 1.885537214166833841e+00
5.395078131761895435e+01 1.881293708766341277e+00
5.400058870545096568e+01 1.871885648170309890e+00
5.405068033207550116e+01 1.874210367118177123e+00
5.410072161653349809e+01 1.871774924503975868e+00
5.415067609690787265e+01 1.869967702805482190e+00
5.420060581925445575e+01 1.865101617910190468e+00
5.425053353070867246e+01 1.859628513819450824e+00
5.430068570154838170e+01 1.861038210650320934e+00
5.435066411431858313e+01 1.858431436814549809e+00
5.440080914129376310e+01 1.855410187935474076e+00
5.445080163590567679e+01 1.850891232184968649e+00
5.450081660501099634e+01 1.849586532594325039e+00
5.455078215982349121e+01 1.847780056179174402e+00
5.460050313376459741e+01 1.842491506858013883e+00
5.465064987509153127e+01 1.843747820813267158e+00
5.470081260773268639e+01 1.837641994277287694e+00
5.475070460284505458e+01 1.833267881746712291e+00
5.480047950030435544e+01 1.835023484089424395e+00
5.485062926285060314e+01 1.825443821689259671e+00
5.490064179093323560e+01 1.822880917793185729e+00
5.495054313845735550e+01 1.823667125294683888e+00
5.500079655004624613e+01 1.820974383937291607e+00
5.505072119771764960e+01 1.812608483572188955e+00
5.510064043814401913e+01 1.811493582627567767e+00
5.515067446589753075e+01 1.809171951222046770e+00
5.520076119843602669e+01 1.808868047478821683e+00
5.525078088792644593e+01 1.801132127295459684e+00
5.530081900620841395e+01 1.799927418839895932e+00
5.535082610383302892e+01 1.792745168394743738e+00
5.540073174404310663e+01 1.797455677882876079e+00
5.545062967977569457e+01 1.792434106473094202e+00
5.550057000431460352e+01 1.790393996209168836e+00
5.555071841742697103e+01 1.786300449047761862e+00
5.560062756007631890e+01 1.787871656045721513e+00
5.565055936735502939e+01 1.781147915150996353e+00
5.570060012874240130e+01 1.778683164651707616e+00
5.575053199084554478e+01 1.771820680037108575e+00
5.580071707753494792e+01 1.773021078927537353e+00
5.585068299905342570e+01 1.774035547324802620e+00
5.590076095627701847e+01 1.769136186680074330e+00
5.595061593594395077e+01 1.761490096099262104e+00
5.600059719570929673e+01 1.759981222734587902e+00
5.605071976431674585e+01 1.760554891773324471e+00
5.610071043481956110e+01 1.753890611989175063e+00
5.615079356577659553e+01 1.752615457139586663e+00
5.620061827311953806e+01 1.750955819561713644e+00
5.625076579374169228e+01 1.747080118603231869e+00
5.630076324283498934e+01 1.742026619725953740e+00
5.635054101137028226e+01 1.737812888504053133e+00
5.640050948138840425e+01 1.740393737667172536e+00
5.645054455800144666e+01 1.738161004242390728e+00
5.650073481325052427e+01 1.729563546228926940e+00
5.655073477457435871e+01 1.727250627027091090e+00
5.660073824559485445e+01 1.725270184548950203e+00
5.665074086704029810e+01 1.723097823410646656e+00
5.670079376222318501e+01 1.717022119807536162e+00
5.675065281761889935e+01 1.718545325586347206e+00
5.680050522544234326e+01 1.718943175363181863e+00
5.685029008354570834e+01 1.710962380280862671e+00
5.690039644117692319e+01 1.712196846760387414e+00
5.695066971981956527e+01 1.711382910421086256e+00
5.700060778658993144e+01 1.703886574669128073e+00
5.705072362469287839e+01 1.705133960116386849e+00
5.710062844583793407e+01 1.699168318370836817e+00
5.715063642460044946e+01 1.697073504694563750e+00
5.720052563749149499e+01 1.689966047748445055e+00
5.725057250158966582e+01 1.693481937316925867e+00
5.730070061666543069e+01 1.688422661365988509e+00
5.735059468705980379e+01 1.691293677093366199e+00
5.740068046681047065e+01 1.681024081884183730e+00
5.745062246045310417e+01 1.679725882862479480e+00
5.750071044277198240e+01 1.675890151948775442e+00
5.755079038725750706e+01 1.674818120463735571e+00
5.760081478585422587e+01 1.676327691907274930e+00
5.765084819486575185e+01 1.669733444540925760e+00
5.770069974390386847e+01 1.664750376343369753e+00
5.775064567173122754e+01 1.663094369494694913e+00
5.780071185781467591e+01 1.660894461212062856e+00
5.785070888559319968e+01 1.657387784552384780e+00
5.790063092839579895e+01 1.651358822907382340e+00
5.795076274408464201e+01 1.650420081334149636e+00
5.800068408155547672e+01 1.648424071603039609e+00
5.805066207662181199e+01 1.648231937577226969e+00
5.810058441680767771e+01 1.645397869298485638e+00
5.815050057807743400e+01 1.644773763714689530e+00
5.820058481270466899e+01 1.639299797253143121e+00
5.825054799922251192e+01 1.638068418740413090e+00
5.830062176282278585e+01 1.634620188512792005e+00
5.835064111592163982e+01 1.632082299803783609e+00
5.840075419903320153e+01 1.629125678206352346e+00
5.845083088551552919e+01 1.620521886687906976e+00
5.850080154356264472e+01 1.622139323089517138e+00
5.855080032980847449e+01 1.621372083269293718e+00
5.860057089650905482e+01 1.618910495361166380e+00
5.865057581360016314e+01 1.614723773828198317e+00
5.870061249080675481e+01 1.614965186765026095e+00
5.875063584132967520e+01 1.613658771469850484e+00
5.880052804622530971e+01 1.608730252514981807e+00
5.885049062313584045e+01 1.604338557355102557e+00
5.890068540929838292e+01 1.604952994871013505e+00
5.895074667686701986e+01 1.597745649567003934e+00
5.900079285975216692e+01 1.593041583633818981e+00
5.905072163601161606e+01 1.593757242945029295e+00
5.910053840968517136e+01 1.591690728742307215e+00
5.915055836907099263e+01 1.588565241441792786e+00
5.920078583096847069e+01 1.582392133856559635e+00
5.925078445624479428e+01 1.582288735569985505e+00
5.930073572141976967e+01 1.582455845901928226e+00
5.935077471148129291e+01 1.577842091035707606e+00
5.940084008989509812e+01 1.577706944275893752e+00
5.945076794887749827e+01 1.570253821654328918e+00
5.950063683779239909e+01 1.567491250150782944e+00
5.955077877209936332e+01 1.568813398659526515e+00
5.960060236443837312e+01 1.564093874429272502e+00
5.965054645934751676e+01 1.560559055845207377e+00
5.970063068222594893e+01 1.559595494662564530e+00
5.975062169048680261e+01 1.552309796989775226e+00
5.980081898179457056e+01 1.553477231869560660e+00
5.985070991520160533e+01 1.548594447371957505e+00
5.990063533403414198e+01 1.549246511578702412e+00
5.995058497985625223e+01 1.542929898958998125e+00
6.000058384167378733e+01 1.542660373373436533e+00
6.005053987652184588e+01 1.537239078128819880e+00
6.010045421237759911e+01 1.537011581146500383e+00
6.015064859381300977e+01 1.531769974500267750e+00
6.020071100610303461e+01 1.530161917878519739e+00
6.025064422090846250e+01 1.528524438052681678e+00
6.030080715923693901e+01 1.526312257621679658e+00
6.035080229029196630e+01 1.523261835478747939e+00
6.040061132077143924e+01 1.519080429252175124e+00
6.045063089445540783e+01 1.517810547640380037e+00
6.050051327979302584e+01 1.515114914067053453e+00
6.055046586021543931e+01 1.511787434575645239e+00
6.060066561403655072e+01 1.512424764648387265e+00
6.065060531728364168e+01 1.509603677438020597e+00
6.070058213762547439e+01 1.506966511619118876e+00
6.075049250711255411e+01 1.505533976518666828e+00
6.080072220556943563e+01 1.500650327830673758e+00
6.085080501817724041e+01 1.499660384092570187e+00
6.090072241368302031e+01 1.493542310038994403e+00
6.095072344314405655e+01 1.494371405444553380e+00
6.100064471556180479e+01 1.487192860601504796e+00
6.105074558218583292e+01 1.487239780959317414e+00
6.110075563535039578e+01 1.482818631913257912e+00
6.115084051183571034e+01 1.482743008511083982e+00
6.120073852296442141e+01 1.480091999294823157e+00
6.125069677240534105e+01 1.478053885895786346e+00
6.130078678126051983e+01 1.475360930744146426e+00
6.135074668185310287e+01 1.471799880711321284e+00
6.140074771504353635e+01 1.469962128359254994e+00
6.145066576833651339e+01 1.466173600642396435e+00
6.150056726797252082e+01 1.467374065363295399e+00
6.155052199605525942e+01 1.464168607947695877e+00
6.160067465714389101e+01 1.458993154925930069e+00
6.165067242892764909e+01 1.454717268198302271e+00
6.170067030649844497e+01 1.457380699850020278e+00
6.175066561361092710e+01 1.451395553224074098e+00
6.180067991116586512e+01 1.449054613173889949e+00
6.185058426725945679e+01 1.445893746018916293e+00
6.190038579212198044e+01 1.443319380055237744e+00
6.195062912658430321e+01 1.440573656191812102e+00
6.200054455848771084e+01 1.438730947221205092e+00
6.205045608676216062e+01 1.437009960542224185e+00
6.210065680711953462e+01 1.435735779448475080e+00
6.215064819109176142e+01 1.428586281023555227e+00
6.220063023545002778e+01 1.428619363831739042e+00
6.225056036774524415e+01 1.425525707610321380e+00
6.230057029581633543e+01 1.421379931770264005e+00
6.235056477868997149e+01 1.418274160341502110e+00
6.240070311510407208e+01 1.420360930280547995e+00
6.245087981397324484e+01 1.414391629767964176e+00
6.250075171045033784e+01 1.410601374528783758e+00
6.255079729562886115e+01 1.411055307239098111e+00
6.260063960014294082e+01 1.412205149252885539e+00
6.265063784798040558e+01 1.405019059593181741e+00
6.270068305958778154e+01 1.403605485357825700e+00
6.275066561381144226e+01 1.400557541300836428e+00
6.280070487697192050e+01 1.396704546912796108e+00
6.285071948848923284e+01 1.396066508395100714e+00
6.290083993008494190e+01 1.396514610632097142e+00
6.295081676641085977e+01 1.391345868342281245e+00
6.300068683398932734e+01 1.388826596639989752e+00
6.305066180073792736e+01 1.386478163605318725e+00
6.310071566505131813e+01 1.383717173723468807e+00
6.315063473160932972e+01 1.380205554708736626e+00
6.320071410390065125e+01 1.381573424175491560e+00
6.325070212739828435e+01 1.377096566686605739e+00
6.330067373965293598e+01 1.373344554427417430e+00
6.335086637769684614e+01 1.373359833888139203e+00
6.340075853883547552e+01 1.368282441545345618e+00
6.345085909834993743e+01 1.366082528393764317e+00
6.350074052305416927e+01 1.362980254666792623e+00
6.355074211049213773e+01 1.360052733156581262e+00
6.360070004991064252e+01 1.359266541587609511e+00
6.365046078357857340e+01 1.361773769805568080e+00
6.370059063423332191e+01 1.354472638587053357e+00
6.375058423596151158e+01 1.354443781838764460e+00
6.380070654720426404e+01 1.352288414066391109e+00
6.385073591118687375e+01 1.350564254771613015e+00
6.390071077096509811e+01 1.344173795944233252e+00
6.395066974511460245e+01 1.345160996298366163e+00
6.400073832788034167e+01 1.341115428907023732e+00
6.405072727132748867e+01 1.340025373509219131e+00
6.410042485383993949e+01 1.334287020434387294e+00
6.415040342529097472e+01 1.336366308312770812e+00
6.420058933624704878e+01 1.334169262764316466e+00
6.425075689310219218e+01 1.326351958455165736e+00
6.430074059785791007e+01 1.328230738849009107e+00
6.435073239392266942e+01 1.324806564161683964e+00
6.440068334788421112e+01 1.323141816792126502e+00
6.445081674355536450e+01 1.321406380864826646e+00
6.450077001850063141e+01 1.317521221593773717e+00
6.455062786306609723e+01 1.314586657781323886e+00
6.460074774320564472e+01 1.310440422638351254e+00
6.465057417145177965e+01 1.306944055335130361e+00
6.470063659512929632e+01 1.305497799033685347e+00
6.475068947408398401e+01 1.304407911122714259e+00
6.480066604957306708e+01 1.298072100633612225e+00
6.485070380543818658e+01 1.299193342309479915e+00
6.490082017193319075e+01 1.296926200406613328e+00
6.495091978387250720e+01 1.292175977418836830e+00
6.500079650806792131e+01 1.292608427257009973e+00
6.505077306231818568e+01 1.288656839161298695e+00
6.510072438062935873e+01 1.289165386529268709e+00
6.515060376587864255e+01 1.284138094109439576e+00
6.520062617090036383e+01 1.282834718518749417e+00
6.525067363761262129e+01 1.280063264203451956e+00
6.530069142186557940e+01 1.279188177249179992e+00
6.535065255382559712e+01 1.278819181323867626e+00
6.540072432906758593e+01 1.272681132361735967e+00
6.545072134725472779e+01 1.272366788588473963e+00
6.550067517520525939e+01 1.271268162833107951e+00
6.555061567814142620e+01 1.268574432413654973e+00
6.560071804978089460e+01 1.267445289060886937e+00
6.565074992402898602e+01 1.262529854997334722e+00
6.570073563602359457e+01 1.263575207354090013e+00
6.575081836235639798e+01 1.260259171600217831e+00
6.580067310797147684e+01 1.256046311391140868e+00
6.585061954733382095e+01 1.255387054776087918e+00
6.590052302224263769e+01 1.249366923285419650e+00
6.595052826667320289e+01 1.249986742872750467e+00
6.600053918408119102e+01 1.246752244486134975e+00
6.605046954238856927e+01 1.247874843958659996e+00
6.610057363466796687e+01 1.240267917530114339e+00
6.615059008408327657e+01 1.239063184367039883e+00
6.620061791133673523e+01 1.234363323287295033e+00
6.625064855268836084e+01 1.235273614063028047e+00
6.630072856218191646e+01 1.233223950253424350e+00
6.635065875684698256e+01 1.229992001869226081e+00
6.640064264940966154e+01 1.229390067509295470e+00
6.645073824784918770e+01 1.225186417741940037e+00
6.650067115149393260e+01 1.223079194951852688e+00
6.655065369910670370e+01 1.220904602536175831e+00
6.660067342842303617e+01 1.218686077559346215e+00
6.665061323825229067e+01 1.216204791972295363e+00
6.670060323996554530e+01 1.212667756208197778e+00
6.675068430972328315e+01 1.210666511619306052e+00
6.680058418726099490e+01 1.210299958031523015e+00
6.685071694749524340e+01 1.206925245518173373e+00
6.690068793049118767e+01 1.204440345538806190e+00
6.695061923607941878e+01 1.203320768235771387e+00
6.700068639194881825e+01 1.200224114124374797e+00
6.705067682126600914e+01 1.199130438746087046e+00
6.710077604805209717e+01 1.200400525862516998e+00
6.715060699182339476e+01 1.193135663061302587e+00
6.720066061294389215e+01 1.191875043557042435e+00
6.725075986721213894e+01 1.190716422535171848e+00
6.730052522264658421e+01 1.185642080575805446e+00
6.735062924116799365e+01 1.184644661247514774e+00
6.740060732150529077e+01 1.185383878127522328e+00
6.745053620466653399e+01 1.181552110063594840e+00
6.750066425390348002e+01 1.177751460603189582e+00
6.755082937688051459e+01 1.176256134845924839e+00
6.760072503679658951e+01 1.174810635219837973e+00
6.765062988820275791e+01 1.170856410680334081e+00
6.770069412468146197e+01 1.171312258092103598e+00
6.775062100887190297e+01 1.169382276121716080e+00
6.780056248816653408e+01 1.164273681183825460e+00
6.785055195196578381e+01 1.163828950094607739e+00
6.790059441818515040e+01 1.161968041844481547e+00
6.795044836699864277e+01 1.158968825807696668e+00
6.800048085798178477e+01 1.156812113618396420e+00
6.805067835923897235e+01 1.156898194693062543e+00
6.810072656466435603e+01 1.154043189825767035e+00
6.815070145771700538e+01 1.150983327530586742e+00
6.820064337944950239e+01 1.148475120385232806e+00
6.825063037684658696e+01 1.145952241274652561e+00
6.830061409162452435e+01 1.143385442804029761e+00
6.835082789549002769e+01 1.140767915890510187e+00
6.840074162891980336e+01 1.139015590872709094e+00
6.845061665390170447e+01 1.135241896595384770e+00
6.850060607525895762e+01 1.134125906990635979e+00
6.855041616181789266e+01 1.132828591787894190e+00
6.860055351875693930e+01 1.129136658975591567e+00
6.865067407391181575e+01 1.129251901363755195e+00
6.870082429657925616e+01 1.125359452127033144e+00
6.875066073594551597e+01 1.122730732424280342e+00
6.880065260215600631e+01 1.121111336825360683e+00
6.885081659029681589e+01 1.120514455696981493e+00
6.890064504945875967e+01 1.119361633775434184e+00
6.895067122144425298e+01 1.114362593105607591e+00
6.900074781618619113e+01 1.114954876385551463e+00
6.905078903998277440e+01 1.111354426268975626e+00
6.910062926068043510e+01 1.111063499156323742e+00
6.915076312115429857e+01 1.107649787320498680e+00
6.920087728366590341e+01 1.103316387735190141e+00
6.925064015234329418e+01 1.102380407370718407e+00
6.930071161473770758e+01 1.098987999107154723e+00
6.935069662042847938e+01 1.099434389140271362e+00
6.940067336527617670e+01 1.095848171283935857e+00
6.945052358078594068e+01 1.094752154661340793e+00
6.950069882003045052e+01 1.091224866440019481e+00
6.955065043974518346e+01 1.090865535301337452e+00
6.960063238637687277e+01 1.087174129034014225e+00
6.965076356245934619e+01 1.085369655407852907e+00
6.970066267261935877e+01 1.083491563654169765e+00
6.975077150840287743e+01 1.080873040987669675e+00
6.980064065908266002e+01 1.079514225749917955e+00
6.985059517066410706e+01 1.078145823127106162e+00
6.990058917780882553e+01 1.077806288930242218e+00
6.995052199767907553e+01 1.074247053080799263e+00
7.000053278111315080e+01 1.070767350390358752e+00
7.005054756946375960e+01 1.067094315121200454e+00
7.010071906655107910e+01 1.067764208332744102e+00
7.015073724783538012e+01 1.065303607001480080e+00
7.020076257112617668e+01 1.065350327017248411e+00
7.025071380996972437e+01 1.062435317029809312e+00
7.030079663510109356e+01 1.058550350535664153e+00
7.035073212561979972e+01 1.057571793839054752e+00
7.040052429241477228e+01 1.053454123203567683e+00
7.045058297496383659e+01 1.054642005426261742e+00
7.050059401138639714e+01 1.052349998666739506e+00
7.055066771787184621e+01 1.049781611422175409e+00
7.060067847038419586e+01 1.049024861204784331e+00
7.065080545095293019e+01 1.043033101080328429e+00
7.070079978376851670e+01 1.042079659813663239e+00
7.075070557410046490e+01 1.041219440794839635e+00
7.080069760468173001e+01 1.039891838204660912e+00
7.085076568503940564e+01 1.037439703744608588e+00
7.090068528896773614e+01 1.034551893921265897e+00
7.095067439269951137e+01 1.034222386517538839e+00
7.100072450262976531e+01 1.030951618509995837e+00
7.105057251719182432e+01 1.029677116124519065e+00
7.110068585668089725e+01 1.028300957690554851e+00
7.115074285288213218e+01 1.024339768560953212e+00
7.120076272882748469e+01 1.021874190720930775e+00
7.125077295257317189e+01 1.019720563499526111e+00
7.130061307931975989e+01 1.021380733620355752e+00
7.135057697783859965e+01 1.015830534695627785e+00
7.140051818309896703e+01 1.016334286225866412e+00
7.145058945612221635e+01 1.012057294954731512e+00
7.150064250041292269e+01 1.012502881949196354e+00
7.155074281030603345e+01 1.010848064750504927e+00
7.160077175329789156e+01 1.008525509310534529e+00
7.165072107790369671e+01 1.005287255926638590e+00
7.170061197859612889e+01 1.003083810587898750e+00
7.175068484188005868e+01 1.003515852332829583e+00
7.180069797357522532e+01 1.001732204038063845e+00
7.185052908346605705e+01 9.986491723658822428e-01
7.190049244058428712e+01 9.951175250868802280e-01
7.195053709001591358e+01 9.944901865975743771e-01
7.200073012147062457e+01 9.922953440078692289e-01
7.205075630080007443e+01 9.888160404610186749e-01
7.210071330313708415e+01 9.874773055717478432e-01
7.215064984114650315e+01 9.873037551713165216e-01
7.220059128500021473e+01 9.839640537295294420e-01
7.225074277424388924e+01 9.819610787516592776e-01
7.230070284600866160e+01 9.808996899521854607e-01
7.235076160584758043e+01 9.793326976115717120e-01
7.240070180179232295e+01 9.765715268848361719e-01
7.245056331583070630e+01 9.757525740606937115e-01
7.250071177019162860e+01 9.709414051594087436e-01
7.255074361448450304e+01 9.702056936993944669e-01
7.260075840165679040e+01 9.707478083760733290e-01
7.265067087776864696e+01 9.673424010713203014e-01
7.270069141245362232e+01 9.663846009955749938e-01
7.275062612949844265e+01 9.647192543077302007e-01
7.280060566645578035e+01 9.616198720588443605e-01
7.285083494007679406e+01 9.592802827588011727e-01
7.290074926781362308e+01 9.581049892376585220e-01
7.295071018587948686e+01 9.557995994863207612e-01
7.300075757484900407e+01 9.554596573703190154e-01
7.305066473261940985e+01 9.519348100487150521e-01
7.310065101246341612e+01 9.505293393310232375e-01
7.315065952968613772e+01 9.476490160585939737e-01
7.320053081975895282e+01 9.471629092756115309e-01
7.325048511196247603e+01 9.457741629520000082e-01
7.330055218649900439e+01 9.433093881216703114e-01
7.335057734944857089e+01 9.407145710430011576e-01
7.340073750616149084e+01 9.399222503789452787e-01
7.345066119334092036e+01 9.364276730850416008e-01
7.350069271235936696e+01 9.345782289964165157e-01
7.355065125487764988e+01 9.308210156976973737e-01
7.360067355715841586e+01 9.321870248855060881e-01
7.365065198231539512e+01 9.278864690274480909e-01
7.370058815992244661e+01 9.261759869564611947e-01
7.375074490261759763e+01 9.249963282119871844e-01
7.380071985283433378e+01 9.231189882952833825e-01
7.385058263397081646e+01 9.225963422828187266e-01
7.390056078789331195e+01 9.204792892093445200e-01
7.395068617524700016e+01 9.198702463987957767e-01
7.400068845601435896e+01 9.155843461328997401e-01
7.405069234902053665e+01 9.156870940664905145e-01
7.410075148925902511e+01 9.111245013968961581e-01
7.415065451124954166e+01 9.098768152945357901e-01
7.420056880557223167e+01 9.088618115308516598e-01
7.425046977775809864e+01 9.058906117537199876e-01
7.430067703812518687e+01 9.049697321669489813e-01
7.435078812041055585e+01 9.025355891785498130e-01
7.440072909355558295e+01 9.013554294160516234e-01
7.445069986529563266e+01 8.989631797096223620e-01
7.450061340117312625e+01 8.969312323745548543e-01
7.455057097008574374e+01 8.958951785681863456e-01
7.460055163076238216e+01 8.938067538824427949e-01
7.465072268894796537e+01 8.922938299876476131e-01
7.470068041522551994e+01 8.914265113727734002e-01
7.475074307693199671e+01 8.892716707272704246e-01
7.480074283832119875e+01 8.874246979424986748e-01
7.485075224222836709e+01 8.870741506303766455e-01
7.490079641521823817e+01 8.845258031239289220e-01
7.495062089049905296e+01 8.821503105701807845e-01
7.500065700575025573e+01 8.793108414976195109e-01
7.505060954964648090e+01 8.790826082331071323e-01
7.510068713387616413e+01 8.766399357810067405e-01
7.515072625551053420e+01 8.756647707094210586e-01
7.520069140860303492e+01 8.746579122651471083e-01
7.525086333528427929e+01 8.736246744701057221e-01
7.530082937888276717e+01 8.710226854187407275e-01
7.535074694540101348e+01 8.676383634240846243e-01
7.540074504067418104e+01 8.668701641080641673e-01
7.545074662538237931e+01 8.649208565332836551e-01
7.550056337259302097e+01 8.628230037185496970e-01
7.555052049369368206e+01 8.619456775275969873e-01
7.560065310698057317e+01 8.592486420660460089e-01
7.565075416816121390e+01 8.574308495578536471e-01
7.570071701664222985e+01 8.551484645765823345e-01
7.575061222851250875e+01 8.549022907516231617e-01
7.580065553187749572e+01 8.520256111439389324e-01
7.585058469350046551e+01 8.529471285640503053e-01
7.590066946690396321e+01 8.498827783972193739e-01
7.595068836056216810e+01 8.464440247252748017e-01
7.600060267883431209e+01 8.441565420867465086e-01
7.605067801604742783e+01 8.441859023611406609e-01
7.610063384076626392e+01 8.420351442341302839e-01
7.615078978067847970e+01 8.391238668648128840e-01
7.620064171822374988e+01 8.374382025366975402e-01
7.625054711672333951e+01 8.370174673720421898e-01
7.630061089920927486e+01 8.346854728738090090e-01
7.635063093560049197e+01 8.343598297683288978e-01
7.640070055742589261e+01 8.318772206388950208e-01
7.645076656619778532e+01 8.292702605013811956e-01
7.650077950005926652e+01 8.272834738589751602e-01
7.655064655604263635e+01 8.264745576044170150e-01
7.660067666767272954e+01 8.232479692049813336e-01
7.665071231411040742e+01 8.214135785337244311e-01
7.670071940767236640e+01 8.214456250134054560e-01
7.675062818207145199e+01 8.194272413280122569e-01
7.680054458200679335e+01 8.176342641115138532e-01
7.685066700412623675e+01 8.135751975584675222e-01
7.690075471397413764e+01 8.152902935771392245e-01
7.695071244317165338e+01 8.136863108855438842e-01
7.700064457769639148e+01 8.115902200859350657e-01
7.705070218816516103e+01 8.080563054715071969e-01
7.710061276796189134e+01 8.066876281616766065e-01
7.715066621205893682e+01 8.062439087881703159e-01
7.720073160652232502e+01 8.061649862390176668e-01
7.725066506753948659e+01 8.018701458579404751e-01
7.730053675289693160e+01 8.005278872737567886e-01
7.735056956870909062e+01 8.005804165041253695e-01
7.740076694830369775e+01 7.973310355756279000e-01
7.745065508889175021e+01 7.976870494969513503e-01
7.750075270658241777e+01 7.942856752432868594e-01
7.755075245463144995e+01 7.924325589143841331e-01
7.760063065984935804e+01 7.904316915513855957e-01
7.765070321575937839e+01 7.900840077893001023e-01
7.770058184131811174e+01 7.878306492998448096e-01
7.775045631228616116e+01 7.872615907437146010e-01
7.780052299955025319e+01 7.839050183407476613e-01
7.785061811322584902e+01 7.833479413950060755e-01
7.790069755814592156e+01 7.816287892573456908e-01
7.795066993509645670e+01 7.811494130824933046e-01
7.800070320426156911e+01 7.787308652987479096e-01
7.805076988395472881e+01 7.770517718964997655e-01
7.810068407994884865e+01 7.763839441590183466e-01
7.815063458329811397e+01 7.752598552052653025e-01
7.820071803115827436e+01 7.724250514701184178e-01
7.825068518292077613e+01 7.700953799997517502e-01
7.830071889907812022e+01 7.681546929912577149e-01
7.835056505199914056e+01 7.666141555793170026e-01
7.840063876811422006e+01 7.659500970520874974e-01
7.845076724820752645e+01 7.658641375337335022e-01
7.850062601688682662e+01 7.633125306338478522e-01
7.855066047661884454e+01 7.608263406353074076e-01
7.860066278381508198e+01 7.586452165536501369e-01
7.865070105683354029e+01 7.588030370781000400e-01
7.870060604587553144e+01 7.555047004852246673e-01
7.875065355180748838e+01 7.548292278206946149e-01
7.880076615489335268e+01 7.528170902925866992e-01
7.885061970150083255e+01 7.504324645634683488e-01
7.890069512598000756e+01 7.484223339076285786e-01
7.895064125650461051e+01 7.473132525227913492e-01
7.900061784463736103e+01 7.461919633825611076e-01
7.905068260470351049e+01 7.453681134846259493e-01
7.910073358004940758e+01 7.443077545925168570e-01
7.915067984073604634e+01 7.404864565386715114e-01
7.920060072632530535e+01 7.395081780347007028e-01
7.925070991771819706e+01 7.396832684508348743e-01
7.930076053603696096e+01 7.377290393528398438e-01
7.935075064956362212e+01 7.354263058840524447e-01
7.940072547750777687e+01 7.333351387079334316e-01
7.945072593113725645e+01 7.317352619967236738e-01
7.950062416114546693e+01 7.311790143079477389e-01
7.955061268565088994e+01 7.298618910335301635e-01
7.960060482791865866e+01 7.279188260910329777e-01
7.965063779017333445e+01 7.273855398607870226e-01
7.970067764707702906e+01 7.247699337758867211e-01
7.975065797923312516e+01 7.231141147094010124e-01
7.980064729418937475e+01 7.218129539620449231e-01
7.985057682223765596e+01 7.210343924753492839e-01
7.990072276115488137e+01 7.180865928689679212e-01
7.995070094938157013e+01 7.170219612349242322e-01
8.000052005949608258e+01 7.148643197189962217e-01
8.005064756019791616e+01 7.140746425326593982e-01
8.010064291399586978e+01 7.121351157638677876e-01
8.015065323523694474e+01 7.115332294207339370e-01
8.020069045907618488e+01 7.085113808511638300e-01
8.025074546367891060e+01 7.079666687313441731e-01
8.030068054365692376e+01 7.061366051307486069e-01
8.035062933392651985e+01 7.070467849842037023e-01
8.040062023743929842e+01 7.036745215099075024e-01
8.045058262634873358e+01 7.014680672063987599e-01
8.050060482323091549e+01 7.015055853597246260e-01
8.055065814041469707e+01 6.995568169108600243e-01
8.060061381781277134e+01 6.970168559542199160e-01
8.065049163168612267e+01 6.976096469473814787e-01
8.070067864682820868e+01 6.949652191522911471e-01
8.075072719419868861e+01 6.930143371915052919e-01
8.080069560119804351e+01 6.911648559797056723e-01
8.085072720008511737e+01 6.902413870953394426e-01
8.090059918459566290e+01 6.887898686679174709e-01
8.095069797226732078e+01 6.861683402765071937e-01
8.100072628747037129e+01 6.847751846449491309e-01
8.105066596491020903e+01 6.839351480353844659e-01
8.110053491390247871e+01 6.830202271978041972e-01
8.115064581461599857e+01 6.809109064724211402e-01
8.120071780755598922e+01 6.785124917093601216e-01
8.125056913049471063e+01 6.770630054141560938e-01
8.130062388841243148e+01 6.765133473703439648e-01
8.135060192578023930e+01 6.758572803533022810e-01
8.140059573350035294e+01 6.740349982735036605e-01
8.145064012854679447e+01 6.730229425463997162e-01
8.150073120039212426e+01 6.711034544707935590e-01
8.155075503725153396e+01 6.691995260902349196e-01
8.160059776271727117e+01 6.690766514867093617e-01
8.165051497760852328e+01 6.684795028028733821e-01
8.170062372795770500e+01 6.660560763854561639e-01
8.175068324348895032e+01 6.640921141616608070e-01
8.180065868057219802e+01 6.635107974275497034e-01
8.185060801216476989e+01 6.616377068065996125e-01
8.190060720797325189e+01 6.594660489249210000e-01
8.195073278306765019e+01 6.574625728324509089e-01
8.200068153483279332e+01 6.568992971149678617e-01
8.205065042937812336e+01 6.552941582994036285e-01
8.210065865687079167e+01 6.541883650044708620e-01
8.215069729564295642e+01 6.528814709189181276e-01
8.220080441105518787e+01 6.520971893791276397e-01
8.225072343998640179e+01 6.499990311742448457e-01
8.230069607718056091e+01 6.493326555698686331e-01
8.235055660277505751e+01 6.472984011633329260e-01
8.240063280819842362e+01 6.466840183257223096e-01
8.245071308585386305e+01 6.453121199667877228e-01
8.250065070222582619e+01 6.430626448988208121e-01
8.255080999539379150e+01 6.422962599454521415e-01
8.260060794064355605e+01 6.412303721666554601e-01
8.265058351342750598e+01 6.388932403087936862e-01
8.270070238389254769e+01 6.380055822978710767e-01
8.275059535776185271e+01 6.370051201158490883e-01
8.280068193384541075e+01 6.353694821409684446e-01
8.285065930747785501e+01 6.342492789647277140e-01
8.290056246277856644e+01 6.319370171899764133e-01
8.295061443318822114e+01 6.307755743602135867e-01
8.300069792099935739e+01 6.281756117798787953e-01
8.305058996061495691e+01 6.277523040893863149e-01
8.310064085671682221e+01 6.276566239074606868e-01
8.315062839157525332e+01 6.262150781775741581e-01
8.320060878384710179e+01 6.256435114031472233e-01
8.325063442827286053e+01 6.226628483856367913e-01
8.330056709054171904e+01 6.216918417011352282e-01
8.335053931775884450e+01 6.210656705572460412e-01
8.340053635319384284e+01 6.199477559448175468e-01
8.345063121432903586e+01 6.183656417566623098e-01
8.350055041619420138e+01 6.174845492408974623e-01
8.355057364268577658e+01 6.158109672430722714e-01
8.360054898998552630e+01 6.132288333593034491e-01
8.365051669125759304e+01 6.128736216033171535e-01
8.370058038604668127e+01 6.116666485991828495e-01
8.375051134911305439e+01 6.103950600191313525e-01
8.380059453927552227e+01 6.087436381125131968e-01
8.385050780487192412e+01 6.073540031904802738e-01
8.390061381005928354e+01 6.062038099989449647e-01
8.395070682904152193e+01 6.058062780619322130e-01
8.400061587044575617e+01 6.037400986733831854e-01
8.405066926691544893e+01 6.019716287771974539e-01
8.410062548643203684e+01 6.015969153174747230e-01
8.415073495725221164e+01 5.997933827273924656e-01
8.420083725162690769e+01 5.985330751145540029e-01
8.425076531496900145e+01 5.984308596301299854e-01
8.430060680776267645e+01 5.959494704919739982e-01
8.435055764847578530e+01 5.942399224207153274e-01
8.440061002678389457e+01 5.937803881371784831e-01
8.445077491139556969e+01 5.923102794013598293e-01
8.450078817497008288e+01 5.909731636540846988e-01
8.455074589247141148e+01 5.900999250898611992e-01
8.460073437873982982e+01 5.883320450539796242e-01
8.465066113206482612e+01 5.879880695337974528e-01
8.470071557061724832e+01 5.851086053971616963e-01
8.475065115121917358e+01 5.852102588085260626e-01
8.480063418980859069e+01 5.832179282532707898e-01
8.485066460852381454e+01 5.831248816362603060e-01
8.490062758450689273e+01 5.801960412575396520e-01
8.495075405742173302e+01 5.807618368050554425e-01
8.500058128620887032e+01 5.782598964382500428e-01
8.505052608964408023e+01 5.774355778093446245e-01
8.510053595481066679e+01 5.764110479752823091e-01
8.515058491547064534e+01 5.754536784173112096e-01
8.520072267622893492e+01 5.732021437658867402e-01
8.525065297660262331e+01 5.723992591529198926e-01
8.530061146004418049e+01 5.712451329182295368e-01
8.535060342914304954e+01 5.694931538743308597e-01
8.540066745759193623e+01 5.689146573186039113e-01
8.545060895460365202e+01 5.687664274149980548e-01
8.550057032255175216e+01 5.662567643422162789e-01
8.555068495657442895e+01 5.655260218049416032e-01
8.560067515382100112e+01 5.645074575656744420e-01
8.565063647086222431e+01 5.633270278645765572e-01
8.570064579552558826e+01 5.613558236735985973e-01
8.575057251211694620e+01 5.593838043934999948e-01
8.580052390842315901e+01 5.593436762718955180e-01
8.585064788181922779e+01 5.583342623274313299e-01
8.590060852984082373e+01 5.575796338600000901e-01
8.595061963450514497e+01 5.560203400196424006e-01
8.600070284410818999e+01 5.542516375033091913e-01
8.605072317602213161e+01 5.539445785268209965e-01
8.610074865953444601e+01 5.529166933401618023e-01
8.615063984349956172e+01 5.519745648836512641e-01
8.620071096469301608e+01 5.498904315149145683e-01
8.625059084022993261e+01 5.485996922437946788e-01
8.630065609635799717e+01 5.476814669369141075e-01
8.635072959374187462e+01 5.467789513840972671e-01
8.640061506888987708e+01 5.452707470672349954e-01
8.645069549907235285e+01 5.439228303753773641e-01
8.650064856629455790e+01 5.437753348682163868e-01
8.655065267582149602e+01 5.421553128263264520e-01
8.660062065985762558e+01 5.404011634621301852e-01
8.665063139598194653e+01 5.396506025158415154e-01
8.670069926104542901e+01 5.391703402397348688e-01
8.675061813732774851e+01 5.374938500779129491e-01
8.680063599026416910e+01 5.364172110523280912e-01
8.685062341554782961e+01 5.353004393924279958e-01
8.690066534610711813e+01 5.359239160356157328e-01
8.695065890316050172e+01 5.336225745282647814e-01
8.700068258669440979e+01 5.318895632926776695e-01
8.705068789434881182e+01 5.308833398999646125e-01
8.710073430022170271e+01 5.302082528694961328e-01
8.715073625712081196e+01 5.293023468860869052e-01
8.720071944953542697e+01 5.274958332329376942e-01
8.725065874059880855e+01 5.268757073907688326e-01
8.730065385491546692e+01 5.251874404557123066e-01
8.735071773693692876e+01 5.240121350184092641e-01
8.740067291151538598e+01 5.232244594657007308e-01
8.745069089587315148e+01 5.218800828096216149e-01
8.750059524727170412e+01 5.209834765595406925e-01
8.755063393985311393e+01 5.202223852928181680e-01
8.760072521610700846e+01 5.196382226000254567e-01
8.765070461050113693e+01 5.175356649224996941e-01
8.770071890489063549e+01 5.159531912549344401e-01
8.775064728536050040e+01 5.157038016496426902e-01
8.780066340967854899e+01 5.136918830085944743e-01
8.785061758882334004e+01 5.132038127305345032e-01
8.790069966232417187e+01 5.118720223266477465e-01
8.795081255270730480e+01 5.116061226442795151e-01
8.800065892052096217e+01 5.095430549556271282e-01
8.805068046215481559e+01 5.082409040131455891e-01
8.810074622042790793e+01 5.077126909958544765e-01
8.815068777402876776e+01 5.071242800920310323e-01
8.820056999239014317e+01 5.056677540807544835e-01
8.825063293195866265e+01 5.046143519146216727e-01
8.830068724278304160e+01 5.033188983985178444e-01
8.835073110258727525e+01 5.020247314881980394e-01
8.840079703231447183e+01 5.018237322757787000e-01
8.845083020292958054e+01 5.004544433066970832e-01
8.850076563709151856e+01 4.995189352581988484e-01
8.855063553538322196e+01 4.991883751976253225e-01
8.860062705552091700e+01 4.976043301870303748e-01
8.865051892067423012e+01 4.967231607041672770e-01
8.870061903020686600e+01 4.952802083058500116e-01
8.875074341963603786e+01 4.945827042422377140e-01
8.880069649634492635e+01 4.932207628953615419e-01
8.885071344892412526e+01 4.932290253598047847e-01
8.890062388383235259e+01 4.910613083410924617e-01
8.895060466980305591e+01 4.902717340403305313e-01
8.900051192815253387e+01 4.896727401566522975e-01
8.905066102494254210e+01 4.876725800162624025e-01
8.910075018557721194e+01 4.872798879538408623e-01
8.915065987269676384e+01 4.857373771405169571e-01
8.920074459493167751e+01 4.848840829131670360e-01
8.925074341970011460e+01 4.845901879069944296e-01
8.930067606158073090e+01 4.835436230813232594e-01
8.935064465320694183e+01 4.828937696366115140e-01
8.940064087878988630e+01 4.803827589942107901e-01
8.945064319424200505e+01 4.798982029121868220e-01
8.950064421180226759e+01 4.793868756187065205e-01
8.955057753817223443e+01 4.777437923152434984e-01
8.960058054534367500e+01 4.783386983575576012e-01
8.965061121043279968e+01 4.761738284448335246e-01
8.970060486906020003e+01 4.743472097793516862e-01
8.975065684933389321e+01 4.736490558220774472e-01
8.980064097263824863e+01 4.728168618197398643e-01
8.985074011343861855e+01 4.718827124278869856e-01
8.990072914643546653e+01 4.704366867472701830e-01
8.995069471840930930e+01 4.697016826522281696e-01
9.000061567245546712e+01 4.687438552987222007e-01
9.005060451355357998e+01 4.678334620794164511e-01
9.010066164734236338e+01 4.666928937827124479e-01
9.015058063102021890e+01 4.667385827199602155e-01
9.020066981206871048e+01 4.650666586987700635e-01
9.025061891167177919e+01 4.636975190357942034e-01
9.030058063625472187e+01 4.632884718693734416e-01
9.035069862056877810e+01 4.628509971023847536e-01
9.040063721053816437e+01 4.615170807068433856e-01
9.045068187473133037e+01 4.598043501864266802e-01
9.050070412097294081e+01 4.596484182886031444e-01
9.055071582655412499e+01 4.585898683259240771e-01
9.060074590370700776e+01 4.574276743729275285e-01
9.065071954180082514e+01 4.563759478500034605e-01
9.070070414937342207e+01 4.554621252446063306e-01
9.075071652356483298e+01 4.547565673451743895e-01
9.080073853391084526e+01 4.532695088090690771e-01
9.085071662263727887e+01 4.530560370723270003e-01
9.090070285251101723e+01 4.519576682349630281e-01
9.095065177011029789e+01 4.511512645200920213e-01
9.100073488155234713e+01 4.503211889311712901e-01
9.105069866664597100e+01 4.496164598546825708e-01
9.110067736133585470e+01 4.477053220237373066e-01
9.115066164323077658e+01 4.475134101997850777e-01
9.120067497178406768e+01 4.460333605253777312e-01
9.125068141284850753e+01 4.456320059616670215e-01
9.130062622558105545e+01 4.449566505490031854e-01
9.135066117588171153e+01 4.435505064397921027e-01
9.140065141538008220e+01 4.431210717385978270e-01
9.145068138473658337e+01 4.424569154269423765e-01
9.150069039643479130e+01 4.410339644968626627e-01
9.155071593148433351e+01 4.401240182164954939e-01
9.160080367935793788e+01 4.393572963550470556e-01
9.165061737073069992e+01 4.388931403372728912e-01
9.170060817655109986e+01 4.374444122958312531e-01
9.175058865088804794e+01 4.359547940163525093e-01
9.180049265407282633e+01 4.358565083957493536e-01
9.185058971654700599e+01 4.350327752167934547e-01
9.190068301485227664e+01 4.347386101078983267e-01
9.195060490867638237e+01 4.332606164250077940e-01
9.200056221650915234e+01 4.325292379671866194e-01
9.205061548325311094e+01 4.315763263226026769e-01
9.210076346697475458e+01 4.308032617654499186e-01
9.215078845474795344e+01 4.295068904332727810e-01
9.220060419601414026e+01 4.286942782817383391e-01
9.225059746084708934e+01 4.277550757674968840e-01
9.230067734231083421e+01 4.270183655450109361e-01
9.235073177795210597e+01 4.260433300980864813e-01
9.240064045690999706e+01 4.251288713372921024e-01
9.245063157109922258e+01 4.241618851191318318e-01
9.250078057204220272e+01 4.238334916819052611e-01
9.255072433387988440e+01 4.228316768953281901e-01
9.260073057984830314e+01 4.219895440884976479e-01
9.265065869044863689e+01 4.217222358954104133e-01
9.270063560508695844e+01 4.205538412682096050e-01
9.275067620960689396e+01 4.189278935289799111e-01
9.280063727441186927e+01 4.189336166265102968e-01
9.285065446184212590e+01 4.182530018696257179e-01
9.290065078317546465e+01 4.177333509321293215e-01
9.295073425389733757e+01 4.170260785840728679e-01
9.300067900763730222e+01 4.156829865772057042e-01
9.305066207492778574e+01 4.140011490479316714e-01
9.310064897906700310e+01 4.131960337083326884e-01
9.315062622189709884e+01 4.132039770282996960e-01
9.320059985716629569e+01 4.123165934790088416e-01
9.325071190903473450e+01 4.112373594176537139e-01
9.330073508132683457e+01 4.094996065774422767e-01
9.335066973357385223e+01 4.091559369235122645e-01
9.340068252241590585e+01 4.084478356648326147e-01
9.345057102658101655e+01 4.080203793434417636e-01
9.350065641105707925e+01 4.072888686321678997e-01
9.355067747282180335e+01 4.070976936003543045e-01
9.360058086835567792e+01 4.053276674223783016e-01
9.365060040510233819e+01 4.053382749326145396e-01
9.370058214130268937e+01 4.043185811374969685e-01
9.375071349954021116e+01 4.038549473610276164e-01
9.380064575722563802e+01 4.031123709914824493e-01
9.385065603128978751e+01 4.019374955696896068e-01
9.390066055478293094e+01 4.017402619508349537e-01
9.395067012729866462e+01 3.999761084807209599e-01
9.400073547639510707e+01 3.998707584434481599e-01
9.405064106370717525e+01 3.989509942937924381e-01
9.410066747113194197e+01 3.977101796966527325e-01
9.415062831545455424e+01 3.969825048678760071e-01
9.420064524406151918e+01 3.957501408625053729e-01
9.425063592468441698e+01 3.959841412958987616e-01
9.430071603443974482e+01 3.948668772881623878e-01
9.435084978846010983e+01 3.941852463039295373e-01
9.440072589518690904e+01 3.938551104320971996e-01
9.445063572665263507e+01 3.922020002863729204e-01
9.450060037327034479e+01 3.921143225103400076e-01
9.455061099756481724e+01 3.911630459494991885e-01
9.460066160523612666e+01 3.906720169760690142e-01
9.465070343930108265e+01 3.896612142941771051e-01
9.470070340329958469e+01 3.890290986402932250e-01
9.475076856330568376e+01 3.878524131754263471e-01
9.480071786998738048e+01 3.883473189782562507e-01
9.485059575869554749e+01 3.865282914201183528e-01
9.490062200472793563e+01 3.865728713357338142e-01
9.495059153222072723e+01 3.853526592218473601e-01
9.500060916233462649e+01 3.842935190240090448e-01
9.505058405688886580e+01 3.841511042364509909e-01
9.510062103402634648e+01 3.829103343412032512e-01
9.515070626581375279e+01 3.825402668560348718e-01
9.520074820467674215e+01 3.816810666092688709e-01
9.525077257252138452e+01 3.807399475009636269e-01
9.530060977714117598e+01 3.803585284299605407e-01
9.535056604075973041e+01 3.792759166891345735e-01
9.540054222256354421e+01 3.796023907856380664e-01
9.545053721567489902e+01 3.784533385128650562e-01
9.550066559135430566e+01 3.772089141111291122e-01
9.555070107743208041e+01 3.762448003758930848e-01
9.560068189569460628e+01 3.762297625238342769e-01
9.565062150426840049e+01 3.766752290249808510e-01
9.570068484578779078e+01 3.747794023494618321e-01
9.575065983295563399e+01 3.739081897693043444e-01
9.580068015784988233e+01 3.729615070902314589e-01
9.585070548727827600e+01 3.723836057813073586e-01
9.590067278065059497e+01 3.718974632305276917e-01
9.595068562266027357e+01 3.717192611286749826e-01
9.600067075531137561e+01 3.709672255809722263e-01
9.605064480354532463e+01 3.695673993691162562e-01
9.610060831827868810e+01 3.690439354315210863e-01
9.615071146236661548e+01 3.689715742374633511e-01
9.620073364420061068e+01 3.682863415721974731e-01
9.625071630024669389e+01 3.676137413280780031e-01
9.630073274647288883e+01 3.669907964818480139e-01
9.635076816718918735e+01 3.659567775283955604e-01
9.640074103949068274e+01 3.659114683993202055e-01
9.645064409383613224e+01 3.646903589141145541e-01
9.650066663688329527e+01 3.641225733228170003e-01
