1.256637126207351685e-01 1.995435058593750000e+03
1.936915606260299627e-01 1.857807617187500000e+03
2.513274252414703369e-01 2.018965169270833258e+03
2.944022864103317261e-01 8.945567220052082575e+02
3.554306328296661377e-01 1.030500895182291515e+03
3.955082564781873811e-01 8.202496995192307168e+02
4.615716010332107655e-01 6.937049804687500227e+02
5.164058804512023926e-01 5.102051866319444002e+02
5.455598746027264800e-01 4.210224609375000000e+02
5.891914814710617065e-01 5.500739746093750000e+02
6.408908295987257864e-01 5.261600396455223745e+02
6.941244165102641306e-01 3.955599392361111200e+02
7.549341718355814246e-01 3.342503519144144093e+02
8.082685545086860657e-01 3.683150634765625000e+02
8.458872155139320892e-01 3.275426603618420813e+02
9.033976386463831165e-01 2.861473627645502233e+02
9.538741086920102807e-01 2.821654459635416288e+02
1.002606617948396561e+00 3.268053278688524870e+02
1.050080132484435991e+00 2.426066666666666833e+02
1.095276718554289541e+00 2.592323369565217490e+02
1.148735394760898254e+00 2.858069170947488260e+02
1.197364068031311124e+00 2.462356119791666629e+02
1.253252735099639192e+00 2.299285736696786842e+02
1.301195175307137575e+00 2.307532087053571388e+02
1.350340962409973145e+00 2.258099268353174409e+02
1.397053004916669616e+00 1.876789246632996537e+02
1.446786667240990587e+00 2.263911675347222285e+02
1.501695110947299794e+00 2.207896159741144402e+02
1.550154135684774337e+00 1.933072127525252597e+02
1.601738236568592155e+00 2.080023148148148096e+02
1.647772800055960385e+00 1.819411419172932369e+02
1.697513295382988119e+00 1.871671112804878305e+02
1.749398548968667422e+00 1.833884989200863913e+02
1.801815896144401075e+00 1.824340449669967086e+02
1.854311002948419773e+00 1.831569169207317316e+02
1.903488172029776715e+00 1.726380208333333428e+02
1.952342433013101397e+00 1.732574927713523039e+02
1.999453311039106396e+00 1.529681419204737551e+02
2.048669610900440308e+00 1.702687679597701162e+02
2.101181018737054540e+00 1.603474777385752930e+02
2.154098840860219966e+00 1.590875189777327989e+02
2.199303392983653183e+00 1.619961536618098137e+02
2.248528172677023207e+00 1.632491593567251584e+02
2.303006410598754883e+00 1.570361471436058878e+02
2.353418758259483656e+00 1.546850804570895548e+02
2.402637737900463311e+00 1.523630166475315662e+02
2.448554739992842677e+00 1.419672142094017318e+02
2.499090067645225233e+00 1.524660560344827616e+02
2.549658622302062305e+00 1.446523160460992870e+02
2.600952340680148911e+00 1.369433670948616566e+02
2.651313533667959632e+00 1.402199074074074190e+02
2.702490112360786068e+00 1.385959967320261512e+02
2.752956631759745587e+00 1.424894490210124047e+02
2.797749358087681770e+00 1.294372977346278333e+02
2.849414770365116478e+00 1.305251956035767478e+02
2.901561026847945257e+00 1.273660193289569662e+02
2.949750350581274994e+00 1.244869429976851762e+02
2.998665080524131721e+00 1.345161696623093803e+02
3.049010105637519175e+00 1.338270033060453272e+02
3.100398808880581836e+00 1.253413806352458977e+02
3.150818746732328979e+00 1.343418757534659278e+02
3.200939400679145841e+00 1.301047181372549062e+02
3.249633022646403635e+00 1.316205727622999291e+02
3.300127326483013768e+00 1.269229885057471279e+02
3.348483428887441438e+00 1.267513020833333286e+02
3.399607315620657211e+00 1.175585957876890859e+02
3.448719927469889424e+00 1.238100347222222268e+02
3.499342967069685173e+00 1.223963096267918758e+02
3.551474963231986415e+00 1.217498167155425222e+02
3.598900760213533889e+00 1.175891520182291714e+02
3.651035188841221135e+00 1.207602240202553929e+02
3.700662589665808522e+00 1.139011636591778114e+02
3.751511811793449613e+00 1.152680482743556212e+02
3.801618192488687153e+00 1.151346902412280713e+02
3.851254485091384794e+00 1.164240274234693828e+02
3.901226825121409281e+00 1.122891265645230874e+02
3.948670251141286780e+00 1.162073535478547939e+02
4.001451143603901528e+00 1.137831895764877714e+02
4.052280480987929145e+00 1.100498442367601228e+02
4.102052814176515128e+00 1.136649266365688504e+02
4.151093749575814229e+00 1.068826570425282938e+02
4.200442130105537686e+00 1.089598199224021613e+02
4.251136814637041184e+00 1.072096945367294154e+02
4.299210999832778768e+00 1.094629226434426243e+02
4.350458908696328564e+00 1.067636189516128979e+02
4.400665589089600260e+00 1.064539274924471357e+02
4.450478535124709367e+00 1.085169828522656701e+02
4.500022132996065238e+00 1.052196411012782704e+02
4.550446791199227903e+00 1.044001018626309616e+02
4.600092420408226523e+00 1.055667779312461505e+02
4.650210011078793393e+00 1.035991186602169449e+02
4.700629595459484555e+00 1.027015283469945359e+02
4.749898185810824458e+00 1.005609673024523119e+02
4.799578612586753223e+00 1.057046091688654315e+02
4.849740758713929623e+00 1.026864198151125436e+02
4.899993706213586542e+00 1.002957640578534750e+02
4.949341788918080631e+00 1.003430713383838366e+02
4.999815610851473302e+00 1.025639146419437253e+02
5.049952627308602615e+00 1.009790135929463588e+02
5.099298258856230781e+00 1.010958869485294116e+02
5.150254496972274332e+00 9.914250918028903925e+01
5.199142517336761138e+00 9.997760318949343628e+01
5.249453250256330250e+00 9.785225354981378132e+01
5.300164924855151227e+00 9.900797473774352397e+01
5.351194235644229025e+00 9.932035054227534943e+01
5.400960675954554979e+00 9.624723145071982344e+01
5.450257125402332647e+00 9.820266198873122221e+01
5.500682865381752329e+00 9.913133445945946676e+01
5.549218122000597830e+00 9.681593535290443242e+01
5.600000335002996543e+00 9.636438998453209592e+01
5.649736614175454363e+00 9.434783347271586251e+01
5.699883098365530643e+00 9.531494728915663472e+01
5.750283329191223203e+00 9.588711503623189003e+01
5.800844330747943367e+00 9.226919967216019813e+01
5.851527811214188191e+00 9.501396114548181515e+01
5.901139501297178569e+00 9.345725252062328536e+01
5.952051273107690221e+00 9.329654616429056091e+01
6.002043196207571540e+00 9.166387486353711722e+01
6.051370665339476318e+00 9.198809680533614141e+01
6.100040307612490942e+00 9.366679847811217030e+01
6.151338437490640132e+00 9.045250201775625953e+01
6.201845191216835751e+00 9.010516846581616335e+01
6.251546338561632332e+00 9.115012074328750202e+01
6.301411320163105678e+00 9.010391455437448371e+01
6.351121094491746888e+00 8.969938497340424988e+01
6.402993818717075847e+00 9.016625217116690294e+01
6.451004855903611279e+00 8.852097881750465547e+01
6.500587485631307061e+00 8.904875946969697509e+01
6.550027029602877526e+00 8.890715184253366488e+01
6.600096165964067119e+00 8.810794159544158788e+01
6.651203611202781474e+00 8.841462523177862920e+01
6.700403804908146022e+00 8.837321101240836185e+01
6.751129568914272738e+00 8.752957053742801463e+01
6.801152226429867831e+00 8.824318992726773558e+01
6.850567314012454112e+00 8.714404030054645034e+01
6.899983763743045451e+00 9.019020014850815414e+01
6.950432818525864143e+00 8.674197793933315381e+01
7.000477802606276612e+00 8.778157709339774328e+01
7.050299486470248844e+00 8.943548562042892058e+01
7.100577605904697442e+00 8.837435339389351441e+01
7.150282711587289342e+00 8.686053866716397920e+01
7.201425401940038995e+00 8.674236224370922343e+01
7.251291360812208708e+00 8.514346732883558388e+01
7.301384627104277492e+00 8.514761613691931075e+01
7.350121157509939884e+00 8.366476858600582034e+01
7.400243896042705494e+00 8.573999518522714425e+01
7.450219004942361778e+00 8.616452733746841375e+01
7.499767164549090204e+00 8.397855926050044673e+01
7.551036194214812980e+00 8.466012778684067541e+01
7.600875332768869619e+00 8.503545725700524827e+01
7.650993174920037276e+00 8.428126029654036699e+01
7.700625888088293181e+00 8.368444548872180633e+01
7.751154263814290069e+00 8.381497890295358388e+01
7.801801090622451973e+00 8.449849420555047175e+01
7.851364051006665790e+00 8.336033109807209485e+01
7.900769558997057018e+00 8.264979819931697591e+01
7.950365025915012041e+00 8.283889251838947132e+01
8.001249973326832077e+00 8.440213700818853226e+01
8.050346754310522712e+00 8.405063689457254839e+01
8.100376043699483830e+00 8.371883066002949647e+01
8.150963831689653105e+00 8.155461794344975601e+01
8.200066242110258585e+00 8.247816031073446652e+01
8.249809700602813933e+00 7.997792399027673582e+01
8.300552262369116363e+00 8.163498782647189955e+01
8.351090274807287273e+00 8.070059113865931977e+01
8.400210126764326546e+00 8.008137288523090547e+01
8.450394926559216202e+00 8.008709370677732409e+01
8.500459425828198690e+00 7.968786719572079846e+01
8.550917286194149369e+00 8.057050156128023843e+01
8.600510843254964399e+00 8.054028767820773282e+01
8.651023792021119263e+00 7.901087070630721598e+01
8.701256476197366752e+00 8.024292069511585623e+01
8.749915613828461503e+00 7.954286202185792831e+01
8.800112521877306193e+00 8.020059552502611666e+01
8.849632071888843043e+00 7.859812765003260893e+01
8.900357776251059505e+00 7.900825563704454169e+01
8.950608837287235886e+00 7.989659576996197643e+01
9.000569819962127127e+00 7.864686148439913893e+01
9.051041288617525993e+00 7.921333333333333826e+01
9.100140618044129326e+00 7.750013318112634408e+01
9.150794710576331426e+00 7.806332891246684369e+01
9.200358087057745493e+00 7.861736358244365874e+01
9.250378436494685275e+00 7.788383627100996875e+01
9.300396476966747983e+00 7.842942975748307788e+01
9.350845697771076104e+00 7.773278781038374063e+01
9.401427877347279249e+00 7.658592222463610710e+01
9.450856317468241841e+00 7.680786741780045190e+01
9.501285360508264333e+00 7.676345809208712012e+01
9.551415626509362156e+00 7.733440708150010323e+01
9.601472418873740367e+00 7.580483019889054219e+01
9.650873339522149763e+00 7.539217913496759138e+01
9.700105298531504161e+00 7.560221864736242026e+01
9.749807236595939841e+00 7.575429141716566050e+01
9.800617716807657587e+00 7.548224317169238873e+01
9.850939668539123062e+00 7.576318904020752143e+01
9.900672862260712748e+00 7.477782923816953087e+01
9.951023643831279131e+00 7.622441897484877416e+01
1.000061390381357818e+01 7.526009204574012301e+01
1.005121303910567399e+01 7.599429577464788110e+01
1.010050487470579128e+01 7.623714339339339574e+01
1.015040394560108972e+01 7.458213451370957614e+01
1.020064233832726863e+01 7.399947437976813092e+01
1.025078872432590593e+01 7.461034272272510748e+01
1.030144077410513148e+01 7.484310773563424846e+01
1.035026615037620701e+01 7.326850269784172553e+01
1.040053707544599071e+01 7.325087468193383700e+01
1.045062977445541463e+01 7.342137878174349908e+01
1.050056916228905557e+01 7.530749742356577769e+01
1.055045547200590939e+01 7.316666666666667140e+01
1.060065943225193585e+01 7.277049907225496383e+01
1.065092618802826330e+01 7.202229435991306161e+01
1.069994190739775242e+01 7.299051099972152201e+01
1.075051342579590496e+01 7.210876907183725848e+01
1.080116309617008952e+01 7.290696927450657938e+01
1.085092532135009691e+01 7.160245333333332951e+01
1.090057119699959287e+01 7.213869816543639502e+01
1.095056114183856977e+01 7.217319967693190108e+01
1.100044795380789964e+01 7.242434899926648484e+01
1.105059621997271790e+01 7.175017401392111083e+01
1.110083536315899444e+01 7.033661857346068302e+01
1.115081901025334687e+01 7.061816386340468910e+01
1.120129035153903629e+01 7.146992236413724697e+01
1.125116374248475992e+01 7.129825894622381099e+01
1.130128079566052257e+01 7.142410510571414761e+01
1.135044509838974847e+01 7.110893170517695694e+01
1.140071777468021708e+01 7.094134186542564180e+01
1.145113705378753899e+01 7.032380558353719380e+01
1.150054064506493923e+01 7.113265096618357575e+01
1.155054572698180770e+01 7.030641150716223819e+01
1.160060598127213360e+01 7.054459456362302205e+01
1.165085593945590148e+01 7.009815224633543096e+01
1.170069293131600929e+01 7.025584074834587511e+01
1.175142896112726554e+01 6.981304565701559284e+01
1.180137066716670269e+01 6.976880536213347739e+01
1.185030839024950744e+01 6.927540272614621131e+01
1.190112650803973615e+01 6.959757545494896647e+01
1.195087750005856186e+01 6.930298275785052908e+01
1.200028886778134840e+01 6.920775709219859095e+01
1.205087280971257790e+01 6.941627014338281754e+01
1.210120573097985641e+01 6.903650611620795985e+01
1.215069798464289086e+01 6.908699746039944500e+01
1.220084588704311912e+01 6.902055869098259677e+01
1.225095075397515565e+01 6.792109144542773436e+01
1.230055747642593111e+01 6.892830110672942112e+01
1.235044509892075659e+01 6.859165333825458788e+01
1.240025358236334618e+01 6.855552054058522060e+01
1.245059963946805226e+01 6.922876363710102510e+01
1.250021218005843338e+01 6.840765683406468156e+01
1.255088259279081875e+01 6.777539809231011247e+01
1.260128860653785665e+01 6.851484740852448851e+01
1.265098919510728237e+01 6.728498437005382016e+01
1.270151919945489816e+01 6.783912674241537388e+01
1.275059048606717838e+01 6.744736216730036915e+01
1.280015324543435007e+01 6.736755238206718843e+01
1.285005587414941175e+01 6.724738797525648692e+01
1.290055459179237118e+01 6.701064772898747890e+01
1.295101831716038809e+01 6.676234515923805191e+01
1.300061854953515450e+01 6.652769918515164704e+01
1.305073094795649524e+01 6.694630803654671070e+01
1.310051576040570609e+01 6.647712231650710635e+01
1.315089754552600176e+01 6.604058423612646322e+01
1.320081412118408615e+01 6.632907345365467222e+01
1.325056877988023629e+01 6.651173015178049752e+01
1.329997547558646787e+01 6.619748237208460750e+01
1.334989268379465521e+01 6.588488433228181407e+01
1.340063178882596162e+01 6.602257733912085769e+01
1.345111248053373743e+01 6.525803361108181377e+01
1.350104577716931509e+01 6.642729749707763176e+01
1.355110471056903876e+01 6.662039635519522562e+01
1.360103386653534407e+01 6.590763718681917283e+01
1.365064521999293667e+01 6.604908075601373696e+01
1.370108558817629785e+01 6.552633794446829540e+01
1.375063751069574458e+01 6.529900529371585094e+01
1.380020275550391951e+01 6.467486284289277876e+01
1.385010291988493947e+01 6.528051468151389258e+01
1.389993945742187975e+01 6.489587762530602788e+01
1.395077535055353124e+01 6.426015465255915160e+01
1.400033540187661885e+01 6.448805480072464036e+01
1.405076036390690319e+01 6.460168108502075768e+01
1.410091255677794386e+01 6.478824715370019760e+01
1.415099424006951345e+01 6.399771620938170713e+01
1.420090845382453182e+01 6.460148733478439453e+01
1.425058535625662692e+01 6.369462230883444676e+01
1.430068992108075854e+01 6.353549151111528914e+01
1.435081631969962146e+01 6.394859028194361628e+01
1.440116277072030648e+01 6.400029153624255684e+01
1.445095548372230709e+01 6.396749322616982170e+01
1.450106060960858834e+01 6.392302397868561314e+01
1.455087147615679299e+01 6.356465398716774473e+01
1.460089164482430135e+01 6.375994412760906727e+01
1.465096435834932009e+01 6.283719884933477573e+01
1.470042432961008316e+01 6.283007818240601949e+01
1.474998265362896355e+01 6.379880492656953805e+01
1.479989122439800120e+01 6.337520182216584175e+01
1.485068890065675262e+01 6.336354889985778271e+01
1.490091461135759410e+01 6.301304410080183516e+01
1.495142624477786164e+01 6.274008052606648533e+01
1.500125581199326774e+01 6.335145474752080474e+01
1.505058992571524001e+01 6.233879953968788357e+01
1.510096182188420677e+01 6.241678348588548886e+01
1.515041653809440625e+01 6.255619636687841023e+01
1.520050358450064110e+01 6.243362819777759398e+01
1.525026187279651246e+01 6.221698241233308124e+01
1.530061285776438496e+01 6.227464467685707206e+01
1.535093523531647719e+01 6.246316140210582546e+01
1.540080134614941620e+01 6.203920466709484316e+01
1.545125002511655588e+01 6.228814334631570659e+01
1.550055590549435180e+01 6.259148844242817233e+01
1.554990690009351617e+01 6.203792127435492887e+01
1.560029939283501221e+01 6.131936933505978971e+01
1.565051554421477675e+01 6.177663147792706155e+01
1.570055893919154144e+01 6.163076380879149241e+01
1.575055944300927990e+01 6.133300455235204396e+01
1.580089161127091657e+01 6.164492478346755888e+01
1.585074981409009887e+01 6.141654748463179203e+01
1.590132026779191321e+01 6.115821214503291259e+01
1.595119615174483307e+01 6.083358737901074420e+01
1.600061799840658239e+01 6.142056465496040829e+01
1.605077212836705058e+01 6.075915154619061553e+01
1.610103563786684688e+01 6.143264736829226536e+01
1.615061123591991432e+01 6.093134614451400211e+01
1.620065196690424969e+01 6.158270517745403083e+01
1.625089452027982517e+01 6.074095201092587359e+01
1.630118119518434128e+01 6.041524346793348599e+01
1.635146405608891840e+01 6.039816327013657116e+01
1.640076947667969520e+01 6.051124583927722256e+01
1.645087400555846102e+01 6.021833391425583670e+01
1.650098843068070664e+01 6.048343899301728044e+01
1.655106400710294778e+01 6.058559018906489513e+01
1.660084850266487777e+01 6.005867435558951684e+01
1.665053292522144801e+01 5.976033770979967130e+01
1.670094208154347726e+01 5.965331236753948474e+01
1.675068958911364447e+01 5.996362048894063435e+01
1.680052177009391556e+01 5.964485561618917586e+01
1.685039801592866127e+01 6.012981267217631398e+01
1.690071147848142274e+01 5.976448200869909044e+01
1.695034504331302116e+01 5.955317621792698191e+01
1.700024952897776132e+01 5.941213269540181585e+01
1.705080262949346803e+01 5.913028487576680448e+01
1.710038038467472177e+01 5.957149501373656619e+01
1.715073677186147094e+01 5.942858350236646459e+01
1.720103001431176537e+01 5.913872301578777524e+01
1.725093874646400494e+01 5.921901071443696196e+01
1.730026876303448802e+01 5.933302561112549967e+01
1.735069699187642200e+01 5.853084571032740513e+01
1.740111744736490706e+01 5.881530884142502913e+01
1.745083602976958304e+01 5.855342457153619051e+01
1.750079017405409587e+01 5.881107151634308394e+01
1.755058064951854391e+01 5.839677065208385187e+01
1.760098984156358171e+01 5.828415629197489523e+01
1.765084796114107490e+01 5.828890966628308945e+01
1.770084590768282951e+01 5.784858476362541069e+01
1.775113545986024732e+01 5.840793258739039118e+01
1.780111750417361804e+01 5.821624339577329010e+01
1.785112557577493675e+01 5.792670630558608735e+01
1.790043071854657697e+01 5.832307050976655916e+01
1.795093294930180150e+01 5.776651729787029410e+01
1.800117591338927880e+01 5.803102328574771462e+01
1.805102955138067244e+01 5.779141413153984530e+01
1.810081125040843375e+01 5.827744473404769110e+01
1.815070355316448669e+01 5.745230017251293475e+01
1.820082603023814727e+01 5.778334860896297442e+01
1.825104242422729328e+01 5.696480528200537208e+01
1.830110038363673652e+01 5.782454383409361043e+01
1.835056608576439530e+01 5.776577763921168440e+01
1.840052225601024816e+01 5.790438922133569832e+01
1.845054397902244503e+01 5.700959097320169633e+01
1.850066401639472602e+01 5.767193907174220868e+01
1.855077375907742265e+01 5.692791991101223203e+01
1.860040149003351218e+01 5.711399514268366318e+01
1.865036571685475764e+01 5.728241890772941503e+01
1.870055233191315480e+01 5.674041471402464509e+01
1.875038082358441471e+01 5.657977134477514625e+01
1.880030100158329631e+01 5.686322252805420163e+01
1.885065092426605204e+01 5.703255243435595645e+01
1.890032953550104367e+01 5.632864912280701475e+01
1.895058111422453706e+01 5.688311040920400075e+01
1.900068398728053864e+01 5.670951721856609851e+01
1.905038713710101916e+01 5.673727387463188165e+01
1.910077607978132974e+01 5.633454640536323410e+01
1.915069731442681800e+01 5.626374137931034625e+01
1.920059048440732141e+01 5.649212015785646912e+01
1.925035227553674133e+01 5.640971265833545800e+01
1.930047157178797690e+01 5.616773114355230945e+01
1.935052191971805868e+01 5.611450925815923085e+01
1.940062364124835170e+01 5.647978486646884733e+01
1.945076194647657530e+01 5.615904440351953752e+01
1.950064015704267106e+01 5.611796832999364426e+01
1.955103246253348104e+01 5.586935561293739738e+01
1.960103224732800342e+01 5.573117299731160301e+01
1.965096451560197721e+01 5.586915297607406217e+01
1.970039326907732402e+01 5.562977013221154721e+01
1.975045869793262909e+01 5.563956270431610562e+01
1.980112994754063038e+01 5.562132092768914760e+01
1.985113240949997149e+01 5.605662346838817456e+01
1.990129882447748955e+01 5.560175530066040750e+01
1.995102839468674816e+01 5.538330824268324903e+01
2.000083692040861649e+01 5.525670045663532903e+01
2.005054571725930401e+01 5.556626701487812880e+01
2.010084313615223905e+01 5.542127839629819164e+01
2.015039891387192839e+01 5.541048682053222052e+01
2.020032978626047537e+01 5.519391468583011573e+01
2.025088372940374271e+01 5.530358044719242372e+01
2.030029183479597066e+01 5.544811807771728951e+01
2.035052695173413539e+01 5.500377956049538142e+01
2.040075823535785560e+01 5.463411482159195032e+01
2.045089601889413444e+01 5.514333253207536245e+01
2.050073645873280981e+01 5.475138553576579881e+01
2.055053498245830212e+01 5.456540395026473789e+01
2.060058405558038430e+01 5.492069266808273653e+01
2.065032429254589985e+01 5.480640761219355284e+01
2.070047025335771806e+01 5.448328727218404310e+01
2.075044015714700407e+01 5.450406424479733403e+01
2.080056166383511851e+01 5.471614835697295121e+01
2.085052640866095430e+01 5.434497764465859859e+01
2.090093885348607117e+01 5.449326670286335172e+01
2.095072566472917686e+01 5.405773458798698528e+01
2.100045951270690026e+01 5.389511795310383491e+01
2.105041555584098489e+01 5.403768835224017408e+01
2.110036039795015128e+01 5.397706080745957280e+01
2.115060440588723267e+01 5.361777684680910738e+01
2.120099297639964320e+01 5.401417352595330357e+01
2.125110208021147429e+01 5.412775527141269549e+01
2.130047153211643263e+01 5.413913000730377689e+01
2.135095211249340252e+01 5.350908892852766030e+01
2.140153998728464302e+01 5.334293742488801371e+01
2.145140411864241869e+01 5.332603975916985917e+01
2.150109067953851039e+01 5.314161319257572558e+01
2.155071421888607830e+01 5.298567235207983117e+01
2.160095248613489716e+01 5.350687746713872883e+01
2.165078368034290790e+01 5.352797955340328429e+01
2.170103250420297769e+01 5.328842411154656133e+01
2.175113749075196878e+01 5.322512210217563933e+01
2.180066400185297226e+01 5.322846490527884100e+01
2.185095183544095931e+01 5.321361939067674740e+01
2.190070081606517505e+01 5.299166269652214822e+01
2.195052143564337399e+01 5.275280632411067216e+01
2.200016785070007685e+01 5.305492247091836333e+01
2.205017752243192319e+01 5.276092426699616311e+01
2.210016093160606587e+01 5.245793986651515439e+01
2.215052494156026341e+01 5.230357815797407284e+01
2.220099768268121565e+01 5.263387995768069771e+01
2.225093828405544372e+01 5.217066094693358735e+01
2.230088287983462081e+01 5.224036745206038290e+01
2.235050207682091994e+01 5.231808094413443655e+01
2.240027092684176679e+01 5.211462839780939760e+01
2.245050285997742989e+01 5.225650458121700837e+01
2.250092599038523389e+01 5.235283138601664632e+01
2.255080398875536929e+01 5.214557324761406676e+01
2.260054706545379233e+01 5.202894241438206535e+01
2.265063038163662057e+01 5.200202527939094921e+01
2.270025254152363914e+01 5.187202514593624159e+01
2.275050358802700146e+01 5.190564586862751639e+01
2.280034136030533887e+01 5.195277696006279911e+01
2.285072882878251832e+01 5.166904355913811742e+01
2.290066141892027929e+01 5.188312866993153705e+01
2.295053262466946720e+01 5.188163622092193350e+01
2.300116596624015131e+01 5.172385568694293312e+01
2.305075049811972576e+01 5.183483459882961597e+01
2.310085238957240961e+01 5.183641271955965379e+01
2.315075103044907934e+01 5.131319474261724167e+01
2.320056411088655324e+01 5.147205469845722803e+01
2.325069316575375922e+01 5.172260005842828434e+01
2.330102321943878252e+01 5.167052562839401020e+01
2.335094979495398704e+01 5.155402139531577177e+01
2.340077491351943451e+01 5.123669971927917999e+01
2.345090180360846333e+01 5.120058377116170334e+01
2.350069764984864307e+01 5.126348382848774321e+01
2.355079805083223476e+01 5.110393860609377725e+01
2.360089425887846915e+01 5.132733760148143176e+01
2.365111588592037251e+01 5.111361022796454989e+01
2.370079117479742337e+01 5.134214739950034101e+01
2.375070238000955669e+01 5.071168482816428735e+01
2.380072099427258792e+01 5.131182042558868517e+01
2.385044315484774557e+01 5.094234456776754882e+01
2.390062030528307702e+01 5.071418887406587572e+01
2.395079098070538137e+01 5.074694919383416192e+01
2.400087914898061214e+01 5.087392521825070446e+01
2.405047136728556012e+01 5.073077723726882482e+01
2.410094161555001691e+01 5.055655565556556041e+01
2.415096374291990955e+01 5.054356862443229659e+01
2.420035762630187293e+01 5.075235084306095956e+01
2.425062718572708675e+01 5.021990540554968874e+01
2.430056200939818467e+01 5.025913234663234874e+01
2.435074088185508856e+01 5.001596882478768435e+01
2.440058288212754434e+01 5.039389614431197373e+01
2.445050734240095736e+01 5.033230187651839316e+01
2.450068293811746400e+01 4.981246227643826074e+01
2.455072252521220122e+01 5.013147264236713596e+01
2.460081802631937720e+01 4.968998919583086149e+01
2.465048464938207218e+01 4.993041779380823897e+01
2.470070557930939970e+01 5.002883686018055442e+01
2.475098408547652795e+01 4.987265513377943194e+01
2.480073664568702796e+01 5.008463140358183807e+01
2.485031139239437081e+01 5.005209357084357435e+01
2.490072463844199291e+01 4.956475529399929059e+01
2.495100174296157647e+01 4.965347281266447510e+01
2.500090082264989988e+01 5.001048262922287790e+01
2.505070236710282572e+01 4.983509058807006653e+01
2.510076910204727341e+01 4.945244543411971705e+01
2.515074714444360993e+01 4.923675604642531312e+01
2.520042346985152193e+01 4.939460755062258812e+01
2.525087251929459242e+01 4.982848194003284448e+01
2.530067364950122766e+01 4.952892426233424317e+01
2.535041708261922722e+01 4.946838232400740054e+01
2.540064572517422192e+01 4.927497876329125148e+01
2.545058671133012140e+01 4.944653330743833664e+01
2.550091448992870014e+01 4.898806184546398157e+01
2.555093562505498284e+01 4.896300349422109832e+01
2.560076420353996340e+01 4.884747704166912996e+01
2.565050233917104450e+01 4.928995694202856725e+01
2.570088089215357030e+01 4.885272131458967237e+01
2.575089593395361831e+01 4.906197698492945847e+01
2.580055172488612314e+01 4.918229048590644226e+01
2.585065705518562851e+01 4.885492770167427778e+01
2.590040009142965260e+01 4.849769006207072408e+01
2.595045451330076602e+01 4.860182028207851346e+01
2.600041449295903817e+01 4.855427670291390285e+01
2.605043175508030728e+01 4.871675635193609111e+01
2.610049216203561073e+01 4.859139804923362504e+01
2.615052744885751324e+01 4.829849059389040633e+01
2.620081245176917406e+01 4.843143604036871608e+01
2.625064376793082488e+01 4.844638204891167277e+01
2.630053287468589573e+01 4.816569584524387437e+01
2.635101688869864489e+01 4.824863948653046464e+01
2.640098937474011720e+01 4.805867119292726386e+01
2.645040677875825708e+01 4.809798906571398192e+01
2.650060382162935113e+01 4.792424896370028620e+01
2.655045256895379424e+01 4.828695769576957986e+01
2.660025631369433086e+01 4.804841872571041961e+01
2.665085337050840764e+01 4.788511194783081493e+01
2.670089682513944851e+01 4.782899620001420260e+01
2.675085862322766772e+01 4.791679208485096808e+01
2.680077379233840063e+01 4.796871960539113644e+01
2.685114965594502934e+01 4.790058994722908636e+01
2.690100378496506650e+01 4.802937534578602197e+01
2.695034706866618635e+01 4.794087915386516840e+01
2.700052841649375068e+01 4.805311450759937486e+01
2.705072101866625545e+01 4.751610005527916059e+01
2.710069443800647093e+01 4.783027226699731216e+01
2.715078986062405875e+01 4.769692774430627935e+01
2.720089493456375251e+01 4.754743866936788521e+01
2.725057769076351022e+01 4.770291866649370860e+01
2.730033549125748493e+01 4.754816919191918601e+01
2.735052912710215978e+01 4.769220654427755335e+01
2.740061522037846942e+01 4.745332313716922101e+01
2.745070084770054564e+01 4.718135461561591626e+01
2.750096527171193372e+01 4.748813052684020164e+01
2.755103462783471358e+01 4.735200608766912467e+01
2.760049968995508962e+01 4.729732178815948629e+01
2.765053177889601344e+01 4.734259890999663156e+01
2.770036622615669586e+01 4.716245227824879294e+01
2.775054988188822946e+01 4.719833011732330164e+01
2.780062562883384203e+01 4.679603425040265563e+01
2.785044576349854850e+01 4.709777882337671429e+01
2.790070893961808807e+01 4.690932774950695006e+01
2.795038926939105650e+01 4.722369662080853203e+01
2.800057880835900548e+01 4.696296207258535560e+01
2.805066800443194808e+01 4.695015116613878092e+01
2.810107801910153924e+01 4.676258157283486128e+01
2.815115147865971323e+01 4.680925201790817169e+01
2.820044725741460923e+01 4.660510420656198249e+01
2.825040259489045624e+01 4.673552027043112389e+01
2.830043012984087625e+01 4.669064928553521554e+01
2.835059611158580495e+01 4.648062134364975151e+01
2.840043375018342431e+01 4.649079222366812303e+01
2.845045081296103717e+01 4.632237096499775930e+01
2.850041934162237567e+01 4.633398300613448129e+01
2.855035665006607104e+01 4.626161053567050629e+01
2.860065628427968321e+01 4.600368594939249078e+01
2.865062202782436529e+01 4.631544907225396202e+01
2.870086574409789293e+01 4.610633569955102473e+01
2.875095097308470926e+01 4.599995387595707541e+01
2.880071965891575303e+01 4.567896379094888459e+01
2.885023923582780014e+01 4.590114236842908468e+01
2.890050167422365490e+01 4.597011091389756388e+01
2.895070215097079469e+01 4.579556607607894136e+01
2.900065347826904372e+01 4.597028061608945393e+01
2.905081112941260457e+01 4.561336783480931700e+01
2.910056439627211589e+01 4.558658571514713032e+01
2.915042575030595273e+01 4.562025019196791220e+01
2.920043042605855632e+01 4.556600975481149618e+01
2.925076636279083431e+01 4.561168575571931427e+01
2.930084321682425852e+01 4.556554995487663007e+01
2.935070565647483676e+01 4.533112643576863121e+01
2.940088173014940054e+01 4.506858072297963957e+01
2.945065901268334230e+01 4.538854530885780747e+01
2.950069929838434035e+01 4.531118830194724723e+01
2.955051767266316176e+01 4.518586161662281597e+01
2.960069847837196377e+01 4.510929240835452703e+01
2.965080039456267258e+01 4.521005026942967930e+01
2.970062591625485382e+01 4.491673804119737667e+01
2.975060950619111466e+01 4.491203184731683251e+01
2.980050069104065713e+01 4.489951750807109221e+01
2.985055554323798788e+01 4.488642156238052650e+01
2.990066955052829911e+01 4.483806199090236078e+01
2.995082529205978972e+01 4.472929815703105305e+01
3.000070388283209866e+01 4.486974935116226249e+01
3.005093720211255359e+01 4.465939174993239646e+01
3.010063232593409666e+01 4.464403778459092820e+01
3.015060885573432614e+01 4.474497089583375953e+01
3.020077941803320698e+01 4.426474490579740717e+01
3.025042159237726480e+01 4.464206232483280701e+01
3.030049283039372909e+01 4.452938272620688309e+01
3.035065172418487123e+01 4.427681434083251588e+01
3.040092396144631337e+01 4.442677815629193816e+01
3.045061899439206599e+01 4.438361482348457798e+01
3.050062299842226565e+01 4.427682117403841033e+01
3.055062136019501651e+01 4.433389003170464804e+01
3.060036071826926829e+01 4.405374093250276246e+01
3.065068276140530301e+01 4.398759260374631452e+01
3.070067093794826718e+01 4.413705605849582270e+01
3.075070739398880093e+01 4.411443541574480065e+01
3.080069406674522270e+01 4.408175463008978312e+01
3.085055902468600664e+01 4.401160312097812266e+01
3.090042768187009870e+01 4.387298870702358045e+01
3.095057938439754608e+01 4.392866285296345552e+01
3.100056714637308275e+01 4.385953786428419221e+01
3.105027657948960851e+01 4.367021269609870870e+01
3.110045185950545488e+01 4.396234937813996879e+01
3.115079716584278557e+01 4.351332761500022883e+01
3.120089638300272838e+01 4.358126831608704066e+01
3.125061034946996230e+01 4.341644463600031401e+01
3.130074673395984064e+01 4.347929039280462860e+01
3.135087371096646081e+01 4.363899212659604387e+01
3.140070298512654645e+01 4.352574393046194245e+01
3.145048999559004343e+01 4.337458921322249950e+01
3.150054566235555598e+01 4.334090680733483936e+01
3.155095465298380120e+01 4.317349350012420217e+01
3.160059061739232078e+01 4.336516604510743633e+01
3.165063358798569126e+01 4.321733108172210081e+01
3.170080811001844268e+01 4.312166530176692447e+01
3.175077922846383416e+01 4.321073864212554128e+01
3.180073041957039948e+01 4.311501298086800915e+01
3.185061501289119335e+01 4.320648945463621970e+01
3.190059534907069860e+01 4.313871707186415705e+01
3.195055220581018673e+01 4.302481197463500706e+01
3.200080217994445064e+01 4.321915846402128381e+01
3.205069744610977267e+01 4.294422216846245277e+01
3.210050528371473888e+01 4.297131951552371021e+01
3.215073795427445447e+01 4.293152884786299239e+01
3.220057376437510754e+01 4.307703031778887492e+01
3.225057755887306854e+01 4.273104624024506393e+01
3.230065419623123546e+01 4.278593507567662613e+01
3.235074821529837408e+01 4.291769942977010288e+01
3.240068920145048992e+01 4.282450303158275773e+01
3.245066524920769524e+01 4.243746702479734978e+01
3.250067061912027810e+01 4.265753056322374448e+01
3.255045672500492770e+01 4.264090988436836227e+01
3.260061114312246389e+01 4.264052322039458431e+01
3.265063760042713170e+01 4.247180025808000181e+01
3.270057442976514039e+01 4.250474885523896518e+01
3.275070100505863735e+01 4.242980491074578708e+01
3.280094527007205585e+01 4.218769477261123058e+01
3.285066030973816709e+01 4.211989507857344250e+01
3.290059813941013545e+01 4.239083813830129088e+01
3.295073451895240169e+01 4.241134554876920504e+01
3.300095649687233390e+01 4.247831385700455797e+01
3.305110906618631361e+01 4.210470671065570514e+01
3.310064384792069347e+01 4.237802975831516505e+01
3.315037612876064799e+01 4.221832895050010848e+01
3.320039352890535156e+01 4.223897949937705221e+01
3.325075369626339494e+01 4.198770067469934730e+01
3.330079563727023384e+01 4.197497748690798858e+01
3.335041517110537512e+01 4.205140149705366781e+01
3.340042234386024944e+01 4.165841772655459607e+01
3.345068942173323023e+01 4.176511276608741952e+01
3.350090898686119090e+01 4.168301039161410415e+01
3.355076868455447681e+01 4.164085690753534408e+01
3.360083299996632178e+01 4.156142160644995442e+01
3.365062953487561259e+01 4.161899543686919856e+01
3.370054413012797312e+01 4.157153194816429220e+01
3.375043567752315710e+01 4.158984562358479309e+01
3.380061640845230642e+01 4.157821091505950051e+01
3.385089393014911963e+01 4.144971529701446400e+01
3.390082568859970991e+01 4.142579386139489372e+01
3.395079958664522479e+01 4.127677755462768516e+01
3.400065462941210370e+01 4.138809241965891061e+01
3.405091816079112021e+01 4.120398823497665575e+01
3.410090749058920068e+01 4.103770030079299858e+01
3.415074457596266910e+01 4.115631023802819755e+01
3.420065295071830036e+01 4.136216646819246989e+01
3.425051858506616043e+01 4.110892853326494389e+01
3.430084962655262615e+01 4.109316678240180210e+01
3.435071212962177611e+01 4.110352687140115080e+01
3.440066905842098777e+01 4.103263799051315175e+01
3.445042983328236375e+01 4.093214880740098494e+01
3.450043860660466777e+01 4.111481475612461622e+01
3.455076374242391068e+01 4.081176520274729569e+01
3.460068794302640782e+01 4.089234250390311587e+01
3.465065597891599936e+01 4.096809196276691267e+01
3.470061275611706719e+01 4.079362115053645255e+01
3.475062702078484023e+01 4.066991696024156511e+01
3.480052422475197460e+01 4.070454034497001317e+01
3.485065294727289142e+01 4.062251641972635241e+01
3.490062447937064150e+01 4.058524383084890275e+01
3.495074122486598611e+01 4.061828327187223664e+01
3.500077310510111062e+01 4.057403151674326836e+01
3.505065889052637829e+01 4.047229913353225328e+01
3.510073836994573782e+01 4.048606496862310422e+01
3.515075393740908538e+01 4.034756321557582481e+01
3.520070871574944249e+01 4.022491154010096182e+01
3.525045083160344461e+01 4.025522633912230219e+01
3.530049570869167752e+01 4.035962017166293947e+01
3.535059160776241782e+01 4.022451907105970292e+01
3.540068430971665947e+01 4.025497726403894916e+01
3.545074911362522840e+01 4.019771358166825337e+01
3.550036890253176836e+01 4.012444921733531800e+01
3.555064134077936444e+01 4.003062895422404210e+01
3.560078931342755482e+01 3.990817368713311453e+01
3.565108547588086907e+01 3.987459190740007386e+01
3.570094795766028284e+01 3.992840017491568716e+01
3.575062622600737683e+01 3.972089989978187674e+01
3.580091761654597349e+01 3.972931947990613111e+01
3.585068011788996500e+01 3.977931951959094192e+01
3.590063654732295362e+01 3.970481128486279232e+01
3.595064781968525836e+01 3.979304886847180711e+01
3.600064661787772025e+01 3.962081346668217208e+01
3.605065997098245134e+01 3.958020470287201675e+01
3.610055580292227972e+01 3.955398468096571918e+01
3.615066567295489364e+01 3.941255990376593132e+01
3.620070823995840925e+01 3.933553323630704313e+01
3.625063407140827110e+01 3.933957372993554458e+01
3.630053903480800415e+01 3.936909086558020476e+01
3.635076095548847519e+01 3.916589098273370695e+01
3.640064521820000465e+01 3.911353039373704377e+01
3.645059114817902213e+01 3.912485914388006591e+01
3.650037969898852452e+01 3.913059765513296639e+01
3.655041555911058992e+01 3.904634522806737351e+01
3.660066049185408588e+01 3.899277604327810565e+01
3.665073222235510997e+01 3.896477328362143311e+01
3.670097527299056139e+01 3.905386205898688701e+01
3.675066829186678774e+01 3.895657173892509917e+01
3.680079532898415096e+01 3.880993729118240765e+01
3.685063282247625693e+01 3.882995266115951694e+01
3.690036457791557467e+01 3.876034046405084155e+01
3.695044255330601146e+01 3.871370943366395068e+01
3.700056414896440060e+01 3.873616519871887931e+01
3.705061200566700563e+01 3.864688159365979914e+01
3.710054642744190545e+01 3.860611968589222442e+01
3.715099645420669816e+01 3.846257261790402993e+01
3.720099847428265605e+01 3.847595298122634944e+01
3.725092363794612282e+01 3.852473454941464581e+01
3.730065785688235991e+01 3.852657520818594605e+01
3.735047039871516006e+01 3.838312790282243725e+01
3.740074484956132039e+01 3.844761865986283311e+01
3.745078498921309773e+01 3.829425353609496341e+01
3.750081080030444269e+01 3.811747935773647811e+01
3.755066575910367987e+01 3.811112763723063779e+01
3.760075719290531993e+01 3.802929163781009692e+01
3.765058742029950167e+01 3.809515988228199745e+01
3.770070520800517500e+01 3.795103116557949363e+01
3.775074171766122078e+01 3.791917649160414072e+01
3.780054920228933923e+01 3.788134639497737766e+01
3.785028605357963016e+01 3.761075642655806917e+01
3.790014956604337470e+01 3.792383723978816334e+01
3.795070399093049929e+01 3.776313013582674927e+01
3.800064488374761140e+01 3.766727500352659064e+01
3.805063670460460656e+01 3.765845642187893105e+01
3.810066986978391412e+01 3.759642530631170843e+01
3.815047335562729103e+01 3.762212374813736915e+01
3.820070457166085731e+01 3.750135385492375661e+01
3.825054652004534717e+01 3.740651093094965773e+01
3.830059095506936728e+01 3.735702177093193654e+01
3.835060440364230061e+01 3.736698938417955418e+01
3.840060189880973240e+01 3.742090664743111006e+01
3.845047415235990229e+01 3.744586088518236267e+01
3.850045558810032276e+01 3.729257656683117972e+01
3.855068545891874265e+01 3.722300811139766807e+01
3.860077335274264954e+01 3.716017612070093890e+01
3.865079795446190758e+01 3.704615000338684894e+01
3.870069735860561622e+01 3.700500628962783622e+01
3.875074558129854552e+01 3.695117939297792020e+01
3.880072689471128911e+01 3.678794185830075492e+01
3.885070431159810767e+01 3.692932561946294356e+01
3.890076604177426134e+01 3.677592337548516355e+01
3.895077654249089250e+01 3.681740410150794673e+01
3.900065635008523657e+01 3.682081418198774259e+01
3.905068303866070778e+01 3.678403355106888739e+01
3.910086666979864845e+01 3.652528546101488871e+01
3.915075167994284300e+01 3.661174102070055625e+01
3.920080110904684290e+01 3.652723271972158159e+01
3.925051722509476093e+01 3.652627896448121447e+01
3.930049924941769746e+01 3.653171127530133333e+01
3.935068663145851531e+01 3.633994519967917824e+01
3.940062002802714858e+01 3.619681474726419879e+01
3.945094720807892230e+01 3.631982400843729408e+01
3.950072275578882852e+01 3.620221075902726682e+01
3.955068874417335678e+01 3.613753573608300940e+01
3.960047988298316568e+01 3.619200326563935022e+01
3.965028426911310078e+01 3.629658827188554682e+01
3.970050640123277219e+01 3.610768928125514066e+01
3.975057126679874386e+01 3.609417321584503924e+01
3.980063131454883063e+01 3.602492718037601804e+01
3.985062444376308832e+01 3.595057144101311764e+01
3.990046459422952552e+01 3.590633360567758103e+01
3.995030915473805777e+01 3.582442856635028505e+01
4.000070700697658310e+01 3.578338352827648094e+01
4.005068128997515231e+01 3.579396056860518627e+01
4.010049471442144409e+01 3.564384984555788805e+01
4.015069681665188028e+01 3.556534638777629453e+01
4.020082895179550064e+01 3.560392138486350433e+01
4.025072769209087653e+01 3.563299941950768357e+01
4.030051348483454632e+01 3.562747292026046608e+01
4.035072609931964394e+01 3.544034408902006561e+01
4.040037176569849464e+01 3.536019878321524601e+01
4.045042667732217012e+01 3.549969561571771237e+01
4.050053434909590777e+01 3.540376147991641176e+01
4.055043005389622834e+01 3.532928436040867126e+01
4.060045540580550494e+01 3.533909861074424441e+01
4.065048092584816430e+01 3.525303977964451008e+01
4.070078642837128058e+01 3.513960649672461045e+01
4.075040725570445943e+01 3.518920480813685003e+01
4.080059557345823151e+01 3.515536697930623689e+01
4.085087876590859679e+01 3.507550352900670987e+01
4.090052355963207731e+01 3.495688782830647767e+01
4.095053410493387958e+01 3.502712690109574112e+01
4.100046890014794343e+01 3.498053127101546522e+01
4.105055555589980543e+01 3.486544839255499539e+01
4.110055962388238271e+01 3.486407194786688990e+01
4.115058724083828423e+01 3.471232917631245130e+01
4.120063807828946523e+01 3.485790261421159641e+01
4.125078781157126429e+01 3.462032994230073513e+01
4.130070977352312411e+01 3.468217835079236977e+01
4.135072597204173661e+01 3.465357876064593512e+01
4.140062101981526865e+01 3.467089731303811817e+01
4.145046210781828933e+01 3.446501477525099233e+01
4.150064410670492521e+01 3.451682523675903269e+01
4.155055390754394296e+01 3.439236162144683817e+01
4.160071856321656014e+01 3.434310432901844479e+01
4.165062465436843553e+01 3.432033361734633559e+01
4.170074665647079826e+01 3.433854820097850791e+01
4.175092031344095034e+01 3.424426832720067893e+01
4.180083223468388809e+01 3.420284922747526224e+01
4.185091650497393800e+01 3.416805433750897691e+01
4.190058894312653592e+01 3.413640148881937364e+01
4.195057327773436384e+01 3.408360324685340004e+01
4.200054620451269471e+01 3.403764553409042293e+01
4.205070097649376493e+01 3.403000936130377596e+01
4.210104367677791259e+01 3.391950037166259335e+01
4.215062999266064736e+01 3.398021022579808204e+01
4.220062489273367845e+01 3.400342221488276806e+01
4.225072019983769422e+01 3.389336056042429135e+01
4.230080984542261291e+01 3.382054503353673880e+01
4.235048512465247939e+01 3.375490501289992551e+01
4.240039033711827443e+01 3.372173819623499469e+01
4.245058113897258067e+01 3.362609860304693399e+01
4.250051056501101243e+01 3.372432791769341520e+01
4.255075469310492764e+01 3.345809276566286172e+01
4.260088839389085535e+01 3.352665819763637245e+01
4.265066822100642696e+01 3.344103985459306472e+01
4.270042497031288775e+01 3.342373926524639671e+01
4.275056154529104191e+01 3.335560542725964694e+01
4.280061966166783094e+01 3.349215918209235809e+01
4.285072612642605350e+01 3.339053078163682642e+01
4.290063911686539910e+01 3.331845982667348238e+01
4.295047238065683359e+01 3.325494286418940959e+01
4.300068081100387474e+01 3.321351988467735339e+01
4.305065341004009127e+01 3.323538365760884261e+01
4.310092706765931325e+01 3.318997324082916123e+01
4.315079602200330555e+01 3.316808366795050489e+01
4.320049660447120488e+01 3.311863787534230141e+01
4.325044276895134487e+01 3.297270564709592833e+01
4.330057972539024291e+01 3.305067308597480036e+01
4.335073935269073786e+01 3.311358925517940577e+01
4.340062665975187173e+01 3.303575840584380785e+01
4.345083521863485743e+01 3.290373350905920091e+01
4.350080434733149559e+01 3.289720045994119602e+01
4.355066849370164306e+01 3.278462241311466840e+01
4.360066807944897249e+01 3.283735462074326250e+01
4.365063945197720585e+01 3.273609233786541495e+01
4.370057186563911955e+01 3.262821304951534529e+01
4.375058189073340742e+01 3.248053693922292240e+01
4.380066239129499195e+01 3.261296406003159376e+01
4.385070439948531629e+01 3.253484852960968254e+01
4.390071035686884926e+01 3.240371908689461833e+01
4.395067528124658196e+01 3.239611878110265053e+01
4.400082397187517103e+01 3.236530711313974251e+01
4.405064825126752481e+01 3.241614107476176088e+01
4.410055966609562716e+01 3.230311880400956426e+01
4.415064464392477106e+01 3.215052482763962871e+01
4.420062521994253046e+01 3.218935550423002923e+01
4.425074133285379219e+01 3.217731488178472432e+01
4.430056633737652305e+01 3.206502321911340658e+01
4.435070835691129076e+01 3.193685724789412461e+01
4.440078972329759210e+01 3.199129823664707217e+01
4.445074787044538311e+01 3.196043005771420908e+01
4.450068873751220622e+01 3.171021094145395836e+01
4.455068020915655325e+01 3.179505097112060241e+01
4.460077488805040957e+01 3.168912868457815435e+01
4.465062459263209860e+01 3.171123047122274841e+01
4.470071478766311657e+01 3.166217669006513802e+01
4.475070854589100833e+01 3.169524954028317865e+01
4.480054713876269545e+01 3.149200820061124872e+01
4.485054816752502660e+01 3.149636960180000145e+01
4.490070656619563039e+01 3.146266114695607641e+01
4.495070056087058674e+01 3.138823852550624238e+01
4.500056910314840763e+01 3.138554778120429134e+01
4.505070887203213914e+01 3.139882787252025764e+01
4.510061236772134663e+01 3.130113134528658136e+01
4.515073277013259201e+01 3.127958584425237731e+01
4.520069200387877117e+01 3.117527595884003588e+01
4.525066379076972112e+01 3.121469714517431981e+01
4.530070851487537453e+01 3.106486729312435102e+01
4.535066554677655404e+01 3.100572198432003646e+01
4.540070412847448011e+01 3.092604612327982494e+01
4.545055029283572168e+01 3.095089467639758496e+01
4.550056965286096755e+01 3.088548333793178813e+01
4.555054912766672004e+01 3.073972485687430378e+01
4.560058025539878912e+01 3.079714041787816114e+01
4.565062272089560480e+01 3.078429933747636937e+01
4.570060765623707510e+01 3.071944430954520300e+01
4.575072027820378651e+01 3.070032465679781808e+01
4.580063544467018488e+01 3.059240004838807181e+01
4.585061524648342157e+01 3.065002991248718800e+01
4.590038557800846775e+01 3.055600877245833402e+01
4.595044581013677742e+01 3.054879826283538691e+01
4.600053540272723041e+01 3.049065083371508322e+01
4.605059275114101780e+01 3.042518225517498465e+01
4.610084778734601940e+01 3.049510866172628099e+01
4.615078372778435067e+01 3.042784504636987108e+01
4.620079763110578597e+01 3.035952478346701611e+01
4.625069257879680862e+01 3.034365340645233999e+01
4.630076930310873706e+01 3.029366252536984305e+01
4.635061760445957191e+01 3.029606289850334022e+01
4.640048883980021799e+01 3.023294635404810649e+01
4.645059142980773004e+01 3.014461300128609622e+01
4.650073860852782559e+01 3.016965575191030169e+01
4.655062247296019962e+01 3.012589839562795291e+01
4.660054129780100141e+01 2.993897418764434804e+01
4.665067910891992398e+01 3.003732060185184949e+01
4.670057831041176399e+01 2.995905708638530385e+01
4.675073081291679244e+01 2.981320557821838690e+01
4.680064903311568969e+01 2.981631913437785997e+01
4.685054893440595691e+01 2.977272504758531468e+01
4.690047720868597025e+01 2.977295186163022578e+01
4.695055373767551288e+01 2.960363236917892849e+01
4.700068443481134040e+01 2.969335068629624530e+01
4.705054892794714760e+01 2.967585609457806584e+01
4.710090191639649504e+01 2.959398554002953574e+01
4.715086923685525022e+01 2.953687262854156614e+01
4.720079403182356970e+01 2.951148317468982185e+01
4.725071271028107134e+01 2.945930075881143040e+01
4.730064744448333869e+01 2.942561755500011245e+01
4.735056319112582912e+01 2.937511766328535856e+01
4.740048645981774200e+01 2.923474739705259395e+01
4.745072982557754671e+01 2.932223282175023016e+01
4.750080386038112579e+01 2.930219913710049084e+01
4.755087940005583391e+01 2.922522469780097509e+01
4.760072805312179867e+01 2.922664572213589196e+01
4.765067020928979247e+01 2.913535379762394584e+01
4.770065166037148430e+01 2.910924200790831762e+01
4.775059472584882059e+01 2.905017602955858180e+01
4.780054320846981142e+01 2.888126368904045194e+01
4.785051871527539191e+01 2.904442869543241912e+01
4.790068485360295369e+01 2.892583048939627588e+01
4.795068468835729902e+01 2.882125797918852683e+01
4.800081266340075814e+01 2.885483139395838492e+01
4.805067758293061075e+01 2.868685259400389498e+01
4.810057955891159054e+01 2.873017904916451215e+01
4.815065247583424224e+01 2.878445222979985019e+01
4.820058876752798938e+01 2.878622725734804533e+01
4.825062758151098308e+01 2.860140684090643859e+01
4.830050891861813511e+01 2.862609702518153298e+01
4.835059949104871180e+01 2.856787398767106367e+01
4.840061817680124534e+01 2.854917367954449148e+01
4.845059197059676848e+01 2.849298061389337278e+01
4.850071348765496282e+01 2.847124165682754793e+01
4.855070861047948938e+01 2.844535494240556872e+01
4.860079885823664370e+01 2.836639774598490504e+01
4.865073159027676297e+01 2.832427903695211313e+01
4.870062505589664426e+01 2.828567384069699742e+01
4.875064142241748044e+01 2.825941152910657550e+01
4.880070725855863856e+01 2.824278937682446866e+01
4.885077510260894940e+01 2.815677959359037530e+01
4.890071465607211110e+01 2.813181554869581191e+01
4.895074531240822324e+01 2.816244907387962826e+01
4.900073502381767554e+01 2.802946176685994217e+01
4.905077811013303801e+01 2.802184786638055058e+01
4.910070723550170868e+01 2.788791976382518811e+01
4.915070259051960733e+01 2.795898559228111324e+01
4.920063847882943975e+01 2.793080072365256328e+01
4.925059680352623559e+01 2.792971558820995526e+01
4.930058817457437215e+01 2.784313862493012692e+01
4.935066150186425205e+01 2.773291936757251008e+01
4.940082702243974921e+01 2.773421465543672682e+01
4.945071213629248774e+01 2.776575405719503564e+01
4.950066337522281401e+01 2.762097292940565652e+01
4.955070025329212768e+01 2.767174232903166242e+01
4.960068424121411823e+01 2.755423842946310486e+01
4.965064114312914256e+01 2.744958607730805866e+01
4.970072747776619337e+01 2.752357902906275910e+01
4.975072021790703047e+01 2.744148959384281738e+01
4.980057431660738132e+01 2.738585044359949094e+01
4.985075637656007075e+01 2.741417876264733877e+01
4.990071580811433449e+01 2.729017722430577209e+01
4.995063927006449234e+01 2.731187696896829920e+01
5.000060084925996762e+01 2.724398844647635443e+01
5.005045873064565853e+01 2.721832658051348375e+01
5.010048364727365566e+01 2.716715592555236114e+01
5.015058301511334093e+01 2.720423081850587366e+01
5.020059771037254848e+01 2.712099358974359120e+01
5.025046478966564933e+01 2.709069543314536688e+01
5.030058377984222062e+01 2.708192671576021482e+01
5.035069760041683651e+01 2.704116465863453556e+01
5.040084924235802077e+01 2.705920943549843827e+01
5.045068624624399689e+01 2.695921029570094518e+01
5.050060330114866503e+01 2.690243144834250799e+01
5.055056632414860474e+01 2.685944278606965341e+01
5.060048892831081702e+01 2.685011235073052660e+01
5.065076270012374238e+01 2.683144832267251090e+01
5.070074418145034656e+01 2.676907133045525811e+01
5.075072033235919378e+01 2.665667562160335535e+01
5.080056856830650247e+01 2.666141233655097054e+01
5.085063996342848469e+01 2.662127588071129125e+01
5.090079576010987950e+01 2.656124630917810947e+01
5.095067199178613038e+01 2.661124710439742103e+01
5.100077085900777263e+01 2.647574531179737889e+01
5.105066948456282461e+01 2.646698880976602197e+01
5.110067782431391947e+01 2.643580534147641714e+01
5.115071056813979311e+01 2.643511387861779838e+01
5.120086418384877192e+01 2.632165289256198193e+01
5.125089251453216832e+01 2.632192651685230089e+01
5.130069535899511379e+01 2.623553602087110193e+01
5.135077314432863460e+01 2.624474727144953690e+01
5.140079527368695267e+01 2.621176090003953973e+01
5.145076795720253671e+01 2.613641879544675817e+01
5.150067190460001854e+01 2.609950429094400803e+01
5.155055705950405098e+01 2.601334773770771491e+01
5.160060338144170089e+01 2.602542529673520377e+01
5.165077786608629395e+01 2.592447056549239548e+01
5.170079892531500576e+01 2.594729227344841505e+01
5.175076409355646234e+01 2.593297753272305073e+01
5.180081050879348936e+01 2.586594093574971254e+01
5.185063236522091756e+01 2.580195710102351470e+01
5.190063627192509443e+01 2.584522526457169533e+01
5.195045194769984676e+01 2.572867971463437797e+01
5.200055348012200085e+01 2.576722277198905786e+01
5.205073650353721604e+01 2.566133609716058572e+01
5.210082264320564605e+01 2.562203195709257386e+01
5.215074029641194642e+01 2.558975330382052960e+01
5.220060961371469688e+01 2.561594263012840145e+01
5.225071803781900570e+01 2.555731139859522472e+01
5.230056258642265021e+01 2.549783402759968709e+01
5.235053885698353326e+01 2.549262171974052649e+01
5.240052133702501891e+01 2.541056277415886200e+01
5.245061225630747259e+01 2.525442918091456335e+01
5.250071488624668348e+01 2.528698834860100320e+01
5.255058134901026534e+01 2.530197335818015247e+01
5.260070941839639147e+01 2.523969319489355811e+01
5.265077959906204796e+01 2.517934222993413229e+01
5.270071039049599904e+01 2.515370683464681534e+01
5.275067087002464206e+01 2.508591778925412896e+01
5.280057513073043651e+01 2.506826217580575999e+01
5.285048295724897827e+01 2.496714995483288035e+01
5.290064806091204730e+01 2.492945021967367225e+01
5.295076237312280654e+01 2.495527906422010034e+01
5.300071428026349452e+01 2.487329957236101663e+01
5.305094238809233786e+01 2.487545574353931599e+01
5.310087107769089698e+01 2.488445077173981446e+01
5.315076924934483316e+01 2.485376456852951321e+01
5.320050195368721546e+01 2.475215140121501634e+01
5.325049837735429747e+01 2.467560242568455564e+01
5.330065167941499737e+01 2.472948674405130376e+01
5.335069576743354247e+01 2.465615375765513662e+01
5.340090396500927739e+01 2.457099435230719209e+01
5.345084246007032647e+01 2.456351406314933072e+01
5.350083523446005529e+01 2.453999301123068832e+01
5.355075183860127197e+01 2.449854359391113690e+01
5.360082432592102464e+01 2.445966623036649068e+01
5.365091818824257075e+01 2.439374581696011290e+01
5.370059238608737218e+01 2.435264133864149372e+01
5.375066957950130586e+01 2.431523179674081092e+01
5.380067487411135829e+01 2.425416074302648539e+01
5.385058139128504706e+01 2.427878565275755562e+01
5.390070192466438925e+01 2.420213448001191381e+01
5.395078131761895435e+01 2.414019226417393682e+01
5.400058870545096568e+01 2.418510354971648368e+01
5.405068033207550116e+01 2.406491349094292787e+01
5.410072161653349809e+01 2.400704341129541675e+01
5.415067609690787265e+01 2.407411764452402281e+01
5.420060581925445575e+01 2.397113415396555069e+01
5.425053353070867246e+01 2.399727298453833413e+01
5.430068570154838170e+01 2.398585059960703347e+01
5.435066411431858313e+01 2.390942435026605040e+01
5.440080914129376310e+01 2.385349155151481781e+01
5.445080163590567679e+01 2.385255818722444232e+01
5.450081660501099634e+01 2.376586070714261467e+01
5.455078215982349121e+01 2.375921255024784173e+01
5.460050313376459741e+01 2.379139996613326602e+01
5.465064987509153127e+01 2.367542004154454460e+01
5.470081260773268639e+01 2.369746499761204461e+01
5.475070460284505458e+01 2.364683976811742738e+01
5.480047950030435544e+01 2.356915938302801905e+01
5.485062926285060314e+01 2.356827737226277364e+01
5.490064179093323560e+01 2.351839540553627828e+01
5.495054313845735550e+01 2.348029559717103254e+01
5.500079655004624613e+01 2.342261233961917455e+01
5.505072119771764960e+01 2.340143417896495848e+01
5.510064043814401913e+01 2.343033606492626220e+01
5.515067446589753075e+01 2.329613255764166269e+01
5.520076119843602669e+01 2.329414639578332569e+01
5.525078088792644593e+01 2.328896310234395628e+01
5.530081900620841395e+01 2.325511080534963426e+01
5.535082610383302892e+01 2.319625225804854907e+01
5.540073174404310663e+01 2.312345273168966742e+01
5.545062967977569457e+01 2.314117195170546992e+01
5.550057000431460352e+01 2.309755031877446285e+01
5.555071841742697103e+01 2.301997467223795724e+01
5.560062756007631890e+01 2.295805651082432775e+01
5.565055936735502939e+01 2.297939299826576587e+01
5.570060012874240130e+01 2.288798468848137446e+01
5.575053199084554478e+01 2.290488513464027065e+01
5.580071707753494792e+01 2.282282669963815991e+01
5.585068299905342570e+01 2.279587732528909072e+01
5.590076095627701847e+01 2.272697039635088601e+01
5.595061593594395077e+01 2.270910510096505064e+01
5.600059719570929673e+01 2.265807216730679130e+01
5.605071976431674585e+01 2.269735352035900533e+01
5.610071043481956110e+01 2.257726028055342127e+01
5.615079356577659553e+01 2.253419535440391641e+01
5.620061827311953806e+01 2.255951665022892527e+01
5.625076579374169228e+01 2.248119704859047019e+01
5.630076324283498934e+01 2.245128209251327434e+01
5.635054101137028226e+01 2.239373508045136774e+01
5.640050948138840425e+01 2.241077966412810696e+01
5.645054455800144666e+01 2.236405262453660114e+01
5.650073481325052427e+01 2.238355430004787294e+01
5.655073477457435871e+01 2.228928035670874408e+01
5.660073824559485445e+01 2.224140098026854773e+01
5.665074086704029810e+01 2.220131580243266001e+01
5.670079376222318501e+01 2.218230336968499117e+01
5.675065281761889935e+01 2.214731234523114622e+01
5.680050522544234326e+01 2.213836982351449478e+01
5.685029008354570834e+01 2.208973500205652840e+01
5.690039644117692319e+01 2.205612006506561684e+01
5.695066971981956527e+01 2.198529034664429105e+01
5.700060778658993144e+01 2.198372126537511662e+01
5.705072362469287839e+01 2.197364065255646537e+01
5.710062844583793407e+01 2.197524192608138094e+01
5.715063642460044946e+01 2.187801282794328017e+01
5.720052563749149499e+01 2.184563896372414149e+01
5.725057250158966582e+01 2.177053298968283812e+01
5.730070061666543069e+01 2.178280761827379663e+01
5.735059468705980379e+01 2.177797015701203165e+01
5.740068046681047065e+01 2.166746008820074465e+01
5.745062246045310417e+01 2.164490888519591749e+01
5.750071044277198240e+01 2.164884645618212389e+01
5.755079038725750706e+01 2.158905138573522819e+01
5.760081478585422587e+01 2.156195594767218537e+01
5.765084819486575185e+01 2.152794090763676138e+01
5.770069974390386847e+01 2.150872107960590185e+01
5.775064567173122754e+01 2.142433860631319220e+01
5.780071185781467591e+01 2.141615089724060894e+01
5.785070888559319968e+01 2.137792296591793573e+01
5.790063092839579895e+01 2.136637234315754341e+01
5.795076274408464201e+01 2.129482693089031287e+01
5.800068408155547672e+01 2.126776883179542921e+01
5.805066207662181199e+01 2.121565594349475248e+01
5.810058441680767771e+01 2.125242001671432490e+01
5.815050057807743400e+01 2.118357303656502566e+01
5.820058481270466899e+01 2.114332843687572705e+01
5.825054799922251192e+01 2.113592719176756063e+01
5.830062176282278585e+01 2.105760319450248375e+01
5.835064111592163982e+01 2.106359631261338095e+01
5.840075419903320153e+01 2.095683905876431297e+01
5.845083088551552919e+01 2.095276169367871688e+01
5.850080154356264472e+01 2.100338879301444095e+01
5.855080032980847449e+01 2.092076565974916136e+01
5.860057089650905482e+01 2.087107355864811353e+01
5.865057581360016314e+01 2.083891421664970878e+01
5.870061249080675481e+01 2.078168036392703044e+01
5.875063584132967520e+01 2.077285228156122798e+01
5.880052804622530971e+01 2.070013319189709478e+01
5.885049062313584045e+01 2.068750272842362747e+01
5.890068540929838292e+01 2.064111785786831277e+01
5.895074667686701986e+01 2.062362726847580774e+01
5.900079285975216692e+01 2.056061006086865461e+01
5.905072163601161606e+01 2.055568148014315355e+01
5.910053840968517136e+01 2.050716715783999078e+01
5.915055836907099263e+01 2.050267105586116401e+01
5.920078583096847069e+01 2.043181952633550935e+01
5.925078445624479428e+01 2.039410894660894513e+01
5.930073572141976967e+01 2.039813102254528232e+01
5.935077471148129291e+01 2.030333480130470392e+01
5.940084008989509812e+01 2.029527672879650169e+01
5.945076794887749827e+01 2.032418767878096588e+01
5.950063683779239909e+01 2.025485343891691770e+01
5.955077877209936332e+01 2.022099229343896809e+01
5.960060236443837312e+01 2.019274027537377592e+01
5.965054645934751676e+01 2.020031857765907546e+01
5.970063068222594893e+01 2.015678439665814636e+01
5.975062169048680261e+01 2.014706245545700014e+01
5.980081898179457056e+01 2.006933557742011232e+01
5.985070991520160533e+01 2.001745485538870639e+01
5.990063533403414198e+01 1.997606327645364033e+01
5.995058497985625223e+01 1.999786560333626895e+01
6.000058384167378733e+01 1.989739153906556623e+01
6.005053987652184588e+01 1.988557076549394154e+01
6.010045421237759911e+01 1.986751175379120582e+01
6.015064859381300977e+01 1.986722223381827845e+01
6.020071100610303461e+01 1.981159329217309661e+01
6.025064422090846250e+01 1.976712116624731763e+01
6.030080715923693901e+01 1.969500313805903602e+01
6.035080229029196630e+01 1.970454577116507267e+01
6.040061132077143924e+01 1.969264287871057562e+01
6.045063089445540783e+01 1.965166667529826583e+01
6.050051327979302584e+01 1.959218971163720369e+01
6.055046586021543931e+01 1.960030075033087726e+01
6.060066561403655072e+01 1.953078004698458514e+01
6.065060531728364168e+01 1.949587894109624031e+01
6.070058213762547439e+01 1.947900416876364460e+01
6.075049250711255411e+01 1.941641779824914948e+01
6.080072220556943563e+01 1.942023353579448752e+01
6.085080501817724041e+01 1.937842647048778488e+01
6.090072241368302031e+01 1.931447016797556770e+01
6.095072344314405655e+01 1.931774038256720516e+01
6.100064471556180479e+01 1.927715981660944422e+01
6.105074558218583292e+01 1.924312802725869886e+01
6.110075563535039578e+01 1.922922988226726559e+01
6.115084051183571034e+01 1.920611081640858586e+01
6.120073852296442141e+01 1.915307930017985427e+01
6.125069677240534105e+01 1.916461616811407609e+01
6.130078678126051983e+01 1.912237399476696709e+01
6.135074668185310287e+01 1.904587434925853984e+01
6.140074771504353635e+01 1.904725026281031930e+01
6.145066576833651339e+01 1.906032149874709347e+01
6.150056726797252082e+01 1.904099475226881211e+01
6.155052199605525942e+01 1.901725620087561097e+01
6.160067465714389101e+01 1.893932975212647918e+01
6.165067242892764909e+01 1.896793422336482493e+01
6.170067030649844497e+01 1.892693419951443090e+01
6.175066561361092710e+01 1.884824873702215697e+01
6.180067991116586512e+01 1.886995408298097132e+01
6.185058426725945679e+01 1.877768963263432411e+01
6.190038579212198044e+01 1.876288222529098348e+01
6.195062912658430321e+01 1.868981634142940607e+01
6.200054455848771084e+01 1.868553390660716218e+01
6.205045608676216062e+01 1.869377020527242550e+01
6.210065680711953462e+01 1.867429362152048711e+01
6.215064819109176142e+01 1.857707761565344384e+01
6.220063023545002778e+01 1.856890492181504371e+01
6.225056036774524415e+01 1.848569432017816183e+01
6.230057029581633543e+01 1.846049377895777965e+01
6.235056477868997149e+01 1.844431336417511247e+01
6.240070311510407208e+01 1.842330795794198295e+01
6.245087981397324484e+01 1.838496285251173390e+01
6.250075171045033784e+01 1.836829224134028848e+01
6.255079729562886115e+01 1.834103976187475382e+01
6.260063960014294082e+01 1.825685064025658733e+01
6.265063784798040558e+01 1.825343930098531331e+01
6.270068305958778154e+01 1.819174908612275843e+01
6.275066561381144226e+01 1.818935054134881568e+01
6.280070487697192050e+01 1.817715892539764866e+01
6.285071948848923284e+01 1.811911412641601871e+01
6.290083993008494190e+01 1.810254694884173432e+01
6.295081676641085977e+01 1.805399041818138173e+01
6.300068683398932734e+01 1.800415396341463392e+01
6.305066180073792736e+01 1.799471033467765224e+01
6.310071566505131813e+01 1.795071132501594491e+01
6.315063473160932972e+01 1.794552308004979224e+01
6.320071410390065125e+01 1.796188318537192075e+01
6.325070212739828435e+01 1.792693290037124498e+01
6.330067373965293598e+01 1.786689910923227842e+01
6.335086637769684614e+01 1.787016757284085244e+01
6.340075853883547552e+01 1.780303144891913902e+01
6.345085909834993743e+01 1.779878934586833950e+01
6.350074052305416927e+01 1.769969150376176614e+01
6.355074211049213773e+01 1.764665003119151621e+01
6.360070004991064252e+01 1.762712473536441493e+01
6.365046078357857340e+01 1.764037118258609382e+01
6.370059063423332191e+01 1.759720755056486396e+01
6.375058423596151158e+01 1.758876134377468858e+01
6.380070654720426404e+01 1.756275772039830940e+01
6.385073591118687375e+01 1.748687602731115120e+01
6.390071077096509811e+01 1.746385359671087301e+01
6.395066974511460245e+01 1.749106328694551138e+01
6.400073832788034167e+01 1.739942436202936094e+01
6.405072727132748867e+01 1.737181610136379817e+01
6.410042485383993949e+01 1.731999098051389652e+01
6.415040342529097472e+01 1.732402897407438047e+01
6.420058933624704878e+01 1.725285430618462357e+01
6.425075689310219218e+01 1.727314357943469858e+01
6.430074059785791007e+01 1.723141910546659261e+01
6.435073239392266942e+01 1.717742724997826897e+01
6.440068334788421112e+01 1.713280774196691780e+01
6.445081674355536450e+01 1.713085838996412136e+01
6.450077001850063141e+01 1.709115048844805784e+01
6.455062786306609723e+01 1.705193392206285097e+01
6.460074774320564472e+01 1.706909794396661084e+01
6.465057417145177965e+01 1.700744919284005263e+01
6.470063659512929632e+01 1.696495338021692945e+01
6.475068947408398401e+01 1.695450357993794555e+01
6.480066604957306708e+01 1.691174361395036385e+01
6.485070380543818658e+01 1.687431800962669470e+01
6.490082017193319075e+01 1.687218883606900377e+01
6.495091978387250720e+01 1.681565521247517836e+01
6.500079650806792131e+01 1.678927595015464647e+01
6.505077306231818568e+01 1.674027851193515914e+01
6.510072438062935873e+01 1.671774464695852913e+01
6.515060376587864255e+01 1.669372544109141643e+01
6.520062617090036383e+01 1.668546720145062423e+01
6.525067363761262129e+01 1.664110637415992855e+01
6.530069142186557940e+01 1.661441055558195856e+01
6.535065255382559712e+01 1.655078430242949850e+01
6.540072432906758593e+01 1.653450378710880742e+01
6.545072134725472779e+01 1.653192235474806893e+01
6.550067517520525939e+01 1.646816430378257579e+01
6.555061567814142620e+01 1.645315499110938262e+01
6.560071804978089460e+01 1.638181836817467740e+01
6.565074992402898602e+01 1.642426532178232179e+01
6.570073563602359457e+01 1.635203807195505732e+01
6.575081836235639798e+01 1.636012545246464001e+01
6.580067310797147684e+01 1.631686493949007044e+01
6.585061954733382095e+01 1.624941558110948492e+01
6.590052302224263769e+01 1.623867729863953002e+01
6.595052826667320289e+01 1.618833111291585780e+01
6.600053918408119102e+01 1.615994116999901564e+01
6.605046954238856927e+01 1.613158276722986884e+01
6.610057363466796687e+01 1.612483542219164789e+01
6.615059008408327657e+01 1.610311754400120066e+01
6.620061791133673523e+01 1.603558899416751515e+01
6.625064855268836084e+01 1.602327606455197895e+01
6.630072856218191646e+01 1.595586444892801836e+01
6.635065875684698256e+01 1.596041554333369206e+01
6.640064264940966154e+01 1.593107712165951817e+01
6.645073824784918770e+01 1.589937417796384445e+01
6.650067115149393260e+01 1.589144341892055934e+01
6.655065369910670370e+01 1.583245430480992866e+01
6.660067342842303617e+01 1.585052387123882234e+01
6.665061323825229067e+01 1.576822976988123770e+01
6.670060323996554530e+01 1.575512077458423654e+01
6.675068430972328315e+01 1.576895098369726611e+01
6.680058418726099490e+01 1.569658062893366157e+01
6.685071694749524340e+01 1.566095707294087092e+01
6.690068793049118767e+01 1.564510479617935346e+01
6.695061923607941878e+01 1.559846499385659335e+01
6.700068639194881825e+01 1.559163316642974095e+01
6.705067682126600914e+01 1.553414433012824070e+01
6.710077604805209717e+01 1.551829560413777820e+01
6.715060699182339476e+01 1.548632685266302822e+01
6.720066061294389215e+01 1.544445187817966492e+01
6.725075986721213894e+01 1.539832999229205690e+01
6.730052522264658421e+01 1.539105945062205372e+01
6.735062924116799365e+01 1.538142865269008297e+01
6.740060732150529077e+01 1.534066544209735383e+01
6.745053620466653399e+01 1.532521895570679504e+01
6.750066425390348002e+01 1.528143266121557886e+01
6.755082937688051459e+01 1.526941441179000236e+01
6.760072503679658951e+01 1.521230076994242530e+01
6.765062988820275791e+01 1.516590890303380945e+01
6.770069412468146197e+01 1.517333640474173784e+01
6.775062100887190297e+01 1.513654278232144179e+01
6.780056248816653408e+01 1.508694886526227741e+01
6.785055195196578381e+01 1.506807775532073990e+01
6.790059441818515040e+01 1.506998685012698758e+01
6.795044836699864277e+01 1.497767670084904701e+01
6.800048085798178477e+01 1.497009564025270834e+01
6.805067835923897235e+01 1.497131561811192135e+01
6.810072656466435603e+01 1.493070451768955209e+01
6.815070145771700538e+01 1.492621082466094684e+01
6.820064337944950239e+01 1.488231493321000087e+01
6.825063037684658696e+01 1.483562627904545117e+01
6.830061409162452435e+01 1.483327937232555627e+01
6.835082789549002769e+01 1.480449359089357841e+01
6.840074162891980336e+01 1.477431796291020660e+01
6.845061665390170447e+01 1.471725637254109742e+01
6.850060607525895762e+01 1.470005959886316305e+01
6.855041616181789266e+01 1.467793299093817971e+01
6.860055351875693930e+01 1.462472999773686766e+01
6.865067407391181575e+01 1.466998005301418218e+01
6.870082429657925616e+01 1.459525205315173579e+01
6.875066073594551597e+01 1.456150913023523152e+01
6.880065260215600631e+01 1.456317278653725467e+01
6.885081659029681589e+01 1.456816883354941972e+01
6.890064504945875967e+01 1.450021306061574577e+01
6.895067122144425298e+01 1.447238342395125876e+01
6.900074781618619113e+01 1.444642225205869401e+01
6.905078903998277440e+01 1.440697043774571107e+01
6.910062926068043510e+01 1.440991203089256345e+01
6.915076312115429857e+01 1.437027331855560242e+01
6.920087728366590341e+01 1.430474085764098113e+01
6.925064015234329418e+01 1.432391142192982159e+01
6.930071161473770758e+01 1.425262142041202296e+01
6.935069662042847938e+01 1.427385774598720936e+01
6.940067336527617670e+01 1.416981290113180769e+01
6.945052358078594068e+01 1.419280102021995837e+01
6.950069882003045052e+01 1.413978047595920451e+01
6.955065043974518346e+01 1.413766020322698047e+01
6.960063238637687277e+01 1.408737334261430441e+01
6.965076356245934619e+01 1.406946699363352771e+01
6.970066267261935877e+01 1.403518833966254675e+01
6.975077150840287743e+01 1.402767628684250312e+01
6.980064065908266002e+01 1.397512661628095110e+01
6.985059517066410706e+01 1.397745947993159632e+01
6.990058917780882553e+01 1.393199064381897578e+01
6.995052199767907553e+01 1.388774646136635482e+01
7.000053278111315080e+01 1.386687353559085700e+01
7.005054756946375960e+01 1.384642041810952939e+01
7.010071906655107910e+01 1.381332894528784294e+01
7.015073724783538012e+01 1.379282978189509201e+01
7.020076257112617668e+01 1.376036838550801278e+01
7.025071380996972437e+01 1.372657035521837798e+01
7.030079663510109356e+01 1.370490240985316888e+01
7.035073212561979972e+01 1.369517745627772243e+01
7.040052429241477228e+01 1.365495262967657908e+01
7.045058297496383659e+01 1.359988445014558245e+01
7.050059401138639714e+01 1.361556511834909244e+01
7.055066771787184621e+01 1.357908838358898151e+01
7.060067847038419586e+01 1.352902093327795363e+01
7.065080545095293019e+01 1.353252170459629689e+01
7.070079978376851670e+01 1.347859007965536726e+01
7.075070557410046490e+01 1.343790915792974516e+01
7.080069760468173001e+01 1.343918620468109104e+01
7.085076568503940564e+01 1.340539255919623507e+01
7.090068528896773614e+01 1.336883102816826785e+01
7.095067439269951137e+01 1.332852941323458040e+01
7.100072450262976531e+01 1.330353627525438576e+01
7.105057251719182432e+01 1.329796382351471529e+01
7.110068585668089725e+01 1.327808112275794983e+01
7.115074285288213218e+01 1.322355338142111414e+01
7.120076272882748469e+01 1.317682747664296095e+01
7.125077295257317189e+01 1.318800175320953372e+01
7.130061307931975989e+01 1.315616527128087476e+01
7.135057697783859965e+01 1.312619051180788254e+01
7.140051818309896703e+01 1.309558355920796835e+01
7.145058945612221635e+01 1.306998487335457426e+01
7.150064250041292269e+01 1.305207851724176038e+01
7.155074281030603345e+01 1.299093271267425287e+01
7.160077175329789156e+01 1.300865316069767808e+01
7.165072107790369671e+01 1.296500214820258989e+01
7.170061197859612889e+01 1.293466052031846658e+01
7.175068484188005868e+01 1.291152316846565640e+01
7.180069797357522532e+01 1.289048922600908575e+01
7.185052908346605705e+01 1.287177010354325191e+01
7.190049244058428712e+01 1.283483274395196894e+01
7.195053709001591358e+01 1.280155822355216522e+01
7.200073012147062457e+01 1.283264294952365248e+01
7.205075630080007443e+01 1.275636362749925645e+01
7.210071330313708415e+01 1.275476294569124569e+01
7.215064984114650315e+01 1.272757754993300061e+01
7.220059128500021473e+01 1.269683587948228265e+01
7.225074277424388924e+01 1.269342190596834996e+01
7.230070284600866160e+01 1.263072618427902150e+01
7.235076160584758043e+01 1.260481553191540982e+01
7.240070180179232295e+01 1.256083452559899882e+01
7.245056331583070630e+01 1.256460380539499155e+01
7.250071177019162860e+01 1.255399477324987068e+01
7.255074361448450304e+01 1.248660707865330011e+01
7.260075840165679040e+01 1.249930247411590756e+01
7.265067087776864696e+01 1.245777240678998332e+01
7.270069141245362232e+01 1.242708807430830475e+01
7.275062612949844265e+01 1.241644534933304556e+01
7.280060566645578035e+01 1.235707675996005150e+01
7.285083494007679406e+01 1.237444848000494879e+01
7.290074926781362308e+01 1.232744737316494010e+01
7.295071018587948686e+01 1.230028474666061200e+01
7.300075757484900407e+01 1.227331190857501575e+01
7.305066473261940985e+01 1.226835691014784757e+01
7.310065101246341612e+01 1.220340547602817516e+01
7.315065952968613772e+01 1.220727256421844586e+01
7.320053081975895282e+01 1.215586512937454700e+01
7.325048511196247603e+01 1.215448079825689653e+01
7.330055218649900439e+01 1.214888937476783681e+01
7.335057734944857089e+01 1.210664064513408356e+01
7.340073750616149084e+01 1.210571022245111727e+01
7.345066119334092036e+01 1.206213002486045305e+01
7.350069271235936696e+01 1.204055001070492104e+01
7.355065125487764988e+01 1.203894456247711453e+01
7.360067355715841586e+01 1.200751088974079117e+01
7.365065198231539512e+01 1.195978516257099145e+01
7.370058815992244661e+01 1.195428503886640748e+01
7.375074490261759763e+01 1.192075439714755625e+01
7.380071985283433378e+01 1.190380113570518006e+01
7.385058263397081646e+01 1.187729569696800169e+01
7.390056078789331195e+01 1.184503245763832524e+01
7.395068617524700016e+01 1.181530480075914546e+01
7.400068845601435896e+01 1.178140295335475507e+01
7.405069234902053665e+01 1.178213640283281904e+01
7.410075148925902511e+01 1.175616606799689023e+01
7.415065451124954166e+01 1.172517242926001302e+01
7.420056880557223167e+01 1.172197579717480309e+01
7.425046977775809864e+01 1.166043062634577865e+01
7.430067703812518687e+01 1.163411039383612078e+01
7.435078812041055585e+01 1.159289604323808476e+01
7.440072909355558295e+01 1.161969623873896929e+01
7.445069986529563266e+01 1.160649459107327353e+01
7.450061340117312625e+01 1.156560859785053808e+01
7.455057097008574374e+01 1.153819539009023742e+01
7.460055163076238216e+01 1.151403337741843025e+01
7.465072268894796537e+01 1.148822570547060629e+01
7.470068041522551994e+01 1.147340333710381444e+01
7.475074307693199671e+01 1.146044431228239624e+01
7.480074283832119875e+01 1.143006646963572059e+01
7.485075224222836709e+01 1.140306612668594255e+01
7.490079641521823817e+01 1.138302911843851106e+01
7.495062089049905296e+01 1.136469170118695793e+01
7.500065700575025573e+01 1.135423390609806127e+01
7.505060954964648090e+01 1.132346301148961842e+01
7.510068713387616413e+01 1.130694822217848028e+01
7.515072625551053420e+01 1.126489103193924102e+01
7.520069140860303492e+01 1.124116391697000239e+01
7.525086333528427929e+01 1.121292188061918260e+01
7.530082937888276717e+01 1.118692436817221925e+01
7.535074694540101348e+01 1.115797143105418954e+01
7.540074504067418104e+01 1.112930796158931912e+01
7.545074662538237931e+01 1.111979832693947223e+01
7.550056337259302097e+01 1.109093220197244634e+01
7.555052049369368206e+01 1.106551061217020937e+01
7.560065310698057317e+01 1.102837370165843467e+01
7.565075416816121390e+01 1.103554687456967009e+01
7.570071701664222985e+01 1.100550795323264985e+01
7.575061222851250875e+01 1.094923834882994029e+01
7.580065553187749572e+01 1.096156085177160655e+01
7.585058469350046551e+01 1.093771768351630946e+01
7.590066946690396321e+01 1.090158290036000288e+01
7.595068836056216810e+01 1.086162307692307749e+01
7.600060267883431209e+01 1.087689801687320568e+01
7.605067801604742783e+01 1.081477497506988605e+01
7.610063384076626392e+01 1.082196959766498878e+01
7.615078978067847970e+01 1.078025388298316223e+01
7.620064171822374988e+01 1.077873849298066311e+01
7.625054711672333951e+01 1.073647650591825631e+01
7.630061089920927486e+01 1.070666519362389124e+01
7.635063093560049197e+01 1.070553171662007230e+01
7.640070055742589261e+01 1.066414151519903974e+01
7.645076656619778532e+01 1.063499685883699541e+01
7.650077950005926652e+01 1.064387112876272390e+01
7.655064655604263635e+01 1.059404403416901452e+01
7.660067666767272954e+01 1.056832174669861502e+01
7.665071231411040742e+01 1.056187507193900110e+01
7.670071940767236640e+01 1.051835360229929428e+01
7.675062818207145199e+01 1.050903689138697850e+01
7.680054458200679335e+01 1.047904840965350992e+01
7.685066700412623675e+01 1.045304039494625847e+01
7.690075471397413764e+01 1.043462187781305239e+01
7.695071244317165338e+01 1.042306147776474745e+01
7.700064457769639148e+01 1.038842308726206731e+01
7.705070218816516103e+01 1.036622425755665766e+01
7.710061276796189134e+01 1.034714282060136270e+01
7.715066621205893682e+01 1.032829105331272146e+01
7.720073160652232502e+01 1.029741399386048428e+01
7.725066506753948659e+01 1.028543523703508633e+01
7.730053675289693160e+01 1.025032106448120039e+01
7.735056956870909062e+01 1.025477766452321937e+01
7.740076694830369775e+01 1.021376647386630765e+01
7.745065508889175021e+01 1.019944056620843043e+01
7.750075270658241777e+01 1.016861583482770826e+01
7.755075245463144995e+01 1.016024418161007326e+01
7.760063065984935804e+01 1.012161460632122179e+01
7.765070321575937839e+01 1.010639836855347085e+01
7.770058184131811174e+01 1.010177594191803330e+01
7.775045631228616116e+01 1.006653347217343430e+01
7.780052299955025319e+01 1.003577304300319994e+01
7.785061811322584902e+01 1.001124729692322646e+01
7.790069755814592156e+01 9.995501711034327386e+00
7.795066993509645670e+01 9.965067061415014749e+00
7.800070320426156911e+01 9.932225654796313918e+00
7.805076988395472881e+01 9.935315958933990999e+00
7.810068407994884865e+01 9.894902234636871796e+00
7.815063458329811397e+01 9.889569221201435667e+00
7.820071803115827436e+01 9.888446375246530806e+00
7.825068518292077613e+01 9.855002544087168914e+00
7.830071889907812022e+01 9.822330621632886505e+00
7.835056505199914056e+01 9.810031457532330634e+00
7.840063876811422006e+01 9.764348750371411256e+00
7.845076724820752645e+01 9.757008539635988242e+00
7.850062601688682662e+01 9.732573202024820347e+00
7.855066047661884454e+01 9.722186819741329700e+00
7.860066278381508198e+01 9.690176977380309253e+00
7.865070105683354029e+01 9.679676006889041062e+00
7.870060604587553144e+01 9.667875640255244818e+00
7.875065355180748838e+01 9.639259719203835175e+00
7.880076615489335268e+01 9.610790565743611680e+00
7.885061970150083255e+01 9.584564404344765975e+00
7.890069512598000756e+01 9.573829354287514803e+00
7.895064125650461051e+01 9.542356500375626993e+00
7.900061784463736103e+01 9.518721424236293416e+00
7.905068260470351049e+01 9.512542957927724530e+00
7.910073358004940758e+01 9.465288659523535486e+00
7.915067984073604634e+01 9.452850847206986984e+00
7.920060072632530535e+01 9.440692928505718839e+00
7.925070991771819706e+01 9.411047701693171064e+00
7.930076053603696096e+01 9.397392880635912604e+00
7.935075064956362212e+01 9.380032624528990226e+00
7.940072547750777687e+01 9.343908816546859342e+00
7.945072593113725645e+01 9.325712222646711069e+00
7.950062416114546693e+01 9.318218465956951135e+00
7.955061268565088994e+01 9.306235382163922765e+00
7.960060482791865866e+01 9.278266515856060437e+00
7.965063779017333445e+01 9.274711299735804104e+00
7.970067764707702906e+01 9.243413342549885670e+00
7.975065797923312516e+01 9.212672048203305764e+00
7.980064729418937475e+01 9.196646685623296236e+00
7.985057682223765596e+01 9.168402592526724959e+00
7.990072276115488137e+01 9.152280892490919584e+00
7.995070094938157013e+01 9.135882635882635938e+00
8.000052005949608258e+01 9.106534366691628080e+00
8.005064756019791616e+01 9.104497389500961546e+00
8.010064291399586978e+01 9.074637386417935048e+00
8.015065323523694474e+01 9.049609664166668566e+00
8.020069045907618488e+01 9.032234735498823497e+00
8.025074546367891060e+01 9.010741238885152882e+00
8.030068054365692376e+01 8.986294347079828881e+00
8.035062933392651985e+01 8.973013233697512803e+00
8.040062023743929842e+01 8.950723326863084139e+00
8.045058262634873358e+01 8.947314670308232465e+00
8.050060482323091549e+01 8.916739229104452491e+00
8.055065814041469707e+01 8.888405635008242101e+00
8.060061381781277134e+01 8.868696266129912686e+00
8.065049163168612267e+01 8.861376615394190637e+00
8.070067864682820868e+01 8.833555087994751531e+00
8.075072719419868861e+01 8.816425920372626734e+00
8.080069560119804351e+01 8.786160426961240333e+00
8.085072720008511737e+01 8.784780838897686905e+00
8.090059918459566290e+01 8.759324655388956771e+00
8.095069797226732078e+01 8.752802574067173325e+00
8.100072628747037129e+01 8.721159114939069923e+00
8.105066596491020903e+01 8.700576575637049004e+00
8.110053491390247871e+01 8.694687856973096984e+00
8.115064581461599857e+01 8.659818441053708682e+00
8.120071780755598922e+01 8.636435938835415271e+00
8.125056913049471063e+01 8.627694100184958970e+00
8.130062388841243148e+01 8.619736239939639333e+00
8.135060192578023930e+01 8.583790651573252717e+00
8.140059573350035294e+01 8.576692681754272130e+00
8.145064012854679447e+01 8.556257855818167002e+00
8.150073120039212426e+01 8.555166782633161660e+00
8.155075503725153396e+01 8.539336697484113614e+00
8.160059776271727117e+01 8.501141352564664189e+00
8.165051497760852328e+01 8.482299987104505945e+00
8.170062372795770500e+01 8.474628726271951962e+00
8.175068324348895032e+01 8.452685538272685761e+00
8.180065868057219802e+01 8.436212490206228765e+00
8.185060801216476989e+01 8.423579451945958141e+00
8.190060720797325189e+01 8.390270027712482204e+00
8.195073278306765019e+01 8.361048881224045104e+00
8.200068153483279332e+01 8.352687169050446059e+00
8.205065042937812336e+01 8.346820283838805921e+00
8.210065865687079167e+01 8.325929654270026958e+00
8.215069729564295642e+01 8.303262400221129269e+00
8.220080441105518787e+01 8.298832422141996901e+00
8.225072343998640179e+01 8.283595608861464399e+00
8.230069607718056091e+01 8.256365784591896073e+00
8.235055660277505751e+01 8.229043776093842411e+00
8.240063280819842362e+01 8.223051225356755367e+00
8.245071308585386305e+01 8.202106612915700978e+00
8.250065070222582619e+01 8.169900117030101327e+00
8.255080999539379150e+01 8.158344277148296797e+00
8.260060794064355605e+01 8.146893856331997696e+00
8.265058351342750598e+01 8.138784148103164640e+00
8.270070238389254769e+01 8.111471236166744703e+00
8.275059535776185271e+01 8.080921657794508661e+00
8.280068193384541075e+01 8.058074158553802491e+00
8.285065930747785501e+01 8.042741240824859972e+00
8.290056246277856644e+01 8.021758084239381859e+00
8.295061443318822114e+01 8.019062512823085243e+00
8.300069792099935739e+01 7.990242614578216163e+00
8.305058996061495691e+01 7.986683715324084609e+00
8.310064085671682221e+01 7.955110129426699928e+00
8.315062839157525332e+01 7.935741646359017132e+00
8.320060878384710179e+01 7.936780620792009522e+00
8.325063442827286053e+01 7.917232405521611227e+00
8.330056709054171904e+01 7.887061820723460848e+00
8.335053931775884450e+01 7.896165130114900954e+00
8.340053635319384284e+01 7.865352151025594374e+00
8.345063121432903586e+01 7.857190757594842978e+00
8.350055041619420138e+01 7.814000820651364698e+00
8.355057364268577658e+01 7.811601822167902220e+00
8.360054898998552630e+01 7.784843944209104194e+00
8.365051669125759304e+01 7.760680435322980131e+00
8.370058038604668127e+01 7.738981770812160654e+00
8.375051134911305439e+01 7.733679938722229252e+00
8.380059453927552227e+01 7.719227648170847722e+00
8.385050780487192412e+01 7.700546657181454258e+00
8.390061381005928354e+01 7.684972793385296264e+00
8.395070682904152193e+01 7.669155374558617844e+00
8.400061587044575617e+01 7.628275398199693136e+00
8.405066926691544893e+01 7.630061813770908863e+00
8.410062548643203684e+01 7.609770539284402169e+00
8.415073495725221164e+01 7.583428595848334730e+00
8.420083725162690769e+01 7.589109478540286169e+00
8.425076531496900145e+01 7.573734219685243296e+00
8.430060680776267645e+01 7.547384316667245407e+00
8.435055764847578530e+01 7.535625715036915473e+00
8.440061002678389457e+01 7.527433747230811711e+00
8.445077491139556969e+01 7.499317639181732886e+00
8.450078817497008288e+01 7.470066454013822188e+00
8.455074589247141148e+01 7.465887177203996750e+00
8.460073437873982982e+01 7.451955798096793870e+00
8.465066113206482612e+01 7.432090420375429218e+00
8.470071557061724832e+01 7.418052411305739113e+00
8.475065115121917358e+01 7.393054990426567663e+00
8.480063418980859069e+01 7.388994690598047477e+00
8.485066460852381454e+01 7.360638532920901866e+00
8.490062758450689273e+01 7.347459321082901340e+00
8.495075405742173302e+01 7.323376844420586451e+00
8.500058128620887032e+01 7.317368370112272480e+00
8.505052608964408023e+01 7.292276313230801499e+00
8.510053595481066679e+01 7.288109897050023989e+00
8.515058491547064534e+01 7.264079839757621393e+00
8.520072267622893492e+01 7.253171689976598557e+00
8.525065297660262331e+01 7.229582115264147291e+00
8.530061146004418049e+01 7.226297866710075013e+00
8.535060342914304954e+01 7.202964365071411024e+00
8.540066745759193623e+01 7.191914411134457730e+00
8.545060895460365202e+01 7.177777691060971854e+00
8.550057032255175216e+01 7.177221023696323421e+00
8.555068495657442895e+01 7.146338173129305638e+00
8.560067515382100112e+01 7.130954076414153242e+00
8.565063647086222431e+01 7.126443801702691871e+00
8.570064579552558826e+01 7.096482488585122539e+00
8.575057251211694620e+01 7.096453099490938499e+00
8.580052390842315901e+01 7.068179207302854650e+00
8.585064788181922779e+01 7.053185873139128148e+00
8.590060852984082373e+01 7.039892346142474722e+00
8.595061963450514497e+01 7.024969952921274796e+00
8.600070284410818999e+01 7.009921946387245306e+00
8.605072317602213161e+01 6.992721627941858031e+00
8.610074865953444601e+01 6.987990525574547362e+00
8.615063984349956172e+01 6.967825388396443387e+00
8.620071096469301608e+01 6.950793441619445900e+00
8.625059084022993261e+01 6.941373974855229001e+00
8.630065609635799717e+01 6.917126509585338923e+00
8.635072959374187462e+01 6.920216977841373129e+00
8.640061506888987708e+01 6.894751265612610425e+00
8.645069549907235285e+01 6.879957096352684154e+00
8.650064856629455790e+01 6.871143775271478127e+00
8.655065267582149602e+01 6.845182304187268585e+00
8.660062065985762558e+01 6.834913895204111967e+00
8.665063139598194653e+01 6.819536557273004895e+00
8.670069926104542901e+01 6.799307677620517687e+00
8.675061813732774851e+01 6.792856351253324654e+00
8.680063599026416910e+01 6.774983069144941084e+00
8.685062341554782961e+01 6.770886437761260979e+00
8.690066534610711813e+01 6.748217792214508570e+00
8.695065890316050172e+01 6.735070267173558278e+00
8.700068258669440979e+01 6.703410782247350319e+00
8.705068789434881182e+01 6.689938279230969620e+00
8.710073430022170271e+01 6.690883478396653317e+00
8.715073625712081196e+01 6.667096956876592095e+00
8.720071944953542697e+01 6.648112990425991242e+00
8.725065874059880855e+01 6.645134148712860345e+00
8.730065385491546692e+01 6.625078151877629828e+00
8.735071773693692876e+01 6.608617144544446376e+00
8.740067291151538598e+01 6.608230570785745606e+00
8.745069089587315148e+01 6.598980887599044109e+00
8.750059524727170412e+01 6.567781432086403193e+00
8.755063393985311393e+01 6.555686066984510063e+00
8.760072521610700846e+01 6.547777736712208529e+00
8.765070461050113693e+01 6.526884029354658168e+00
8.770071890489063549e+01 6.507905882585104607e+00
8.775064728536050040e+01 6.495460943055542558e+00
8.780066340967854899e+01 6.486212771690465395e+00
8.785061758882334004e+01 6.459799366999036785e+00
8.790069966232417187e+01 6.453885344718100825e+00
8.795081255270730480e+01 6.460426432326278778e+00
8.800065892052096217e+01 6.435190957224010688e+00
8.805068046215481559e+01 6.424551776656340252e+00
8.810074622042790793e+01 6.404157695757259461e+00
8.815068777402876776e+01 6.389539617123754844e+00
8.820056999239014317e+01 6.378715263613439213e+00
8.825063293195866265e+01 6.359824420383892729e+00
8.830068724278304160e+01 6.349812134762862215e+00
8.835073110258727525e+01 6.346433277308483056e+00
8.840079703231447183e+01 6.340288484225564680e+00
8.845083020292958054e+01 6.311944087385448654e+00
8.850076563709151856e+01 6.297948158033078059e+00
8.855063553538322196e+01 6.290840673700513364e+00
8.860062705552091700e+01 6.261687888572709859e+00
8.865051892067423012e+01 6.253852122289187854e+00
8.870061903020686600e+01 6.250226462854095999e+00
8.875074341963603786e+01 6.238460385692945920e+00
8.880069649634492635e+01 6.210374029640084892e+00
8.885071344892412526e+01 6.212391466326049994e+00
8.890062388383235259e+01 6.195602440671025057e+00
8.895060466980305591e+01 6.176879382209958358e+00
8.900051192815253387e+01 6.173490198077854707e+00
8.905066102494254210e+01 6.160343983147964053e+00
8.910075018557721194e+01 6.146360295437950150e+00
8.915065987269676384e+01 6.135526390978876421e+00
8.920074459493167751e+01 6.117439685337578759e+00
8.925074341970011460e+01 6.109453367235006205e+00
8.930067606158073090e+01 6.095981901674770498e+00
8.935064465320694183e+01 6.082032525144742685e+00
8.940064087878988630e+01 6.069053131112829291e+00
8.945064319424200505e+01 6.057094064724208415e+00
8.950064421180226759e+01 6.050826150557703009e+00
8.955057753817223443e+01 6.031367223993562732e+00
8.960058054534367500e+01 6.020209216340517422e+00
8.965061121043279968e+01 6.011402213208711487e+00
8.970060486906020003e+01 6.000283736639100418e+00
8.975065684933389321e+01 5.988171293789752880e+00
8.980064097263824863e+01 5.976207509640373949e+00
8.985074011343861855e+01 5.959840813532805370e+00
8.990072914643546653e+01 5.946834298316446166e+00
8.995069471840930930e+01 5.919621575459077967e+00
9.000061567245546712e+01 5.916830005181056507e+00
9.005060451355357998e+01 5.897778721656413481e+00
9.010066164734236338e+01 5.893239209220308084e+00
9.015058063102021890e+01 5.878071523960371358e+00
9.020066981206871048e+01 5.863348503380665377e+00
9.025061891167177919e+01 5.858602672118299104e+00
9.030058063625472187e+01 5.836537613034169070e+00
9.035069862056877810e+01 5.841940220953781626e+00
9.040063721053816437e+01 5.822933130651988698e+00
9.045068187473133037e+01 5.808510712025097611e+00
9.050070412097294081e+01 5.797741449076636577e+00
9.055071582655412499e+01 5.789049208571120708e+00
9.060074590370700776e+01 5.769191516565957301e+00
9.065071954180082514e+01 5.761783686608329624e+00
9.070070414937342207e+01 5.758204312456155272e+00
9.075071652356483298e+01 5.730128496941550686e+00
9.080073853391084526e+01 5.722653535516234236e+00
9.085071662263727887e+01 5.708276220979845661e+00
9.090070285251101723e+01 5.697884100044663391e+00
9.095065177011029789e+01 5.686234219284332703e+00
9.100073488155234713e+01 5.679176227164277613e+00
9.105069866664597100e+01 5.662494966964988663e+00
9.110067736133585470e+01 5.649558118799571815e+00
9.115066164323077658e+01 5.644001067056303889e+00
9.120067497178406768e+01 5.623391327794382555e+00
9.125068141284850753e+01 5.618848435440884082e+00
9.130062622558105545e+01 5.601434563197646987e+00
9.135066117588171153e+01 5.591869531013249350e+00
9.140065141538008220e+01 5.582934331870411881e+00
9.145068138473658337e+01 5.579402380391517369e+00
9.150069039643479130e+01 5.563171857265516884e+00
9.155071593148433351e+01 5.553147714302877347e+00
9.160080367935793788e+01 5.542899081350872059e+00
9.165061737073069992e+01 5.535047356399525498e+00
9.170060817655109986e+01 5.513435993737399343e+00
9.175058865088804794e+01 5.501758438212417168e+00
9.180049265407282633e+01 5.493659248844062759e+00
9.185058971654700599e+01 5.484599933666986615e+00
9.190068301485227664e+01 5.466694332907123588e+00
9.195060490867638237e+01 5.459114002422585266e+00
9.200056221650915234e+01 5.449467143035050753e+00
9.205061548325311094e+01 5.442167052294048624e+00
9.210076346697475458e+01 5.422939706265287541e+00
9.215078845474795344e+01 5.420602831801380361e+00
9.220060419601414026e+01 5.399315847444726479e+00
9.225059746084708934e+01 5.389424439299806302e+00
9.230067734231083421e+01 5.387587146340668376e+00
9.235073177795210597e+01 5.368896617945477345e+00
9.240064045690999706e+01 5.359837803644851739e+00
9.245063157109922258e+01 5.349185535091440791e+00
9.250078057204220272e+01 5.335111927114414065e+00
9.255072433387988440e+01 5.326498358690967549e+00
9.260073057984830314e+01 5.308891486885237931e+00
9.265065869044863689e+01 5.303384261456248083e+00
9.270063560508695844e+01 5.290743949718045513e+00
9.275067620960689396e+01 5.285399769697851191e+00
9.280063727441186927e+01 5.275460113258648498e+00
9.285065446184212590e+01 5.265330380132747123e+00
9.290065078317546465e+01 5.256411302068162428e+00
9.295073425389733757e+01 5.247123604700788313e+00
9.300067900763730222e+01 5.222923934092612797e+00
9.305066207492778574e+01 5.228804260596775499e+00
9.310064897906700310e+01 5.209639753874276025e+00
9.315062622189709884e+01 5.198963686517533489e+00
9.320059985716629569e+01 5.183934288563480486e+00
9.325071190903473450e+01 5.179723635460016240e+00
9.330073508132683457e+01 5.177349060521502899e+00
9.335066973357385223e+01 5.156732652988853083e+00
9.340068252241590585e+01 5.157795681771379037e+00
9.345057102658101655e+01 5.138977814121132859e+00
9.350065641105707925e+01 5.126988065315339682e+00
9.355067747282180335e+01 5.124659131371203102e+00
9.360058086835567792e+01 5.107815656447106001e+00
9.365060040510233819e+01 5.102164600179694531e+00
9.370058214130268937e+01 5.088373176054634683e+00
9.375071349954021116e+01 5.087925969300323814e+00
9.380064575722563802e+01 5.074431037512205478e+00
9.385065603128978751e+01 5.065189824928452822e+00
9.390066055478293094e+01 5.054027090948183698e+00
9.395067012729866462e+01 5.037037751816970221e+00
9.400073547639510707e+01 5.027230151634373811e+00
9.405064106370717525e+01 5.016961945261615874e+00
9.410066747113194197e+01 5.009652963914493107e+00
9.415062831545455424e+01 5.007453979684635570e+00
9.420064524406151918e+01 4.995095067962601831e+00
9.425063592468441698e+01 4.982994561651126197e+00
9.430071603443974482e+01 4.976033748366353926e+00
9.435084978846010983e+01 4.957909430714461330e+00
9.440072589518690904e+01 4.949746577230021316e+00
9.445063572665263507e+01 4.949826262379957598e+00
9.450060037327034479e+01 4.929615162804849682e+00
9.455061099756481724e+01 4.926971730445797171e+00
9.460066160523612666e+01 4.915965498064077011e+00
9.465070343930108265e+01 4.907021345918407995e+00
9.470070340329958469e+01 4.885431160006471707e+00
9.475076856330568376e+01 4.891391451605981544e+00
9.480071786998738048e+01 4.876698332277812575e+00
9.485059575869554749e+01 4.860165891800507509e+00
9.490062200472793563e+01 4.865178011360894672e+00
9.495059153222072723e+01 4.846035570524470870e+00
9.500060916233462649e+01 4.835886947106327938e+00
9.505058405688886580e+01 4.842028915548018730e+00
9.510062103402634648e+01 4.821803756978231270e+00
9.515070626581375279e+01 4.816456934392959965e+00
9.520074820467674215e+01 4.810486376390014307e+00
9.525077257252138452e+01 4.795821823902395309e+00
9.530060977714117598e+01 4.797659817351598299e+00
9.535056604075973041e+01 4.774605793097314255e+00
9.540054222256354421e+01 4.775508574768804415e+00
9.545053721567489902e+01 4.762486272163617862e+00
9.550066559135430566e+01 4.755245231372196457e+00
9.555070107743208041e+01 4.747103066569008156e+00
9.560068189569460628e+01 4.733651586063443162e+00
9.565062150426840049e+01 4.731470235890729903e+00
9.570068484578779078e+01 4.721132213676555445e+00
9.575065983295563399e+01 4.709088313396029513e+00
9.580068015784988233e+01 4.700401594874049849e+00
9.585070548727827600e+01 4.690221546853046597e+00
9.590067278065059497e+01 4.687014807939914540e+00
9.595068562266027357e+01 4.673327869864282391e+00
9.600067075531137561e+01 4.662740877303204634e+00
9.605064480354532463e+01 4.650887505163890268e+00
9.610060831827868810e+01 4.644805518776505160e+00
9.615071146236661548e+01 4.641348170965976294e+00
9.620073364420061068e+01 4.630696199068031760e+00
9.625071630024669389e+01 4.609550310951929575e+00
9.630073274647288883e+01 4.614809977620417669e+00
9.635076816718918735e+01 4.601470448207848563e+00
9.640074103949068274e+01 4.599674275317117811e+00
9.645064409383613224e+01 4.592034312395546714e+00
9.650066663688329527e+01 4.578774178341960877e+00
