1.256637126207351685e-01 5.329121093750000000e+03
1.936915606260299627e-01 2.235406054687500273e+03
2.513274252414703369e-01 3.446124348958333030e+03
2.944022864103317261e-01 1.425221516927083258e+03
3.554306328296661377e-01 1.893972656250000000e+03
3.955082564781873811e-01 9.497261618589743648e+02
4.615716010332107655e-01 1.001314550781250091e+03
5.164058804512023926e-01 9.468817997685184764e+02
5.455598746027264800e-01 6.324452194940475920e+02
5.891914814710617065e-01 8.646319986979166288e+02
6.408908295987257864e-01 7.012517490671641553e+02
6.941244165102641306e-01 7.090743055555556111e+02
7.549341718355814246e-01 5.290501829954954474e+02
8.082685545086860657e-01 6.402068277994791288e+02
8.458872155139320892e-01 4.703487870065789025e+02
9.033976386463831165e-01 5.195030175264549825e+02
9.538741086920102807e-01 5.908838297526041288e+02
1.002606617948396561e+00 5.244688353825137028e+02
1.050080132484435991e+00 4.802989062500000159e+02
1.095276718554289541e+00 4.422689792798913118e+02
1.148735394760898254e+00 4.720055293949771453e+02
1.197364068031311124e+00 4.501275065104166515e+02
1.253252735099639192e+00 4.368498995983935060e+02
1.301195175307137575e+00 4.253047991071428555e+02
1.350340962409973145e+00 3.996431361607142776e+02
1.397053004916669616e+00 4.042799610690235568e+02
1.446786667240990587e+00 3.879456163194444684e+02
1.501695110947299794e+00 4.066210831062670081e+02
1.550154135684774337e+00 3.780410353535353920e+02
1.601738236568592155e+00 3.830541087962962479e+02
1.647772800055960385e+00 3.749242637844611181e+02
1.697513295382988119e+00 3.472333269817073642e+02
1.749398548968667422e+00 3.856149770518358650e+02
1.801815896144401075e+00 3.173158003300330279e+02
1.854311002948419773e+00 3.288006224593496540e+02
1.903488172029776715e+00 3.183151171227197551e+02
1.952342433013101397e+00 2.922036532473309194e+02
1.999453311039106396e+00 3.055428563874788210e+02
2.048669610900440308e+00 3.157981995330459881e+02
2.101181018737054540e+00 2.966052797379032313e+02
2.154098840860219966e+00 2.677812921727395405e+02
2.199303392983653183e+00 2.783584643404907979e+02
2.248528172677023207e+00 2.625852704678362670e+02
2.303006410598754883e+00 2.698576225104822015e+02
2.353418758259483656e+00 2.695663285136815830e+02
2.402637737900463311e+00 2.586764136050516640e+02
2.448554739992842677e+00 2.622907318376068702e+02
2.499090067645225233e+00 2.585967215256008558e+02
2.549658622302062305e+00 2.573743628102836851e+02
2.600952340680148911e+00 2.550923449851778457e+02
2.651313533667959632e+00 2.288397663652024221e+02
2.702490112360786068e+00 2.265131995506536100e+02
2.752956631759745587e+00 2.236210452483285565e+02
2.797749358087681770e+00 2.317704540857605195e+02
2.849414770365116478e+00 2.200453614008941940e+02
2.901561026847945257e+00 2.151398386214441985e+02
2.949750350581274994e+00 2.026187548225308603e+02
2.998665080524131721e+00 2.160903458605664582e+02
3.049010105637519175e+00 2.086193324937027569e+02
3.100398808880581836e+00 2.166011996243169335e+02
3.150818746732328979e+00 2.076390709764918654e+02
3.200939400679145841e+00 1.991016135620915009e+02
3.249633022646403635e+00 1.981903526970954204e+02
3.300127326483013768e+00 1.923237607758620697e+02
3.348483428887441438e+00 1.922133569739952748e+02
3.399607315620657211e+00 1.972925143453312273e+02
3.448719927469889424e+00 1.867162847222222126e+02
3.499342967069685173e+00 1.854286177706376577e+02
3.551474963231986415e+00 1.806894703079179010e+02
3.598900760213533889e+00 1.805751464843750114e+02
3.651035188841221135e+00 1.714653511668868191e+02
3.700662589665808522e+00 1.722171367112810572e+02
3.751511811793449613e+00 1.741924557667103670e+02
3.801618192488687153e+00 1.699677494517544005e+02
3.851254485091384794e+00 1.706316565688775313e+02
3.901226825121409281e+00 1.629447831247302645e+02
3.948670251141286780e+00 1.628806982260726102e+02
4.001451143603901528e+00 1.635802528294998126e+02
4.052280480987929145e+00 1.566226027063862887e+02
4.102052814176515128e+00 1.524602732317532059e+02
4.151093749575814229e+00 1.568230711080764763e+02
4.200442130105537686e+00 1.536449160762483075e+02
4.251136814637041184e+00 1.483459994462901363e+02
4.299210999832778768e+00 1.432107347165300553e+02
4.350458908696328564e+00 1.486076008064516145e+02
4.400665589089600260e+00 1.461420464081906800e+02
4.450478535124709367e+00 1.475872905027933086e+02
4.500022132996065238e+00 1.383755121271714188e+02
4.550446791199227903e+00 1.401040363067520218e+02
4.600092420408226523e+00 1.376058931860036694e+02
4.650210011078793393e+00 1.311182571093521005e+02
4.700629595459484555e+00 1.399678876366120335e+02
4.749898185810824458e+00 1.346688805631244179e+02
4.799578612586753223e+00 1.350660290237466938e+02
4.849740758713929623e+00 1.285016495846730891e+02
4.899993706213586542e+00 1.308330123006217889e+02
4.949341788918080631e+00 1.296949337121212125e+02
4.999815610851473302e+00 1.269627397698209563e+02
5.049952627308602615e+00 1.240245530247367185e+02
5.099298258856230781e+00 1.236739200367646987e+02
5.150254496972274332e+00 1.214286750769959724e+02
5.199142517336761138e+00 1.210017149390243958e+02
5.249453250256330250e+00 1.211280915386405894e+02
5.300164924855151227e+00 1.197385329693855738e+02
5.351194235644229025e+00 1.154778386454183305e+02
5.400960675954554979e+00 1.176715946843853828e+02
5.450257125402332647e+00 1.143198299248747958e+02
5.500682865381752329e+00 1.136539039039039096e+02
5.549218122000597830e+00 1.115823443681032785e+02
5.600000335002996543e+00 1.128660576179427721e+02
5.649736614175454363e+00 1.118123954630984684e+02
5.699883098365530643e+00 1.094636500547645142e+02
5.750283329191223203e+00 1.087869112318840621e+02
5.800844330747943367e+00 1.096863149034201683e+02
5.851527811214188191e+00 1.112278543307086665e+02
5.901139501297178569e+00 1.060271310724106399e+02
5.952051273107690221e+00 1.039989074168363885e+02
6.002043196207571540e+00 1.035188432496361060e+02
6.051370665339476318e+00 1.042896480603826603e+02
6.100040307612490942e+00 1.050821648426812516e+02
6.151338437490640132e+00 1.017467211460855623e+02
6.201845191216835751e+00 9.950512144259077729e+01
6.251546338561632332e+00 9.954099132285527674e+01
6.301411320163105678e+00 9.985216680294357161e+01
6.351121094491746888e+00 9.623457816193852921e+01
6.402993818717075847e+00 9.724193707563556188e+01
6.451004855903611279e+00 9.894863438857852600e+01
6.500587485631307061e+00 9.667833333333332746e+01
6.550027029602877526e+00 9.497781929850525273e+01
6.600096165964067119e+00 9.562155448717948047e+01
6.651203611202781474e+00 9.271117707887604809e+01
6.700403804908146022e+00 9.552223456006768743e+01
6.751129568914272738e+00 9.332890903482314116e+01
6.801152226429867831e+00 9.356350349938246325e+01
6.850567314012454112e+00 9.245846994535519059e+01
6.899983763743045451e+00 8.879730322667745668e+01
6.950432818525864143e+00 9.147254951115567678e+01
7.000477802606276612e+00 8.889969135802469680e+01
7.050299486470248844e+00 8.801414714268005923e+01
7.100577605904697442e+00 8.649757916982083827e+01
7.150282711587289342e+00 8.711595486758670859e+01
7.201425401940038995e+00 8.632778279356942619e+01
7.251291360812208708e+00 8.584268803098450462e+01
7.301384627104277492e+00 8.551497555012224439e+01
7.350121157509939884e+00 8.410089437560738190e+01
7.400243896042705494e+00 8.402064687889431127e+01
7.450219004942361778e+00 8.311512175511141720e+01
7.499767164549090204e+00 8.361204898346737480e+01
7.551036194214812980e+00 8.345978792822185710e+01
7.600875332768869619e+00 8.343899819395797124e+01
7.650993174920037276e+00 8.129635502471170128e+01
7.700625888088293181e+00 8.172880116959063912e+01
7.751154263814290069e+00 8.234274789029535668e+01
7.801801090622451973e+00 8.122622496696148175e+01
7.851364051006665790e+00 8.053982868818106056e+01
7.900769558997057018e+00 7.989794189175204053e+01
7.950365025915012041e+00 7.877587228997289515e+01
8.001249973326832077e+00 7.850786399041342634e+01
8.050346754310522712e+00 7.883308579196454957e+01
8.100376043699483830e+00 7.875185518067846147e+01
8.150963831689653105e+00 7.841153629781821621e+01
8.200066242110258585e+00 7.618743526365348373e+01
8.249809700602813933e+00 7.752816473448017121e+01
8.300552262369116363e+00 7.642062306330235799e+01
8.351090274807287273e+00 7.508475091827364167e+01
8.400210126764326546e+00 7.538504229538180823e+01
8.450394926559216202e+00 7.382396481673582400e+01
8.500459425828198690e+00 7.322368247983163769e+01
8.550917286194149369e+00 7.438170591551738653e+01
8.600510843254964399e+00 7.457817803801765422e+01
8.651023792021119263e+00 7.266554862685813987e+01
8.701256476197366752e+00 7.422214119019837142e+01
8.749915613828461503e+00 7.294043502390709932e+01
8.800112521877306193e+00 7.335875110468386140e+01
8.849632071888843043e+00 7.231741275277234138e+01
8.900357776251059505e+00 7.234994538503549677e+01
8.950608837287235886e+00 7.185789468472749775e+01
9.000569819962127127e+00 7.148293172690763697e+01
9.051041288617525993e+00 7.134264132553606430e+01
9.100140618044129326e+00 7.051482115677322327e+01
9.150794710576331426e+00 7.033341227737780343e+01
9.200358087057745493e+00 7.058526097271649746e+01
9.250378436494685275e+00 6.932936839952401442e+01
9.300396476966747983e+00 6.927540328453864049e+01
9.350845697771076104e+00 6.790728608211060191e+01
9.401427877347279249e+00 6.792906347309725845e+01
9.450856317468241841e+00 6.860923770549887024e+01
9.501285360508264333e+00 6.738368486352356967e+01
9.551415626509362156e+00 6.821159386130315738e+01
9.601472418873740367e+00 6.866945440400486689e+01
9.650873339522149763e+00 6.781556864609748914e+01
9.700105298531504161e+00 6.693640659561633299e+01
9.749807236595939841e+00 6.712727461743179447e+01
9.800617716807657587e+00 6.572934154452120481e+01
9.850939668539123062e+00 6.614743433852140697e+01
9.900672862260712748e+00 6.649848462688508732e+01
9.951023643831279131e+00 6.487420009551098588e+01
1.000061390381357818e+01 6.476159603543602827e+01
1.005121303910567399e+01 6.602016431924882056e+01
1.010050487470579128e+01 6.491125891516516333e+01
1.015040394560108972e+01 6.471416605188737492e+01
1.020064233832726863e+01 6.487182375202739593e+01
1.025078872432590593e+01 6.424784123392090862e+01
1.030144077410513148e+01 6.469696356881777888e+01
1.035026615037620701e+01 6.405562050359712600e+01
1.040053707544599071e+01 6.367021599583622304e+01
1.045062977445541463e+01 6.360772545843697401e+01
1.050056916228905557e+01 6.328617027367456416e+01
1.055045547200590939e+01 6.303114412862474580e+01
1.060065943225193585e+01 6.320601397074874228e+01
1.065092618802826330e+01 6.228861114288983458e+01
1.069994190739775242e+01 6.298524087997772369e+01
1.075051342579590496e+01 6.196002198559017415e+01
1.080116309617008952e+01 6.199233229457109928e+01
1.085092532135009691e+01 6.204518666666666604e+01
1.090057119699959287e+01 6.136466701042119354e+01
1.095056114183856977e+01 6.181215804283257853e+01
1.100044795380789964e+01 6.091493765063397348e+01
1.105059621997271790e+01 6.076026037638566635e+01
1.110083536315899444e+01 6.078394254216622983e+01
1.115081901025334687e+01 6.040420489296636219e+01
1.120129035153903629e+01 6.052347232657150045e+01
1.125116374248475992e+01 6.017969058916568059e+01
1.130128079566052257e+01 5.939992014399432207e+01
1.135044509838974847e+01 6.052181437067368819e+01
1.140071777468021708e+01 6.012253975179368126e+01
1.145113705378753899e+01 5.929955149421979144e+01
1.150054064506493923e+01 5.969231884057970916e+01
1.155054572698180770e+01 5.941158449531242525e+01
1.160060598127213360e+01 5.883367711771177255e+01
1.165085593945590148e+01 5.878828764515515104e+01
1.170069293131600929e+01 5.879494067989961081e+01
1.175142896112726554e+01 5.783360244988864451e+01
1.180137066716670269e+01 5.847699066837193271e+01
1.185030839024950744e+01 5.825996857850946498e+01
1.190112650803973615e+01 5.802462827341322793e+01
1.195087750005856186e+01 5.770950775003350230e+01
1.200028886778134840e+01 5.731947030141844124e+01
1.205087280971257790e+01 5.717240832381677507e+01
1.210120573097985641e+01 5.737273372651813474e+01
1.215069798464289086e+01 5.709654786501377544e+01
1.220084588704311912e+01 5.719071410520995613e+01
1.225095075397515565e+01 5.757462600084281235e+01
1.230055747642593111e+01 5.693315099860068784e+01
1.235044509892075659e+01 5.636352731299212593e+01
1.240025358236334618e+01 5.610717680608364333e+01
1.245059963946805226e+01 5.642058543212881006e+01
1.250021218005843338e+01 5.640989151633349508e+01
1.255088259279081875e+01 5.504798786015528833e+01
1.260128860653785665e+01 5.632252063655845831e+01
1.265098919510728237e+01 5.595394112060778724e+01
1.270151919945489816e+01 5.548514798328842801e+01
1.275059048606717838e+01 5.657769427281368735e+01
1.280015324543435007e+01 5.532325685746614852e+01
1.285005587414941175e+01 5.558317460018105294e+01
1.290055459179237118e+01 5.492202354006337828e+01
1.295101831716038809e+01 5.487264230380598917e+01
1.300061854953515450e+01 5.493239305115437077e+01
1.305073094795649524e+01 5.493293399216856443e+01
1.310051576040570609e+01 5.449825029010734312e+01
1.315089754552600176e+01 5.429277212764389304e+01
1.320081412118408615e+01 5.445034943621888601e+01
1.325056877988023629e+01 5.389814105370695074e+01
1.329997547558646787e+01 5.440111191466280616e+01
1.334989268379465521e+01 5.382967490361023977e+01
1.340063178882596162e+01 5.383736392448670927e+01
1.345111248053373743e+01 5.399088088457616408e+01
1.350104577716931509e+01 5.379450165027848385e+01
1.355110471056903876e+01 5.332285711810968820e+01
1.360103386653534407e+01 5.345336754493464326e+01
1.365064521999293667e+01 5.342772766323023603e+01
1.370108558817629785e+01 5.264463584139456742e+01
1.375063751069574458e+01 5.272082906420764914e+01
1.380020275550391951e+01 5.267761845386534247e+01
1.385010291988493947e+01 5.256152647975078196e+01
1.389993945742187975e+01 5.249778942790877778e+01
1.395077535055353124e+01 5.288488689104541152e+01
1.400033540187661885e+01 5.244432178442029624e+01
1.405076036390690319e+01 5.218777529549704042e+01
1.410091255677794386e+01 5.198939753320683366e+01
1.415099424006951345e+01 5.218733404981665558e+01
1.420090845382453182e+01 5.230016008958708085e+01
1.425058535625662692e+01 5.143221433432318435e+01
1.430068992108075854e+01 5.182439889941532130e+01
1.435081631969962146e+01 5.189568836232754023e+01
1.440116277072030648e+01 5.142444224513594975e+01
1.445095548372230709e+01 5.094111334368435706e+01
1.450106060960858834e+01 5.134087107756068491e+01
1.455087147615679299e+01 5.098756874427131436e+01
1.460089164482430135e+01 5.070618504472686539e+01
1.465096435834932009e+01 5.053715689799832234e+01
1.470042432961008316e+01 5.058337007318578316e+01
1.474998265362896355e+01 5.087651395471300475e+01
1.479989122439800120e+01 5.081574357052242874e+01
1.485068890065675262e+01 5.014429780529295755e+01
1.490091461135759410e+01 5.057811426116838760e+01
1.495142624477786164e+01 5.011593036863663286e+01
1.500125581199326774e+01 5.032471076028724610e+01
1.505058992571524001e+01 5.043712459301672624e+01
1.510096182188420677e+01 4.992053200846595473e+01
1.515041653809440625e+01 4.986868243619748142e+01
1.520050358450064110e+01 4.962980861113386055e+01
1.525026187279651246e+01 4.997853449679730886e+01
1.530061285776438496e+01 4.906129994636631864e+01
1.535093523531647719e+01 4.977598294015727021e+01
1.540080134614941620e+01 4.849384500107043294e+01
1.545125002511655588e+01 4.912518297305068415e+01
1.550055590549435180e+01 4.928841609958954706e+01
1.554990690009351617e+01 4.876470510795155633e+01
1.560029939283501221e+01 4.887341000837839999e+01
1.565051554421477675e+01 4.856869261295845064e+01
1.570055893919154144e+01 4.914881776239908362e+01
1.575055944300927990e+01 4.906006891755184540e+01
1.580089161127091657e+01 4.817656891049992396e+01
1.585074981409009887e+01 4.842063417388031610e+01
1.590132026779191321e+01 4.813328461236120148e+01
1.595119615174483307e+01 4.851766887686405738e+01
1.600061799840658239e+01 4.817008816585509834e+01
1.605077212836705058e+01 4.770827846063799171e+01
1.610103563786684688e+01 4.759606467320821110e+01
1.615061123591991432e+01 4.761599820449362142e+01
1.620065196690424969e+01 4.759966840617525463e+01
1.625089452027982517e+01 4.775144520580201402e+01
1.630118119518434128e+01 4.804467339667458248e+01
1.635146405608891840e+01 4.793259012047622747e+01
1.640076947667969520e+01 4.771197396576319250e+01
1.645087400555846102e+01 4.759368827698384763e+01
1.650098843068070664e+01 4.683320700110253654e+01
1.655106400710294778e+01 4.711085497282482493e+01
1.660084850266487777e+01 4.681403286319738299e+01
1.665053292522144801e+01 4.660839367893881757e+01
1.670094208154347726e+01 4.657333470066771497e+01
1.675068958911364447e+01 4.681287778723023507e+01
1.680052177009391556e+01 4.653269099590723101e+01
1.685039801592866127e+01 4.618165840220385832e+01
1.690071147848142274e+01 4.614741224023548938e+01
1.695034504331302116e+01 4.608917147055499441e+01
1.700024952897776132e+01 4.607907634007960240e+01
1.705080262949346803e+01 4.606006443355840929e+01
1.710038038467472177e+01 4.591243753650464043e+01
1.715073677186147094e+01 4.566463298681541261e+01
1.720103001431176537e+01 4.640455375362474655e+01
1.725093874646400494e+01 4.585296235124719288e+01
1.730026876303448802e+01 4.628088559212230990e+01
1.735069699187642200e+01 4.557171525782857913e+01
1.740111744736490706e+01 4.577839788510762986e+01
1.745083602976958304e+01 4.536798710946492008e+01
1.750079017405409587e+01 4.562999201277955308e+01
1.755058064951854391e+01 4.556593856160411349e+01
1.760098984156358171e+01 4.518316092299672704e+01
1.765084796114107490e+01 4.533733868979122406e+01
1.770084590768282951e+01 4.523558667068152062e+01
1.775113545986024732e+01 4.518240388049041911e+01
1.780111750417361804e+01 4.439799471661863350e+01
1.785112557577493675e+01 4.479297991406015456e+01
1.790043071854657697e+01 4.463813621565824974e+01
1.795093294930180150e+01 4.469575021682567240e+01
1.800117591338927880e+01 4.424422731882361859e+01
1.805102955138067244e+01 4.472187084538985147e+01
1.810081125040843375e+01 4.459808861859253426e+01
1.815070355316448669e+01 4.410649798734905147e+01
1.820082603023814727e+01 4.408940062248190372e+01
1.825104242422729328e+01 4.391254009997015828e+01
1.830110038363673652e+01 4.405230095449841343e+01
1.835056608576439530e+01 4.364616518337962248e+01
1.840052225601024816e+01 4.365844784278959878e+01
1.845054397902244503e+01 4.339255759285378389e+01
1.850066401639472602e+01 4.361276626628442443e+01
1.855077375907742265e+01 4.357376714868372147e+01
1.860040149003351218e+01 4.336093632131883169e+01
1.865036571685475764e+01 4.304749432984123558e+01
1.870055233191315480e+01 4.319834621021585974e+01
1.875038082358441471e+01 4.338989065102469311e+01
1.880030100158329631e+01 4.311934063801255945e+01
1.885065092426605204e+01 4.304202836038172819e+01
1.890032953550104367e+01 4.324970175438595987e+01
1.895058111422453706e+01 4.245806938292954413e+01
1.900068398728053864e+01 4.307002768202234932e+01
1.905038713710101916e+01 4.265570221567801923e+01
1.910077607978132974e+01 4.251763883888003193e+01
1.915069731442681800e+01 4.288920258620689907e+01
1.920059048440732141e+01 4.302739554124692489e+01
1.925035227553674133e+01 4.255079061463912637e+01
1.930047157178797690e+01 4.253769599891862896e+01
1.935052191971805868e+01 4.245902564450705086e+01
1.940062364124835170e+01 4.247066435872073953e+01
1.945076194647657530e+01 4.245328166564354433e+01
1.950064015704267106e+01 4.208416825505432968e+01
1.955103246253348104e+01 4.197254775383189696e+01
1.960103224732800342e+01 4.225407794692483776e+01
1.965096451560197721e+01 4.218906463915509875e+01
1.970039326907732402e+01 4.182732371794872250e+01
1.975045869793262909e+01 4.192859793749309461e+01
1.980112994754063038e+01 4.173336576814205046e+01
1.985113240949997149e+01 4.148669525140113734e+01
1.990129882447748955e+01 4.176696843302682538e+01
1.995102839468674816e+01 4.162289966977467515e+01
2.000083692040861649e+01 4.168310920018202381e+01
2.005054571725930401e+01 4.133103038936372542e+01
2.010084313615223905e+01 4.121916585146193057e+01
2.015039891387192839e+01 4.119120869592634193e+01
2.020032978626047537e+01 4.102411937227443417e+01
2.025088372940374271e+01 4.106508164858205845e+01
2.030029183479597066e+01 4.099797415681121038e+01
2.035052695173413539e+01 4.117817714635713600e+01
2.040075823535785560e+01 4.077763037511436295e+01
2.045089601889413444e+01 4.069657612451548800e+01
2.050073645873280981e+01 4.085892209113409024e+01
2.055053498245830212e+01 4.081328454994348220e+01
2.060058405558038430e+01 4.076431509016133958e+01
2.065032429254589985e+01 4.053743563864021837e+01
2.070047025335771806e+01 4.078519569763967922e+01
2.075044015714700407e+01 4.064099775215720456e+01
2.080056166383511851e+01 4.057282765101459177e+01
2.085052640866095430e+01 4.026293209474613377e+01
2.090093885348607117e+01 4.040390138309424373e+01
2.095072566472917686e+01 4.040254082021517235e+01
2.100045951270690026e+01 4.043795880550209887e+01
2.105041555584098489e+01 4.032717786753752875e+01
2.110036039795015128e+01 4.014408292828092328e+01
2.115060440588723267e+01 4.026434157240608869e+01
2.120099297639964320e+01 3.968805994176605623e+01
2.125110208021147429e+01 3.970573279318057303e+01
2.130047153211643263e+01 3.973002345637394939e+01
2.135095211249340252e+01 3.974342329216650427e+01
2.140153998728464302e+01 3.973837471320878478e+01
2.145140411864241869e+01 3.952972920481660424e+01
2.150109067953851039e+01 3.944988270199407054e+01
2.155071421888607830e+01 3.936195021421985984e+01
2.160095248613489716e+01 3.954590064976464703e+01
2.165078368034290790e+01 3.945462402475114772e+01
2.170103250420297769e+01 3.934953611133327911e+01
2.175113749075196878e+01 3.926524763532150075e+01
2.180066400185297226e+01 3.930588149212430693e+01
2.185095183544095931e+01 3.927178416392879967e+01
2.190070081606517505e+01 3.909592861680165043e+01
2.195052143564337399e+01 3.919898550724637687e+01
2.200016785070007685e+01 3.896743383350679579e+01
2.205017752243192319e+01 3.913216593301928015e+01
2.210016093160606587e+01 3.880618902080639288e+01
2.215052494156026341e+01 3.876981584765350419e+01
2.220099768268121565e+01 3.839095360359198139e+01
2.225093828405544372e+01 3.866848109310454618e+01
2.230088287983462081e+01 3.868119198796409819e+01
2.235050207682091994e+01 3.858777820537489589e+01
2.240027092684176679e+01 3.851845194928605309e+01
2.245050285997742989e+01 3.844088611692062329e+01
2.250092599038523389e+01 3.847355257755048541e+01
2.255080398875536929e+01 3.845971941890309154e+01
2.260054706545379233e+01 3.797731919562154701e+01
2.265063038163662057e+01 3.804209470011224425e+01
2.270025254152363914e+01 3.817503305393404389e+01
2.275050358802700146e+01 3.827293070924798002e+01
2.280034136030533887e+01 3.817762302521832396e+01
2.285072882878251832e+01 3.813089503118180801e+01
2.290066141892027929e+01 3.806084167823989617e+01
2.295053262466946720e+01 3.787950145093002163e+01
2.300116596624015131e+01 3.779874353420214561e+01
2.305075049811972576e+01 3.792439364994922357e+01
2.310085238957240961e+01 3.766626056165200254e+01
2.315075103044907934e+01 3.773520168407996067e+01
2.320056411088655324e+01 3.773688639551192381e+01
2.325069316575375922e+01 3.770565001460707322e+01
2.330102321943878252e+01 3.757172112366244221e+01
2.335094979495398704e+01 3.742415680420798196e+01
2.340077491351943451e+01 3.737423028162636740e+01
2.345090180360846333e+01 3.734672504378283264e+01
2.350069764984864307e+01 3.724917127385425886e+01
2.355079805083223476e+01 3.707903439153439251e+01
2.360089425887846915e+01 3.720319433623522087e+01
2.365111588592037251e+01 3.706507192946853024e+01
2.370079117479742337e+01 3.709624971610265476e+01
2.375070238000955669e+01 3.677306510198378930e+01
2.380072099427258792e+01 3.700809652458141841e+01
2.385044315484774557e+01 3.687896476267821555e+01
2.390062030528307702e+01 3.683043742339938831e+01
2.395079098070538137e+01 3.680781859053862348e+01
2.400087914898061214e+01 3.687344479218140947e+01
2.405047136728556012e+01 3.694034315014462067e+01
2.410094161555001691e+01 3.678308634434871749e+01
2.415096374291990955e+01 3.661886800752169080e+01
2.420035762630187293e+01 3.635289126675313298e+01
2.425062718572708675e+01 3.651816352241547037e+01
2.430056200939818467e+01 3.648421010296010536e+01
2.435074088185508856e+01 3.637848391469174203e+01
2.440058288212754434e+01 3.618667303379226752e+01
2.445050734240095736e+01 3.620798515121052219e+01
2.450068293811746400e+01 3.599878755148935028e+01
2.455072252521220122e+01 3.612156738160178548e+01
2.460081802631937720e+01 3.599041924413185001e+01
2.465048464938207218e+01 3.600308862701201207e+01
2.470070557930939970e+01 3.597489820470109123e+01
2.475098408547652795e+01 3.612442823809963954e+01
2.480073664568702796e+01 3.574982038733860890e+01
2.485031139239437081e+01 3.582113022113022538e+01
2.490072463844199291e+01 3.585394094864443559e+01
2.495100174296157647e+01 3.587719897566702798e+01
2.500090082264989988e+01 3.579160420936706544e+01
2.505070236710282572e+01 3.576252232098072170e+01
2.510076910204727341e+01 3.573976889744823637e+01
2.515074714444360993e+01 3.557946622929770086e+01
2.520042346985152193e+01 3.551876715598520207e+01
2.525087251929459242e+01 3.565650660346743450e+01
2.530067364950122766e+01 3.529637040576593421e+01
2.535041708261922722e+01 3.554166912603785278e+01
2.540064572517422192e+01 3.539909634142769335e+01
2.545058671133012140e+01 3.519030637016896890e+01
2.550091448992870014e+01 3.542214964428181645e+01
2.555093562505498284e+01 3.527175968590408672e+01
2.560076420353996340e+01 3.513903063732720256e+01
2.565050233917104450e+01 3.512066449951048952e+01
2.570088089215357030e+01 3.504777973024316395e+01
2.575089593395361831e+01 3.512317155375800581e+01
2.580055172488612314e+01 3.532037330915136408e+01
2.585065705518562851e+01 3.502318540715373274e+01
2.590040009142965260e+01 3.498122053530095599e+01
2.595045451330076602e+01 3.486502058763251455e+01
2.600041449295903817e+01 3.487774796403520838e+01
2.605043175508030728e+01 3.486756629313214262e+01
2.610049216203561073e+01 3.493024384579656072e+01
2.615052744885751324e+01 3.484355826805797562e+01
2.620081245176917406e+01 3.477653523153714588e+01
2.625064376793082488e+01 3.461434667712506297e+01
2.630053287468589573e+01 3.462044028549340879e+01
2.635101688869864489e+01 3.448614626649791859e+01
2.640098937474011720e+01 3.450448946172458164e+01
2.645040677875825708e+01 3.435326449785284098e+01
2.650060382162935113e+01 3.435992195157040641e+01
2.655045256895379424e+01 3.449403465346534858e+01
2.660025631369433086e+01 3.433512274040004542e+01
2.665085337050840764e+01 3.427230838094736498e+01
2.670089682513944851e+01 3.409126624760281032e+01
2.675085862322766772e+01 3.410173789528992216e+01
2.680077379233840063e+01 3.409878247881061952e+01
2.685114965594502934e+01 3.417422070863794659e+01
2.690100378496506650e+01 3.393792976262613337e+01
2.695034706866618635e+01 3.399105440194936278e+01
2.700052841649375068e+01 3.397016634059239948e+01
2.705072101866625545e+01 3.392055564192924066e+01
2.710069443800647093e+01 3.405338138045050300e+01
2.715078986062405875e+01 3.393606161603212712e+01
2.720089493456375251e+01 3.393155314186486038e+01
2.725057769076351022e+01 3.372164569550741220e+01
2.730033549125748493e+01 3.380417087542087273e+01
2.735052912710215978e+01 3.375029922958917439e+01
2.740061522037846942e+01 3.366258539987730813e+01
2.745070084770054564e+01 3.350999173098125539e+01
2.750096527171193372e+01 3.364944991074023051e+01
2.755103462783471358e+01 3.359895389092368845e+01
2.760049968995508962e+01 3.357505831319640066e+01
2.765053177889601344e+01 3.341453420029428401e+01
2.770036622615669586e+01 3.352959781512882387e+01
2.775054988188822946e+01 3.347184159318694441e+01
2.780062562883384203e+01 3.334520141011734040e+01
2.785044576349854850e+01 3.338574690917351262e+01
2.790070893961808807e+01 3.334339111944356659e+01
2.795038926939105650e+01 3.324598131525026901e+01
2.800057880835900548e+01 3.300010417417922781e+01
2.805066800443194808e+01 3.319591011613398734e+01
2.810107801910153924e+01 3.314943432300472637e+01
2.815115147865971323e+01 3.315758304390417521e+01
2.820044725741460923e+01 3.304027232541810122e+01
2.825040259489045624e+01 3.286351084343085915e+01
2.830043012984087625e+01 3.302437954374529738e+01
2.835059611158580495e+01 3.277215826885576178e+01
2.840043375018342431e+01 3.299838518869040627e+01
2.845045081296103717e+01 3.286966575410266955e+01
2.850041934162237567e+01 3.279622717286021327e+01
2.855035665006607104e+01 3.293940380607991614e+01
2.860065628427968321e+01 3.269670232967440171e+01
2.865062202782436529e+01 3.277762231832443263e+01
2.870086574409789293e+01 3.283256355418031802e+01
2.875095097308470926e+01 3.246617185818394091e+01
2.880071965891575303e+01 3.257130262118877084e+01
2.885023923582780014e+01 3.253828766914077875e+01
2.890050167422365490e+01 3.243008155653912894e+01
2.895070215097079469e+01 3.256385196670229476e+01
2.900065347826904372e+01 3.235869729029146669e+01
2.905081112941260457e+01 3.238891491370913656e+01
2.910056439627211589e+01 3.232859608658948503e+01
2.915042575030595273e+01 3.225298388960540308e+01
2.920043042605855632e+01 3.229818818291003879e+01
2.925076636279083431e+01 3.214984536387581926e+01
2.930084321682425852e+01 3.239951795029825377e+01
2.935070565647483676e+01 3.221153535442554983e+01
2.940088173014940054e+01 3.217137322270550470e+01
2.945065901268334230e+01 3.206504589160839203e+01
2.950069929838434035e+01 3.217385415301262697e+01
2.955051767266316176e+01 3.189619072467549543e+01
2.960069847837196377e+01 3.202581502328638408e+01
2.965080039456267258e+01 3.193168059021373750e+01
2.970062591625485382e+01 3.177873181733830066e+01
2.975060950619111466e+01 3.175273418412807658e+01
2.980050069104065713e+01 3.183384893745343547e+01
2.985055554323798788e+01 3.168492559081319371e+01
2.990066955052829911e+01 3.179451673190168748e+01
2.995082529205978972e+01 3.181558388734606879e+01
3.000070388283209866e+01 3.166118328255472747e+01
3.005093720211255359e+01 3.151170458406429375e+01
3.010063232593409666e+01 3.150583730767046831e+01
3.015060885573432614e+01 3.162478197525290824e+01
3.020077941803320698e+01 3.161763103867264491e+01
3.025042159237726480e+01 3.140018245136942454e+01
3.030049283039372909e+01 3.147562580990188863e+01
3.035065172418487123e+01 3.145408107814368037e+01
3.040092396144631337e+01 3.141370221258731732e+01
3.045061899439206599e+01 3.142760758322218706e+01
3.050062299842226565e+01 3.144945527990860157e+01
3.055062136019501651e+01 3.117018337101230685e+01
3.060036071826926829e+01 3.126652374403365187e+01
3.065068276140530301e+01 3.120048920208530063e+01
3.070067093794826718e+01 3.108782743196914211e+01
3.075070739398880093e+01 3.108764766617053610e+01
3.080069406674522270e+01 3.114023125600503761e+01
3.085055902468600664e+01 3.097772884491634571e+01
3.090042768187009870e+01 3.100071696193163362e+01
3.095057938439754608e+01 3.084231577985006467e+01
3.100056714637308275e+01 3.103412505318017267e+01
3.105027657948960851e+01 3.085171030252884350e+01
3.110045185950545488e+01 3.087948959692105078e+01
3.115079716584278557e+01 3.079154076586674904e+01
3.120089638300272838e+01 3.091357400347519402e+01
3.125061034946996230e+01 3.084383407778909714e+01
3.130074673395984064e+01 3.077062208388234410e+01
3.135087371096646081e+01 3.072435963844500151e+01
3.140070298512654645e+01 3.063920412722186981e+01
3.145048999559004343e+01 3.058536310329273888e+01
3.150054566235555598e+01 3.056458804320522304e+01
3.155095465298380120e+01 3.060073374394119838e+01
3.160059061739232078e+01 3.046189461399903564e+01
3.165063358798569126e+01 3.039541392330607295e+01
3.170080811001844268e+01 3.040728298094103366e+01
3.175077922846383416e+01 3.037856201196633066e+01
3.180073041957039948e+01 3.020671643184888921e+01
3.185061501289119335e+01 3.029287719955073044e+01
3.190059534907069860e+01 3.029039049701318831e+01
3.195055220581018673e+01 3.031994727916236698e+01
3.200080217994445064e+01 3.015288334791124925e+01
3.205069744610977267e+01 3.025885330405493434e+01
3.210050528371473888e+01 3.018939781644489884e+01
3.215073795427445447e+01 3.016695781157101663e+01
3.220057376437510754e+01 3.000802995251430616e+01
3.225057755887306854e+01 3.016453942090292628e+01
3.230065419623123546e+01 2.985183742959085862e+01
3.235074821529837408e+01 3.001254385224656218e+01
3.240068920145048992e+01 2.984911465717474499e+01
3.245066524920769524e+01 2.995760588037795458e+01
3.250067061912027810e+01 2.985163242868581079e+01
3.255045672500492770e+01 2.974435836779409215e+01
3.260061114312246389e+01 2.965672008997610121e+01
3.265063760042713170e+01 2.977786813912312880e+01
3.270057442976514039e+01 2.965001932333204593e+01
3.275070100505863735e+01 2.947700733789599781e+01
3.280094527007205585e+01 2.954055965397233763e+01
3.285066030973816709e+01 2.951198009786393328e+01
3.290059813941013545e+01 2.939504431085951808e+01
3.295073451895240169e+01 2.936883733573940347e+01
3.300095649687233390e+01 2.924228437744894649e+01
3.305110906618631361e+01 2.929553825475238682e+01
3.310064384792069347e+01 2.915924061789673871e+01
3.315037612876064799e+01 2.924958929079372894e+01
3.320039352890535156e+01 2.919135519311360483e+01
3.325075369626339494e+01 2.907070405388492773e+01
3.330079563727023384e+01 2.926420905915350801e+01
3.335041517110537512e+01 2.902971640161081268e+01
3.340042234386024944e+01 2.916543912890282897e+01
3.345068942173323023e+01 2.898748215902211811e+01
3.350090898686119090e+01 2.902951002858828389e+01
3.355076868455447681e+01 2.893639307705668529e+01
3.360083299996632178e+01 2.890945967101658454e+01
3.365062953487561259e+01 2.886683469328118434e+01
3.370054413012797312e+01 2.883742285362567159e+01
3.375043567752315710e+01 2.880271553022275199e+01
3.380061640845230642e+01 2.876762412802626301e+01
3.385089393014911963e+01 2.870101789561623207e+01
3.390082568859970991e+01 2.861045785237273620e+01
3.395079958664522479e+01 2.853488893874803622e+01
3.400065462941210370e+01 2.870474100135911399e+01
3.405091816079112021e+01 2.851310342966620581e+01
3.410090749058920068e+01 2.850439978124145668e+01
3.415074457596266910e+01 2.849253048450325920e+01
3.420065295071830036e+01 2.843982153635340282e+01
3.425051858506616043e+01 2.848364803060417216e+01
3.430084962655262615e+01 2.839143237030936362e+01
3.435071212962177611e+01 2.844817391767967507e+01
3.440066905842098777e+01 2.807990513152221013e+01
3.445042983328236375e+01 2.823866884551305034e+01
3.450043860660466777e+01 2.824168330533810689e+01
3.455076374242391068e+01 2.816017326301452428e+01
3.460068794302640782e+01 2.807172243554580149e+01
3.465065597891599936e+01 2.804592591418639458e+01
3.470061275611706719e+01 2.807020448517757316e+01
3.475062702078484023e+01 2.813543239389364103e+01
3.480052422475197460e+01 2.793639386603786079e+01
3.485065294727289142e+01 2.791384670110426924e+01
3.490062447937064150e+01 2.794630689561188674e+01
3.495074122486598611e+01 2.788220637665192214e+01
3.500077310510111062e+01 2.773078927346819356e+01
3.505065889052637829e+01 2.773967327051911269e+01
3.510073836994573782e+01 2.766140129609121701e+01
3.515075393740908538e+01 2.780454703157207064e+01
3.520070871574944249e+01 2.762315312678139279e+01
3.525045083160344461e+01 2.763725240981005982e+01
3.530049570869167752e+01 2.744091164884637024e+01
3.535059160776241782e+01 2.746628464148018622e+01
3.540068430971665947e+01 2.751444387436872319e+01
3.545074911362522840e+01 2.735012043082423006e+01
3.550036890253176836e+01 2.749314665405818658e+01
3.555064134077936444e+01 2.741224413844436114e+01
3.560078931342755482e+01 2.747250069411391493e+01
3.565108547588086907e+01 2.735187722595963322e+01
3.570094795766028284e+01 2.729946771348006962e+01
3.575062622600737683e+01 2.729514236868478605e+01
3.580091761654597349e+01 2.723525982555307579e+01
3.585068011788996500e+01 2.722626196563410517e+01
3.590063654732295362e+01 2.719672419007111586e+01
3.595064781968525836e+01 2.708659834798356769e+01
3.600064661787772025e+01 2.704742557274101955e+01
3.605065997098245134e+01 2.691726102067126547e+01
3.610055580292227972e+01 2.695346073535213804e+01
3.615066567295489364e+01 2.690872315244174473e+01
3.620070823995840925e+01 2.693193269641819043e+01
3.625063407140827110e+01 2.681495037640487666e+01
3.630053903480800415e+01 2.690028717065116126e+01
3.635076095548847519e+01 2.679037755761770967e+01
3.640064521820000465e+01 2.676137126794074561e+01
3.645059114817902213e+01 2.673609625287060965e+01
3.650037969898852452e+01 2.673289724525783839e+01
3.655041555911058992e+01 2.666777645492063797e+01
3.660066049185408588e+01 2.673083143475937362e+01
3.665073222235510997e+01 2.660814220615372960e+01
3.670097527299056139e+01 2.659475335004270846e+01
3.675066829186678774e+01 2.647897421365825821e+01
3.680079532898415096e+01 2.655575631824840599e+01
3.685063282247625693e+01 2.659809371581607707e+01
3.690036457791557467e+01 2.643884624621296098e+01
3.695044255330601146e+01 2.632795548921408368e+01
3.700056414896440060e+01 2.633560197990973961e+01
3.705061200566700563e+01 2.638848732379869944e+01
3.710054642744190545e+01 2.628195911183319566e+01
3.715099645420669816e+01 2.627561639449247721e+01
3.720099847428265605e+01 2.618367108821281874e+01
3.725092363794612282e+01 2.615180370269534293e+01
3.730065785688235991e+01 2.621443730840188024e+01
3.735047039871516006e+01 2.606746605930689498e+01
3.740074484956132039e+01 2.599930106943162400e+01
3.745078498921309773e+01 2.605392516672896264e+01
3.750081080030444269e+01 2.594160772078929256e+01
3.755066575910367987e+01 2.587191205700609586e+01
3.760075719290531993e+01 2.596175172695469868e+01
3.765058742029950167e+01 2.599469909011546775e+01
3.770070520800517500e+01 2.583574926972831776e+01
3.775074171766122078e+01 2.588999196141478976e+01
3.780054920228933923e+01 2.580112450653303569e+01
3.785028605357963016e+01 2.587190453749233043e+01
3.790014956604337470e+01 2.567562879065946646e+01
3.795070399093049929e+01 2.573104871791532844e+01
3.800064488374761140e+01 2.558485637960220060e+01
3.805063670460460656e+01 2.559974948116115456e+01
3.810066986978391412e+01 2.557154636559685557e+01
3.815047335562729103e+01 2.556449908167862617e+01
3.820070457166085731e+01 2.558786021825782342e+01
3.825054652004534717e+01 2.550655900287565458e+01
3.830059095506936728e+01 2.547072325961621431e+01
3.835060440364230061e+01 2.551287227157985882e+01
3.840060189880973240e+01 2.538553340031429428e+01
3.845047415235990229e+01 2.538417052285138453e+01
3.850045558810032276e+01 2.538019107903454952e+01
3.855068545891874265e+01 2.534008290137800401e+01
3.860077335274264954e+01 2.521484656982561035e+01
3.865079795446190758e+01 2.528933821039084151e+01
3.870069735860561622e+01 2.540874957116174215e+01
3.875074558129854552e+01 2.527681710015447081e+01
3.880072689471128911e+01 2.520712134287696315e+01
3.885070431159810767e+01 2.521483045729256389e+01
3.890076604177426134e+01 2.520227035599515730e+01
3.895077654249089250e+01 2.523248479340290018e+01
3.900065635008523657e+01 2.506711505795363593e+01
3.905068303866070778e+01 2.496797060570071380e+01
3.910086666979864845e+01 2.499697491910388081e+01
3.915075167994284300e+01 2.501586301730810646e+01
3.920080110904684290e+01 2.492326619245583430e+01
3.925051722509476093e+01 2.483287442894184593e+01
3.930049924941769746e+01 2.483832428112410540e+01
3.935068663145851531e+01 2.474102777065292003e+01
3.940062002802714858e+01 2.470262221534653335e+01
3.945094720807892230e+01 2.474151943676259435e+01
3.950072275578882852e+01 2.478481945467944314e+01
3.955068874417335678e+01 2.465837308470656453e+01
3.960047988298316568e+01 2.457752015511787036e+01
3.965028426911310078e+01 2.457953521385107365e+01
3.970050640123277219e+01 2.456423659203410637e+01
3.975057126679874386e+01 2.444173811224894521e+01
3.980063131454883063e+01 2.438665013681263005e+01
3.985062444376308832e+01 2.446190327267257203e+01
3.990046459422952552e+01 2.447785000240303788e+01
3.995030915473805777e+01 2.443636123059179255e+01
4.000070700697658310e+01 2.447124491241176969e+01
4.005068128997515231e+01 2.431971050064759510e+01
4.010049471442144409e+01 2.434207854484678890e+01
4.015069681665188028e+01 2.428669414970448059e+01
4.020082895179550064e+01 2.432165157390377530e+01
4.025072769209087653e+01 2.417073534256891421e+01
4.030051348483454632e+01 2.415023816184126559e+01
4.035072609931964394e+01 2.418492073635979978e+01
4.040037176569849464e+01 2.413587169020472345e+01
4.045042667732217012e+01 2.405757840288226745e+01
4.050053434909590777e+01 2.396103382864369280e+01
4.055043005389622834e+01 2.398772402262185111e+01
4.060045540580550494e+01 2.406880816479658947e+01
4.065048092584816430e+01 2.397627716398831055e+01
4.070078642837128058e+01 2.399186386872566246e+01
4.075040725570445943e+01 2.391872206811527590e+01
4.080059557345823151e+01 2.395496873604287558e+01
4.085087876590859679e+01 2.379984124251640054e+01
4.090052355963207731e+01 2.379684644545468331e+01
4.095053410493387958e+01 2.379188273250954211e+01
4.100046890014794343e+01 2.367693342299932624e+01
4.105055555589980543e+01 2.373056213573980244e+01
4.110055962388238271e+01 2.370701984087017777e+01
4.115058724083828423e+01 2.372477410200881209e+01
4.120063807828946523e+01 2.363676980156651908e+01
4.125078781157126429e+01 2.368199649814933849e+01
4.130070977352312411e+01 2.356720797146864754e+01
4.135072597204173661e+01 2.350621586781594630e+01
4.140062101981526865e+01 2.352251082733465637e+01
4.145046210781828933e+01 2.349128351962997741e+01
4.150064410670492521e+01 2.346506160119256279e+01
4.155055390754394296e+01 2.337053007143067163e+01
4.160071856321656014e+01 2.342041909854684789e+01
4.165062465436843553e+01 2.328753929662710220e+01
4.170074665647079826e+01 2.331972399066787816e+01
4.175092031344095034e+01 2.319757850885787676e+01
4.180083223468388809e+01 2.323354225739251078e+01
4.185091650497393800e+01 2.323855667796292224e+01
4.190058894312653592e+01 2.318900076758197315e+01
4.195057327773436384e+01 2.314252868615783143e+01
4.200054620451269471e+01 2.316604490970800256e+01
4.205070097649376493e+01 2.306958746436322016e+01
4.210104367677791259e+01 2.308436563063495583e+01
4.215062999266064736e+01 2.303075705799232864e+01
4.220062489273367845e+01 2.303514094676593515e+01
4.225072019983769422e+01 2.303983911909016058e+01
4.230080984542261291e+01 2.293622213776454544e+01
4.235048512465247939e+01 2.297379221996786924e+01
4.240039033711827443e+01 2.296625045052538283e+01
4.245058113897258067e+01 2.290438663759439919e+01
4.250051056501101243e+01 2.284033085522560569e+01
4.255075469310492764e+01 2.282371062651436588e+01
4.260088839389085535e+01 2.279005903824011980e+01
4.265066822100642696e+01 2.275747578292025608e+01
4.270042497031288775e+01 2.278257703764349174e+01
4.275056154529104191e+01 2.265301685739738247e+01
4.280061966166783094e+01 2.270213538640325268e+01
4.285072612642605350e+01 2.272976568358552285e+01
4.290063911686539910e+01 2.256426833819403299e+01
4.295047238065683359e+01 2.250095226350980937e+01
4.300068081100387474e+01 2.256242347155092176e+01
4.305065341004009127e+01 2.248519381276851803e+01
4.310092706765931325e+01 2.246582722281649680e+01
4.315079602200330555e+01 2.241658301237400508e+01
4.320049660447120488e+01 2.238475616835003024e+01
4.325044276895134487e+01 2.239220156552489982e+01
4.330057972539024291e+01 2.234302673516319615e+01
4.335073935269073786e+01 2.233723531842415611e+01
4.340062665975187173e+01 2.233245716510903378e+01
4.345083521863485743e+01 2.225038772847690893e+01
4.350080434733149559e+01 2.223094780740129650e+01
4.355066849370164306e+01 2.220793956208858333e+01
4.360066807944897249e+01 2.217638187115270298e+01
4.365063945197720585e+01 2.212764868410591035e+01
4.370057186563911955e+01 2.214130608095987895e+01
4.375058189073340742e+01 2.212503985301222897e+01
4.380066239129499195e+01 2.210840244865718773e+01
4.385070439948531629e+01 2.204385403434138624e+01
4.390071035686884926e+01 2.201167463895067655e+01
4.395067528124658196e+01 2.196725160329671667e+01
4.400082397187517103e+01 2.198493511740117867e+01
4.405064825126752481e+01 2.198134721812882830e+01
4.410055966609562716e+01 2.190128438521172427e+01
4.415064464392477106e+01 2.187351202003770112e+01
4.420062521994253046e+01 2.178378509887372161e+01
4.425074133285379219e+01 2.176711188260443208e+01
4.430056633737652305e+01 2.178848293168794470e+01
4.435070835691129076e+01 2.176035995716317828e+01
4.440078972329759210e+01 2.175038014311270018e+01
4.445074787044538311e+01 2.168317183649571334e+01
4.450068873751220622e+01 2.161194189003797206e+01
4.455068020915655325e+01 2.164339599857636998e+01
4.460077488805040957e+01 2.152327453707092175e+01
4.465062459263209860e+01 2.159648861823614396e+01
4.470071478766311657e+01 2.151154746094985271e+01
4.475070854589100833e+01 2.151073513687417815e+01
4.480054713876269545e+01 2.143090067515834818e+01
4.485054816752502660e+01 2.140762775335228341e+01
4.490070656619563039e+01 2.139543163142256788e+01
4.495070056087058674e+01 2.136745057554002258e+01
4.500056910314840763e+01 2.126728499156829599e+01
4.505070887203213914e+01 2.129491187291801069e+01
4.510061236772134663e+01 2.127432080270898496e+01
4.515073277013259201e+01 2.123454594597914991e+01
4.520069200387877117e+01 2.116216401621452903e+01
4.525066379076972112e+01 2.118397697215830533e+01
4.530070851487537453e+01 2.111286699774155196e+01
4.535066554677655404e+01 2.111818394823083977e+01
4.540070412847448011e+01 2.102448318523665094e+01
4.545055029283572168e+01 2.106311358500352071e+01
4.550056965286096755e+01 2.099851282968640476e+01
4.555054912766672004e+01 2.085725119322273713e+01
4.560058025539878912e+01 2.093220949203831793e+01
4.565062272089560480e+01 2.092028125547321693e+01
4.570060765623707510e+01 2.082945936430080636e+01
4.575072027820378651e+01 2.081853006454092991e+01
4.580063544467018488e+01 2.076895905159378231e+01
4.585061524648342157e+01 2.081614192047186762e+01
4.590038557800846775e+01 2.066835769457866689e+01
4.595044581013677742e+01 2.074409393777143151e+01
4.600053540272723041e+01 2.072001155733606481e+01
4.605059275114101780e+01 2.058128905995944180e+01
4.610084778734601940e+01 2.064840180612405618e+01
4.615078372778435067e+01 2.057883322264652293e+01
4.620079763110578597e+01 2.048444104552379841e+01
4.625069257879680862e+01 2.057826573079073285e+01
4.630076930310873706e+01 2.049437317425122274e+01
4.635061760445957191e+01 2.047767638184980044e+01
4.640048883980021799e+01 2.037000735435745824e+01
4.645059142980773004e+01 2.046427130831287045e+01
4.650073860852782559e+01 2.035375218455595459e+01
4.655062247296019962e+01 2.038266235553915351e+01
4.660054129780100141e+01 2.035403890010603689e+01
4.665067910891992398e+01 2.029881365740740762e+01
4.670057831041176399e+01 2.030946256249273318e+01
4.675073081291679244e+01 2.018206253791112914e+01
4.680064903311568969e+01 2.018290819580873574e+01
4.685054893440595691e+01 2.017000555761926606e+01
4.690047720868597025e+01 2.012791697583590533e+01
4.695055373767551288e+01 2.007404466755455275e+01
4.700068443481134040e+01 2.006547240274230504e+01
4.705054892794714760e+01 1.998181223671694440e+01
4.710090191639649504e+01 2.002340995808827984e+01
4.715086923685525022e+01 1.994452207302387947e+01
4.720079403182356970e+01 1.992786126937554769e+01
4.725071271028107134e+01 1.987148854691156430e+01
4.730064744448333869e+01 1.989868466977414485e+01
4.735056319112582912e+01 1.985477293474273353e+01
4.740048645981774200e+01 1.989307153367667880e+01
4.745072982557754671e+01 1.974768525013327292e+01
4.750080386038112579e+01 1.975412530194501315e+01
4.755087940005583391e+01 1.971361484678174847e+01
4.760072805312179867e+01 1.969542598473076112e+01
4.765067020928979247e+01 1.966809288758635432e+01
4.770065166037148430e+01 1.967665259254294696e+01
4.775059472584882059e+01 1.956994443937420058e+01
4.780054320846981142e+01 1.957227397488147602e+01
4.785051871527539191e+01 1.955979496983880850e+01
4.790068485360295369e+01 1.942775204363431740e+01
4.795068468835729902e+01 1.948941527850647049e+01
4.800081266340075814e+01 1.945700250428146916e+01
4.805067758293061075e+01 1.942990769331844092e+01
4.810057955891159054e+01 1.939856804526117173e+01
4.815065247583424224e+01 1.939781450081150282e+01
4.820058876752798938e+01 1.930339952850266982e+01
4.825062758151098308e+01 1.933846577782121656e+01
4.830050891861813511e+01 1.925057624257377498e+01
4.835059949104871180e+01 1.924639640613097313e+01
4.840061817680124534e+01 1.916206147619394073e+01
4.845059197059676848e+01 1.917891222401723184e+01
4.850071348765496282e+01 1.913174782936957286e+01
4.855070861047948938e+01 1.912654835253147567e+01
4.860079885823664370e+01 1.911941976219499395e+01
4.865073159027676297e+01 1.904843033028940269e+01
4.870062505589664426e+01 1.900455254456392140e+01
4.875064142241748044e+01 1.898185331462477166e+01
4.880070725855863856e+01 1.897716768202394277e+01
4.885077510260894940e+01 1.896193821640171961e+01
4.890071465607211110e+01 1.897324038291129966e+01
4.895074531240822324e+01 1.885515981351590042e+01
4.900073502381767554e+01 1.881482024964372712e+01
4.905077811013303801e+01 1.879300784737559482e+01
4.910070723550170868e+01 1.871985739891401579e+01
4.915070259051960733e+01 1.870232218527935331e+01
4.920063847882943975e+01 1.867321387488758333e+01
4.925059680352623559e+01 1.861274774739491633e+01
4.930058817457437215e+01 1.861462926733328871e+01
4.935066150186425205e+01 1.860241627191889080e+01
4.940082702243974921e+01 1.855984994679604227e+01
4.945071213629248774e+01 1.851052432241730017e+01
4.950066337522281401e+01 1.849545077615803734e+01
4.955070025329212768e+01 1.848608471528267216e+01
4.960068424121411823e+01 1.843873507549661994e+01
4.965064114312914256e+01 1.836411174255461631e+01
4.970072747776619337e+01 1.837781845475154441e+01
4.975072021790703047e+01 1.833798125428401704e+01
4.980057431660738132e+01 1.834461089987325622e+01
4.985075637656007075e+01 1.825112859062315351e+01
4.990071580811433449e+01 1.823797986098960777e+01
4.995063927006449234e+01 1.819015731454284435e+01
5.000060084925996762e+01 1.822577721748420032e+01
5.005045873064565853e+01 1.813779415182225208e+01
5.010048364727365566e+01 1.811137288552345836e+01
5.015058301511334093e+01 1.816079346059450472e+01
5.020059771037254848e+01 1.807332356770833215e+01
5.025046478966564933e+01 1.811121973191212220e+01
5.030058377984222062e+01 1.798474398983179867e+01
5.035069760041683651e+01 1.797946762173070212e+01
5.040084924235802077e+01 1.790137493782340883e+01
5.045068624624399689e+01 1.794911239640451939e+01
5.050060330114866503e+01 1.789867568280482857e+01
5.055056632414860474e+01 1.785120771144278606e+01
5.060048892831081702e+01 1.780436131798691335e+01
5.065076270012374238e+01 1.777716788522215552e+01
5.070074418145034656e+01 1.773859031593406499e+01
5.075072033235919378e+01 1.776315302580649913e+01
5.080056856830650247e+01 1.767617653962386015e+01
5.085063996342848469e+01 1.771398617747190940e+01
5.090079576010987950e+01 1.760846566651793665e+01
5.095067199178613038e+01 1.761008034688832069e+01
5.100077085900777263e+01 1.757548279675745562e+01
5.105066948456282461e+01 1.755787433996996683e+01
5.110067782431391947e+01 1.752511875333236091e+01
5.115071056813979311e+01 1.753435629373577243e+01
5.120086418384877192e+01 1.752091867289495752e+01
5.125089251453216832e+01 1.746629176747531531e+01
5.130069535899511379e+01 1.736938417786474176e+01
5.135077314432863460e+01 1.733597862097649411e+01
5.140079527368695267e+01 1.739326048668272051e+01
5.145076795720253671e+01 1.732169761487798354e+01
5.150067190460001854e+01 1.726502670587529309e+01
5.155055705950405098e+01 1.731402602263950996e+01
5.160060338144170089e+01 1.720581112365627163e+01
5.165077786608629395e+01 1.722857802955827466e+01
5.170079892531500576e+01 1.716308043854040832e+01
5.175076409355646234e+01 1.715012665087948562e+01
5.180081050879348936e+01 1.715896147245742753e+01
5.185063236522091756e+01 1.712930543393312988e+01
5.190063627192509443e+01 1.703823991434146379e+01
5.195045194769984676e+01 1.706267835351544448e+01
5.200055348012200085e+01 1.699083415798358487e+01
5.205073650353721604e+01 1.695264627184745265e+01
5.210082264320564605e+01 1.691257658714639689e+01
5.215074029641194642e+01 1.692901726101526805e+01
5.220060961371469688e+01 1.683404999585211570e+01
5.225071803781900570e+01 1.683008441682200385e+01
5.230056258642265021e+01 1.681883575806723741e+01
5.235053885698353326e+01 1.678298918251511296e+01
5.240052133702501891e+01 1.673350777970837910e+01
5.245061225630747259e+01 1.673494237853048006e+01
5.250071488624668348e+01 1.671756658271755214e+01
5.255058134901026534e+01 1.673967246958662614e+01
5.260070941839639147e+01 1.665904656652067928e+01
5.265077959906204796e+01 1.667386271532780029e+01
5.270071039049599904e+01 1.662327974875696412e+01
5.275067087002464206e+01 1.655755594720878676e+01
5.280057513073043651e+01 1.651686911420402737e+01
5.285048295724897827e+01 1.654195573622402904e+01
5.290064806091204730e+01 1.649125579553813736e+01
5.295076237312280654e+01 1.644256803892182006e+01
5.300071428026349452e+01 1.644596106234526189e+01
5.305094238809233786e+01 1.643748926842430436e+01
5.310087107769089698e+01 1.641219263310597043e+01
5.315076924934483316e+01 1.642198035643458098e+01
5.320050195368721546e+01 1.640007986432038933e+01
5.325049837735429747e+01 1.634673882160741698e+01
5.330065167941499737e+01 1.630258370571638338e+01
5.335069576743354247e+01 1.628512956210839135e+01
5.340090396500927739e+01 1.624654181128786234e+01
5.345084246007032647e+01 1.620909705827740765e+01
5.350083523446005529e+01 1.618689318241130337e+01
5.355075183860127197e+01 1.619276346154270740e+01
5.360082432592102464e+01 1.614187609075043639e+01
5.365091818824257075e+01 1.610886064485632474e+01
5.370059238608737218e+01 1.608060564915148305e+01
5.375066957950130586e+01 1.604932710500388282e+01
5.380067487411135829e+01 1.604794490632459159e+01
5.385058139128504706e+01 1.604807629241929590e+01
5.390070192466438925e+01 1.600671450250512251e+01
5.395078131761895435e+01 1.596250674534788772e+01
5.400058870545096568e+01 1.589624357573990565e+01
5.405068033207550116e+01 1.587189761178698078e+01
5.410072161653349809e+01 1.586909227387967292e+01
5.415067609690787265e+01 1.584831199219179254e+01
5.420060581925445575e+01 1.582960635522883663e+01
5.425053353070867246e+01 1.573157442265309314e+01
5.430068570154838170e+01 1.570306463440968336e+01
5.435066411431858313e+01 1.569081817715194838e+01
5.440080914129376310e+01 1.564369228675734469e+01
5.445080163590567679e+01 1.562101297891246965e+01
5.450081660501099634e+01 1.563073430455269630e+01
5.455078215982349121e+01 1.561277445109780437e+01
5.460050313376459741e+01 1.561410972821945720e+01
5.465064987509153127e+01 1.562306461803743218e+01
5.470081260773268639e+01 1.554292976899680845e+01
5.475070460284505458e+01 1.548526952723425865e+01
5.480047950030435544e+01 1.546609825927863113e+01
5.485062926285060314e+01 1.545208133472367074e+01
5.490064179093323560e+01 1.539604412613629947e+01
5.495054313845735550e+01 1.542024645549025408e+01
5.500079655004624613e+01 1.539500742948252388e+01
5.505072119771764960e+01 1.536913482913445428e+01
5.510064043814401913e+01 1.534417759095954992e+01
5.515067446589753075e+01 1.532588611133627943e+01
5.520076119843602669e+01 1.529876353798058197e+01
5.525078088792644593e+01 1.524287426219226127e+01
5.530081900620841395e+01 1.521299056007217310e+01
5.535082610383302892e+01 1.522264668035930590e+01
5.540073174404310663e+01 1.521722954463224298e+01
5.545062967977569457e+01 1.513584583215226331e+01
5.550057000431460352e+01 1.510641815660564902e+01
5.555071841742697103e+01 1.509861411054079383e+01
5.560062756007631890e+01 1.505217513671642315e+01
5.565055936735502939e+01 1.506570010209758514e+01
5.570060012874240130e+01 1.499009978521567810e+01
5.575053199084554478e+01 1.499567881643514689e+01
5.580071707753494792e+01 1.497955848096764697e+01
5.585068299905342570e+01 1.492582692713148163e+01
5.590076095627701847e+01 1.490474676068112103e+01
5.595061593594395077e+01 1.492155238828967789e+01
5.600059719570929673e+01 1.487789510015210581e+01
5.605071976431674585e+01 1.485432594925887706e+01
5.610071043481956110e+01 1.484135100403535823e+01
5.615079356577659553e+01 1.481130253003652797e+01
5.620061827311953806e+01 1.477748410350163866e+01
5.625076579374169228e+01 1.473917393819792743e+01
5.630076324283498934e+01 1.470447551491738025e+01
5.635054101137028226e+01 1.471234911644496535e+01
5.640050948138840425e+01 1.467516754688220004e+01
5.645054455800144666e+01 1.466390563631927257e+01
5.650073481325052427e+01 1.463203206292308955e+01
5.655073477457435871e+01 1.457281024747064535e+01
5.660073824559485445e+01 1.453357853180356685e+01
5.665074086704029810e+01 1.454771655094302396e+01
5.670079376222318501e+01 1.450342929073091547e+01
5.675065281761889935e+01 1.448500910868913749e+01
5.680050522544234326e+01 1.449369357682396853e+01
5.685029008354570834e+01 1.442793348610376825e+01
5.690039644117692319e+01 1.439266111786454339e+01
5.695066971981956527e+01 1.439080821502669316e+01
5.700060778658993144e+01 1.437227064881244409e+01
5.705072362469287839e+01 1.433561415769533731e+01
5.710062844583793407e+01 1.431679685981889527e+01
5.715063642460044946e+01 1.427354623082570306e+01
5.720052563749149499e+01 1.425554863773985481e+01
5.725057250158966582e+01 1.420815009980650601e+01
5.730070061666543069e+01 1.417757368232688187e+01
5.735059468705980379e+01 1.417614261798834896e+01
5.740068046681047065e+01 1.416265911760741147e+01
5.745062246045310417e+01 1.412585786815589373e+01
5.750071044277198240e+01 1.408835981561615114e+01
5.755079038725750706e+01 1.408975678854883284e+01
5.760081478585422587e+01 1.405540737194466239e+01
5.765084819486575185e+01 1.402776952607284855e+01
5.770069974390386847e+01 1.402634784213941899e+01
5.775064567173122754e+01 1.395688118193483973e+01
5.780071185781467591e+01 1.399778497558471102e+01
5.785070888559319968e+01 1.391015208866928177e+01
5.790063092839579895e+01 1.392603611190839352e+01
5.795076274408464201e+01 1.388520538557891548e+01
5.800068408155547672e+01 1.381514044689705045e+01
5.805066207662181199e+01 1.382203265889288346e+01
5.810058441680767771e+01 1.383096703230811286e+01
5.815050057807743400e+01 1.376944924349510480e+01
5.820058481270466899e+01 1.377260888101980463e+01
5.825054799922251192e+01 1.377022740472680162e+01
5.830062176282278585e+01 1.371355899150299607e+01
5.835064111592163982e+01 1.370834474843582207e+01
5.840075419903320153e+01 1.369516798791996948e+01
5.845083088551552919e+01 1.364729833310246043e+01
5.850080154356264472e+01 1.362698386359278402e+01
5.855080032980847449e+01 1.360666980228912770e+01
5.860057089650905482e+01 1.356841543332597055e+01
5.865057581360016314e+01 1.354885033191408183e+01
5.870061249080675481e+01 1.351003927178010677e+01
5.875063584132967520e+01 1.343207111635888928e+01
5.880052804622530971e+01 1.349590347892838338e+01
5.885049062313584045e+01 1.342057013140088273e+01
5.890068540929838292e+01 1.337871525057311217e+01
5.895074667686701986e+01 1.342213075227962094e+01
5.900079285975216692e+01 1.333886353197322272e+01
5.905072163601161606e+01 1.332291352995818912e+01
5.910053840968517136e+01 1.329825958510300232e+01
5.915055836907099263e+01 1.329931707598793089e+01
5.920078583096847069e+01 1.326175063326766157e+01
5.925078445624479428e+01 1.325471771284271227e+01
5.930073572141976967e+01 1.323326718756459641e+01
5.935077471148129291e+01 1.320020712718002720e+01
5.940084008989509812e+01 1.317702362170998676e+01
5.945076794887749827e+01 1.315633049086245698e+01
5.950063683779239909e+01 1.314576725489778752e+01
5.955077877209936332e+01 1.310576285662723173e+01
5.960060236443837312e+01 1.306139460506727623e+01
5.965054645934751676e+01 1.306504471452316274e+01
5.970063068222594893e+01 1.303303772425287477e+01
5.975062169048680261e+01 1.301320060402068890e+01
5.980081898179457056e+01 1.300105235673217230e+01
5.985070991520160533e+01 1.298590313978737854e+01
5.990063533403414198e+01 1.292742726064158099e+01
5.995058497985625223e+01 1.293633555387945044e+01
6.000058384167378733e+01 1.288791084749565385e+01
6.005053987652184588e+01 1.289263684987187020e+01
6.010045421237759911e+01 1.282094215181573382e+01
6.015064859381300977e+01 1.281261784494214595e+01
6.020071100610303461e+01 1.281835994435163961e+01
6.025064422090846250e+01 1.276223860183957548e+01
6.030080715923693901e+01 1.273622409372336328e+01
6.035080229029196630e+01 1.271402164221730047e+01
6.040061132077143924e+01 1.265096623387440999e+01
6.045063089445540783e+01 1.267714197425367040e+01
6.050051327979302584e+01 1.264900190114068579e+01
6.055046586021543931e+01 1.264869975263628632e+01
6.060066561403655072e+01 1.259695886276728949e+01
6.065060531728364168e+01 1.258361892001735960e+01
6.070058213762547439e+01 1.253899262608062237e+01
6.075049250711255411e+01 1.252868365122429495e+01
6.080072220556943563e+01 1.248362206571572841e+01
6.085080501817724041e+01 1.246872289049639093e+01
6.090072241368302031e+01 1.245438191944808004e+01
6.095072344314405655e+01 1.243185447109445008e+01
6.100064471556180479e+01 1.238769106004889586e+01
6.105074558218583292e+01 1.236260383720160227e+01
6.110075563535039578e+01 1.237282454046472679e+01
6.115084051183571034e+01 1.233040001081201709e+01
6.120073852296442141e+01 1.227980346587605531e+01
6.125069677240534105e+01 1.227900349790929546e+01
6.130078678126051983e+01 1.224324657162185126e+01
6.135074668185310287e+01 1.222052784404926662e+01
6.140074771504353635e+01 1.221509592576619241e+01
6.145066576833651339e+01 1.220277225474827532e+01
6.150056726797252082e+01 1.217321290075643958e+01
6.155052199605525942e+01 1.218512837396305670e+01
6.160067465714389101e+01 1.213191728474578568e+01
6.165067242892764909e+01 1.210480487130730864e+01
6.170067030649844497e+01 1.208505257575632008e+01
6.175066561361092710e+01 1.203602553137886666e+01
6.180067991116586512e+01 1.204327679043340282e+01
6.185058426725945679e+01 1.200475651151458223e+01
6.190038579212198044e+01 1.199414167817452537e+01
6.195062912658430321e+01 1.194808507845887569e+01
6.200054455848771084e+01 1.193089543524941298e+01
6.205045608676216062e+01 1.188624760165059158e+01
6.210065680711953462e+01 1.188298812267443694e+01
6.215064819109176142e+01 1.183815675163385706e+01
6.220063023545002778e+01 1.181222820198228263e+01
6.225056036774524415e+01 1.185490151579469931e+01
6.230057029581633543e+01 1.175381575693685221e+01
6.235056477868997149e+01 1.178281326423994813e+01
6.240070311510407208e+01 1.173742596157256557e+01
6.245087981397324484e+01 1.168464954480332807e+01
6.250075171045033784e+01 1.169101633980588772e+01
6.255079729562886115e+01 1.166568336581377352e+01
6.260063960014294082e+01 1.164856883345233385e+01
6.265063784798040558e+01 1.161117308049823471e+01
6.270068305958778154e+01 1.161645107917262010e+01
6.275066561381144226e+01 1.158828223704201221e+01
6.280070487697192050e+01 1.156906748667013218e+01
6.285071948848923284e+01 1.155066127489263472e+01
6.290083993008494190e+01 1.151881131793638069e+01
6.295081676641085977e+01 1.150028167657750977e+01
6.300068683398932734e+01 1.148617647992886148e+01
6.305066180073792736e+01 1.145339408245570390e+01
6.310071566505131813e+01 1.140814340135063887e+01
6.315063473160932972e+01 1.140935094504991909e+01
6.320071410390065125e+01 1.140540402057743563e+01
6.325070212739828435e+01 1.136878052176995446e+01
6.330067373965293598e+01 1.132490296545129738e+01
6.335086637769684614e+01 1.133764270083370107e+01
6.340075853883547552e+01 1.129998345622990996e+01
6.345085909834993743e+01 1.126670826237824130e+01
6.350074052305416927e+01 1.126292064091667555e+01
6.355074211049213773e+01 1.123608390517779121e+01
6.360070004991064252e+01 1.120811067848718778e+01
6.365046078357857340e+01 1.119846569325735963e+01
6.370059063423332191e+01 1.118005342292997639e+01
6.375058423596151158e+01 1.115305698788960775e+01
6.380070654720426404e+01 1.114911358103363526e+01
6.385073591118687375e+01 1.112641572983133109e+01
6.390071077096509811e+01 1.112633852669325130e+01
6.395066974511460245e+01 1.108712540503552191e+01
6.400073832788034167e+01 1.106811358192797279e+01
6.405072727132748867e+01 1.103788506025142446e+01
6.410042485383993949e+01 1.099481147884050181e+01
6.415040342529097472e+01 1.098493124925470354e+01
6.420058933624704878e+01 1.095307840112995201e+01
6.425075689310219218e+01 1.093337216739766049e+01
6.430074059785791007e+01 1.092961761457758207e+01
6.435073239392266942e+01 1.091418371906132023e+01
6.440068334788421112e+01 1.087254790007064642e+01
6.445081674355536450e+01 1.086040277401248844e+01
6.450077001850063141e+01 1.086332926929881637e+01
6.455062786306609723e+01 1.082983435182330822e+01
6.460074774320564472e+01 1.079536471433704747e+01
6.465057417145177965e+01 1.077736923403095304e+01
6.470063659512929632e+01 1.074747529566062987e+01
6.475068947408398401e+01 1.072155704794656117e+01
6.480066604957306708e+01 1.071233955447431896e+01
6.485070380543818658e+01 1.069702890548297169e+01
6.490082017193319075e+01 1.068625362513827781e+01
6.495091978387250720e+01 1.064617340544175406e+01
6.500079650806792131e+01 1.064560936724157614e+01
6.505077306231818568e+01 1.061957333261659642e+01
6.510072438062935873e+01 1.058208544842416110e+01
6.515060376587864255e+01 1.058940560733174863e+01
6.520062617090036383e+01 1.054545292669572021e+01
6.525067363761262129e+01 1.052965405453415038e+01
6.530069142186557940e+01 1.053295426191720807e+01
6.535065255382559712e+01 1.047989943439231553e+01
6.540072432906758593e+01 1.047483215050627336e+01
6.545072134725472779e+01 1.044952082066397026e+01
6.550067517520525939e+01 1.045693055473851452e+01
6.555061567814142620e+01 1.038923970513771522e+01
6.560071804978089460e+01 1.038427388121876582e+01
6.565074992402898602e+01 1.039816059535733750e+01
6.570073563602359457e+01 1.037404640569144654e+01
6.575081836235639798e+01 1.032782173402796211e+01
6.580067310797147684e+01 1.032059026553871384e+01
6.585061954733382095e+01 1.031001112832485944e+01
6.590052302224263769e+01 1.026313477074808667e+01
6.595052826667320289e+01 1.025205685237298958e+01
6.600053918408119102e+01 1.023224749711929960e+01
6.605046954238856927e+01 1.023614715787029006e+01
6.610057363466796687e+01 1.018868872766392464e+01
6.615059008408327657e+01 1.017348848534446049e+01
6.620061791133673523e+01 1.014142364649508998e+01
6.625064855268836084e+01 1.011406374422108456e+01
6.630072856218191646e+01 1.011746023065786737e+01
6.635065875684698256e+01 1.011272511592796164e+01
6.640064264940966154e+01 1.005936191721829687e+01
6.645073824784918770e+01 1.004023356572420944e+01
6.650067115149393260e+01 1.004375013384157533e+01
6.655065369910670370e+01 1.001664508401511711e+01
6.660067342842303617e+01 9.998190830798320050e+00
6.665061323825229067e+01 9.956820918015722555e+00
6.670060323996554530e+01 9.928121328181489957e+00
6.675068430972328315e+01 9.934951231204063760e+00
6.680058418726099490e+01 9.901672238912267332e+00
6.685071694749524340e+01 9.901327864990046024e+00
6.690068793049118767e+01 9.891948744935605831e+00
6.695061923607941878e+01 9.869983119723151788e+00
6.700068639194881825e+01 9.849499218913678078e+00
6.705067682126600914e+01 9.815515993672093487e+00
6.710077604805209717e+01 9.805696399042966860e+00
6.715060699182339476e+01 9.780234236359143907e+00
6.720066061294389215e+01 9.775138337166353608e+00
6.725075986721213894e+01 9.735153816131283833e+00
6.730052522264658421e+01 9.728902111958433352e+00
6.735062924116799365e+01 9.705929157006952579e+00
6.740060732150529077e+01 9.667756950822409934e+00
6.745053620466653399e+01 9.658044878946782319e+00
6.750066425390348002e+01 9.632822551301327252e+00
6.755082937688051459e+01 9.625673827339287669e+00
6.760072503679658951e+01 9.592565776607122174e+00
6.765062988820275791e+01 9.593827670772368421e+00
6.770069412468146197e+01 9.570288123856842688e+00
6.775062100887190297e+01 9.535888990369448592e+00
6.780056248816653408e+01 9.513213613550815850e+00
6.785055195196578381e+01 9.502858812923728138e+00
6.790059441818515040e+01 9.491466251848773794e+00
6.795044836699864277e+01 9.477092292424744713e+00
6.800048085798178477e+01 9.452635497138114573e+00
6.805067835923897235e+01 9.420109173934484659e+00
6.810072656466435603e+01 9.423476704705636919e+00
6.815070145771700538e+01 9.412028549512839959e+00
6.820064337944950239e+01 9.373035748292842584e+00
6.825063037684658696e+01 9.369746153188057036e+00
6.830061409162452435e+01 9.338170263167834051e+00
6.835082789549002769e+01 9.337431393628255805e+00
6.840074162891980336e+01 9.307708952287928383e+00
6.845061665390170447e+01 9.276607480563143326e+00
6.850060607525895762e+01 9.265443335806484271e+00
6.855041616181789266e+01 9.254879130925811381e+00
6.860055351875693930e+01 9.237445313242798051e+00
6.865067407391181575e+01 9.221919550712811997e+00
6.870082429657925616e+01 9.187407648324819931e+00
6.875066073594551597e+01 9.190598287147142997e+00
6.880065260215600631e+01 9.163662314425389255e+00
6.885081659029681589e+01 9.113591084672330922e+00
6.890064504945875967e+01 9.104074118461703335e+00
6.895067122144425298e+01 9.099098597080589101e+00
6.900074781618619113e+01 9.078772483939332005e+00
6.905078903998277440e+01 9.048627976993612876e+00
6.910062926068043510e+01 9.053728516263280568e+00
6.915076312115429857e+01 9.029338831135341081e+00
6.920087728366590341e+01 9.017528297460559727e+00
6.925064015234329418e+01 8.966818085544430161e+00
6.930071161473770758e+01 8.968876459080107111e+00
6.935069662042847938e+01 8.964341652011828643e+00
6.940067336527617670e+01 8.946065767293820414e+00
6.945052358078594068e+01 8.921064696489832357e+00
6.950069882003045052e+01 8.903960498623927577e+00
6.955065043974518346e+01 8.878150729309881584e+00
6.960063238637687277e+01 8.853965994833247422e+00
6.965076356245934619e+01 8.828999111352022311e+00
6.970066267261935877e+01 8.823130407830513278e+00
6.975077150840287743e+01 8.796777182853229959e+00
6.980064065908266002e+01 8.792291272213269337e+00
6.985059517066410706e+01 8.780949266379622031e+00
6.990058917780882553e+01 8.756042102814607375e+00
6.995052199767907553e+01 8.740206931734020301e+00
7.000053278111315080e+01 8.711144129418022075e+00
7.005054756946375960e+01 8.708807874823650153e+00
7.010071906655107910e+01 8.700846927061171243e+00
7.015073724783538012e+01 8.654336493012348086e+00
7.020076257112617668e+01 8.650438205680623938e+00
7.025071380996972437e+01 8.620895032988315165e+00
7.030079663510109356e+01 8.623782985978571958e+00
7.035073212561979972e+01 8.608464447621413385e+00
7.040052429241477228e+01 8.593179029786540468e+00
7.045058297496383659e+01 8.557246808380671865e+00
7.050059401138639714e+01 8.547721838680553574e+00
7.055066771787184621e+01 8.523263337562456243e+00
7.060067847038419586e+01 8.514419333655949274e+00
7.065080545095293019e+01 8.501604908481256828e+00
7.070079978376851670e+01 8.468978602779809961e+00
7.075070557410046490e+01 8.442261074530760467e+00
7.080069760468173001e+01 8.441436150722541498e+00
7.085076568503940564e+01 8.428072524449454761e+00
7.090068528896773614e+01 8.393971642817380285e+00
7.095067439269951137e+01 8.384138068037001901e+00
7.100072450262976531e+01 8.362620926960808276e+00
7.105057251719182432e+01 8.338548693349324026e+00
7.110068585668089725e+01 8.338652865267798475e+00
7.115074285288213218e+01 8.317965916789543002e+00
7.120076272882748469e+01 8.285643762823960756e+00
7.125077295257317189e+01 8.274374794740870342e+00
7.130061307931975989e+01 8.255249456246462003e+00
7.135057697783859965e+01 8.245934807324077909e+00
7.140051818309896703e+01 8.219710674660262839e+00
7.145058945612221635e+01 8.204761798659644612e+00
7.150064250041292269e+01 8.182649001396896438e+00
7.155074281030603345e+01 8.174291906802620744e+00
7.160077175329789156e+01 8.167006248134562441e+00
7.165072107790369671e+01 8.127675250859589084e+00
7.170061197859612889e+01 8.125944026795316688e+00
7.175068484188005868e+01 8.099236603967414183e+00
7.180069797357522532e+01 8.089769320258447749e+00
7.185052908346605705e+01 8.082538798034200056e+00
7.190049244058428712e+01 8.067679303247398792e+00
7.195053709001591358e+01 8.046867131335984524e+00
7.200073012147062457e+01 8.028784815199372815e+00
7.205075630080007443e+01 8.007864644022017586e+00
7.210071330313708415e+01 7.991313271155154219e+00
7.215064984114650315e+01 7.979698810825838429e+00
7.220059128500021473e+01 7.962783668962058137e+00
7.225074277424388924e+01 7.932409220120373305e+00
7.230070284600866160e+01 7.925036029652765990e+00
7.235076160584758043e+01 7.926143876162368151e+00
7.240070180179232295e+01 7.890584421464403420e+00
7.245056331583070630e+01 7.869246146435453504e+00
7.250071177019162860e+01 7.864987005019453470e+00
7.255074361448450304e+01 7.850614096903627548e+00
7.260075840165679040e+01 7.805958143644710745e+00
7.265067087776864696e+01 7.801217703638964274e+00
7.270069141245362232e+01 7.801332993373159219e+00
7.275062612949844265e+01 7.797149000318312595e+00
7.280060566645578035e+01 7.769018999474603504e+00
7.285083494007679406e+01 7.724706192960048234e+00
7.290074926781362308e+01 7.737743286817893029e+00
7.295071018587948686e+01 7.707656350512733567e+00
7.300075757484900407e+01 7.682159192374593104e+00
7.305066473261940985e+01 7.679768774502496953e+00
7.310065101246341612e+01 7.659136417859577328e+00
7.315065952968613772e+01 7.633243024146301181e+00
7.320053081975895282e+01 7.621351831987137615e+00
7.325048511196247603e+01 7.613887273816445145e+00
7.330055218649900439e+01 7.572522722677537566e+00
7.335057734944857089e+01 7.575947224395889634e+00
7.340073750616149084e+01 7.558980856679678340e+00
7.345066119334092036e+01 7.538555396594587066e+00
7.350069271235936696e+01 7.525172945912649958e+00
7.355065125487764988e+01 7.499917208697050697e+00
7.360067355715841586e+01 7.497816222216003190e+00
7.365065198231539512e+01 7.476927876172883458e+00
7.370058815992244661e+01 7.439872948331084146e+00
7.375074490261759763e+01 7.427643426135235316e+00
7.380071985283433378e+01 7.413930351141499564e+00
7.385058263397081646e+01 7.407159005011338948e+00
7.390056078789331195e+01 7.385250605166772786e+00
7.395068617524700016e+01 7.380166305334100230e+00
7.400068845601435896e+01 7.350318611268813918e+00
7.405069234902053665e+01 7.352791767576690951e+00
7.410075148925902511e+01 7.308844971058526596e+00
7.415065451124954166e+01 7.304368552951338245e+00
7.420056880557223167e+01 7.292267519440482459e+00
7.425046977775809864e+01 7.290790942369397065e+00
7.430067703812518687e+01 7.275256733806326537e+00
7.435078812041055585e+01 7.258183417754042743e+00
7.440072909355558295e+01 7.231820115487217038e+00
7.445069986529563266e+01 7.212364548655240348e+00
7.450061340117312625e+01 7.200283833151301494e+00
7.455057097008574374e+01 7.175974658205785062e+00
7.460055163076238216e+01 7.151852710324548390e+00
7.465072268894796537e+01 7.136208423344407414e+00
7.470068041522551994e+01 7.121880266750252986e+00
7.475074307693199671e+01 7.111293772576900096e+00
7.480074283832119875e+01 7.106405204334681258e+00
7.485075224222836709e+01 7.080330925270739151e+00
7.490079641521823817e+01 7.063595561030179049e+00
7.495062089049905296e+01 7.060149640404258520e+00
7.500065700575025573e+01 7.056899313694079190e+00
7.505060954964648090e+01 7.029343882281797740e+00
7.510068713387616413e+01 7.016972961365710582e+00
7.515072625551053420e+01 6.993385062306673561e+00
7.520069140860303492e+01 6.980830834621674086e+00
7.525086333528427929e+01 6.957810546333522694e+00
7.530082937888276717e+01 6.947419673829092979e+00
7.535074694540101348e+01 6.933357508427861582e+00
7.540074504067418104e+01 6.902918549951314375e+00
7.545074662538237931e+01 6.915556066176471006e+00
7.550056337259302097e+01 6.903887473448884649e+00
7.555052049369368206e+01 6.879587087699494674e+00
7.560065310698057317e+01 6.869866226124419661e+00
7.565075416816121390e+01 6.841296044753346628e+00
7.570071701664222985e+01 6.841001062492683360e+00
7.575061222851250875e+01 6.814005369604855034e+00
7.580065553187749572e+01 6.809711006062197924e+00
7.585058469350046551e+01 6.781197993228359699e+00
7.590066946690396321e+01 6.765636904041774535e+00
7.595068836056216810e+01 6.749000000000000554e+00
7.600060267883431209e+01 6.731611115486942687e+00
7.605067801604742783e+01 6.714561911145259465e+00
7.610063384076626392e+01 6.712115055229306293e+00
7.615078978067847970e+01 6.694900878108635212e+00
7.620064171822374988e+01 6.670258932604720137e+00
7.625054711672333951e+01 6.640957441039756048e+00
7.630061089920927486e+01 6.653833323043696346e+00
7.635063093560049197e+01 6.622839867368831790e+00
7.640070055742589261e+01 6.627615689540486521e+00
7.645076656619778532e+01 6.619064062513446700e+00
7.650077950005926652e+01 6.597563317924343806e+00
7.655064655604263635e+01 6.564348840493925863e+00
7.660067666767272954e+01 6.573551849742658604e+00
7.665071231411040742e+01 6.549872688135954135e+00
7.670071940767236640e+01 6.537043412049847291e+00
7.675062818207145199e+01 6.520095036662850063e+00
7.680054458200679335e+01 6.506017151874322835e+00
7.685066700412623675e+01 6.498297498303898578e+00
7.690075471397413764e+01 6.489378344294557621e+00
7.695071244317165338e+01 6.464498785653407964e+00
7.700064457769639148e+01 6.446044170794878347e+00
7.705070218816516103e+01 6.423046409944062951e+00
7.710061276796189134e+01 6.410672643636998735e+00
7.715066621205893682e+01 6.393101547181032629e+00
7.720073160652232502e+01 6.385728802794537806e+00
7.725066506753948659e+01 6.377337848287348621e+00
7.730053675289693160e+01 6.349064167295008332e+00
7.735056956870909062e+01 6.345651339549750247e+00
7.740076694830369775e+01 6.331300213929165643e+00
7.745065508889175021e+01 6.312052126858291423e+00
7.750075270658241777e+01 6.286076779636431411e+00
7.755075245463144995e+01 6.281915614821168781e+00
7.760063065984935804e+01 6.281798425368961603e+00
7.765070321575937839e+01 6.264028213739564421e+00
7.770058184131811174e+01 6.244380775912473425e+00
7.775045631228616116e+01 6.239306803164885729e+00
7.780052299955025319e+01 6.221724290434194060e+00
7.785061811322584902e+01 6.208407999650343179e+00
7.790069755814592156e+01 6.189413735482724555e+00
7.795066993509645670e+01 6.175420981624214711e+00
7.800070320426156911e+01 6.158647082346553780e+00
7.805076988395472881e+01 6.153261249161902313e+00
7.810068407994884865e+01 6.141286433393189803e+00
7.815063458329811397e+01 6.129641701214163518e+00
7.820071803115827436e+01 6.101566154816345566e+00
7.825068518292077613e+01 6.102140963112804073e+00
7.830071889907812022e+01 6.088924736162352858e+00
7.835056505199914056e+01 6.073835233677138845e+00
7.840063876811422006e+01 6.058617214518297267e+00
7.845076724820752645e+01 6.039032688034240870e+00
7.850062601688682662e+01 6.034594109239787230e+00
7.855066047661884454e+01 6.017549208032341390e+00
7.860066278381508198e+01 6.009995413820779397e+00
7.865070105683354029e+01 5.979079188220437935e+00
7.870060604587553144e+01 5.971551819285530804e+00
7.875065355180748838e+01 5.965835925594494604e+00
7.880076615489335268e+01 5.947826104675864478e+00
7.885061970150083255e+01 5.940400393128792977e+00
7.890069512598000756e+01 5.921824435808069609e+00
7.895064125650461051e+01 5.901399463970274262e+00
7.900061784463736103e+01 5.894471980578595449e+00
7.905068260470351049e+01 5.874489172835954953e+00
7.910073358004940758e+01 5.872527280830716734e+00
7.915067984073604634e+01 5.851818540002410529e+00
7.920060072632530535e+01 5.835679049046113676e+00
7.925070991771819706e+01 5.824746948212516706e+00
7.930076053603696096e+01 5.797336138631262514e+00
7.935075064956362212e+01 5.793350896271654449e+00
7.940072547750777687e+01 5.779368179069088285e+00
7.945072593113725645e+01 5.774830032663332169e+00
7.950062416114546693e+01 5.750379559730768086e+00
7.955061268565088994e+01 5.736338831848670772e+00
7.960060482791865866e+01 5.717745281682695691e+00
7.965063779017333445e+01 5.715390050102742592e+00
7.970067764707702906e+01 5.690634174343816909e+00
7.975065797923312516e+01 5.688611631114343758e+00
7.980064729418937475e+01 5.666302651640603649e+00
7.985057682223765596e+01 5.655219633647519117e+00
7.990072276115488137e+01 5.648750957475723311e+00
7.995070094938157013e+01 5.634449531568873404e+00
8.000052005949608258e+01 5.626448702556848147e+00
8.005064756019791616e+01 5.606363991873002384e+00
8.010064291399586978e+01 5.609210069067373183e+00
8.015065323523694474e+01 5.593804469323171880e+00
8.020069045907618488e+01 5.574550226648191220e+00
8.025074546367891060e+01 5.570996885286517930e+00
8.030068054365692376e+01 5.560895170673705756e+00
8.035062933392651985e+01 5.544234587583994234e+00
8.040062023743929842e+01 5.526272049992217994e+00
8.045058262634873358e+01 5.520173136948888448e+00
8.050060482323091549e+01 5.508416755786975649e+00
8.055065814041469707e+01 5.500910315449590193e+00
8.060061381781277134e+01 5.485920945872146071e+00
8.065049163168612267e+01 5.475838137696550589e+00
8.070067864682820868e+01 5.471595681123531563e+00
8.075072719419868861e+01 5.452402627243730926e+00
8.080069560119804351e+01 5.438733841078326137e+00
8.085072720008511737e+01 5.426944043192150957e+00
8.090059918459566290e+01 5.410998577364985351e+00
8.095069797226732078e+01 5.392841234885545454e+00
8.100072628747037129e+01 5.383465305271931456e+00
8.105066596491020903e+01 5.370982631274521246e+00
8.110053491390247871e+01 5.363954437774557604e+00
8.115064581461599857e+01 5.358072991525715700e+00
8.120071780755598922e+01 5.335328510326332818e+00
8.125056913049471063e+01 5.316134511783864980e+00
8.130062388841243148e+01 5.314341346734777538e+00
8.135060192578023930e+01 5.298208805002564858e+00
8.140059573350035294e+01 5.287478323409954051e+00
8.145064012854679447e+01 5.265741280931172774e+00
8.150073120039212426e+01 5.276764972034964529e+00
8.155075503725153396e+01 5.245553530218878713e+00
8.160059776271727117e+01 5.228987308997171013e+00
8.165051497760852328e+01 5.222125347988682442e+00
8.170062372795770500e+01 5.213249008791181360e+00
8.175068324348895032e+01 5.201837812545583084e+00
8.180065868057219802e+01 5.185906302239344789e+00
8.185060801216476989e+01 5.179772299927738466e+00
8.190060720797325189e+01 5.170215372541362875e+00
8.195073278306765019e+01 5.162290848872018501e+00
8.200068153483279332e+01 5.144456064974466614e+00
8.205065042937812336e+01 5.129715926927203462e+00
8.210065865687079167e+01 5.125386867772297350e+00
8.215069729564295642e+01 5.110405297384924772e+00
8.220080441105518787e+01 5.099312375465062885e+00
8.225072343998640179e+01 5.091211092891480661e+00
8.230069607718056091e+01 5.073613344596648922e+00
8.235055660277505751e+01 5.057800076859074956e+00
8.240063280819842362e+01 5.051858683051669630e+00
8.245071308585386305e+01 5.048411280620484831e+00
8.250065070222582619e+01 5.041722990489452272e+00
8.255080999539379150e+01 5.024008832792389967e+00
8.260060794064355605e+01 5.010911033541429305e+00
8.265058351342750598e+01 4.995288044828442686e+00
8.270070238389254769e+01 4.989623961032537913e+00
8.275059535776185271e+01 4.984532983372552906e+00
8.280068193384541075e+01 4.956367582879979139e+00
8.285065930747785501e+01 4.960176950430319920e+00
8.290056246277856644e+01 4.949138931066458191e+00
8.295061443318822114e+01 4.936750390961606172e+00
8.300069792099935739e+01 4.920119513482982931e+00
8.305058996061495691e+01 4.919188905540354817e+00
8.310064085671682221e+01 4.897436271577196187e+00
8.315062839157525332e+01 4.892460682006964490e+00
8.320060878384710179e+01 4.879932317273472542e+00
8.325063442827286053e+01 4.868533239895174169e+00
8.330056709054171904e+01 4.872114201037113013e+00
8.335053931775884450e+01 4.840857895453926751e+00
8.340053635319384284e+01 4.834788527863496554e+00
8.345063121432903586e+01 4.825302973595329448e+00
8.350055041619420138e+01 4.821685349194418713e+00
8.355057364268577658e+01 4.795187677332111598e+00
8.360054898998552630e+01 4.785616703930656080e+00
8.365051669125759304e+01 4.782755946784251755e+00
8.370058038604668127e+01 4.771808130548411242e+00
8.375051134911305439e+01 4.755610835808657733e+00
8.380059453927552227e+01 4.740308901103553296e+00
8.385050780487192412e+01 4.728799294357735938e+00
8.390061381005928354e+01 4.722216708777463801e+00
8.395070682904152193e+01 4.717440527333141453e+00
8.400061587044575617e+01 4.694541837800707107e+00
8.405066926691544893e+01 4.699512114335334445e+00
8.410062548643203684e+01 4.685435415351360433e+00
8.415073495725221164e+01 4.671631001093293101e+00
8.420083725162690769e+01 4.660496971151495416e+00
8.425076531496900145e+01 4.654775474415982828e+00
8.430060680776267645e+01 4.649158775880311012e+00
8.435055764847578530e+01 4.627089595457873017e+00
8.440061002678389457e+01 4.624193112081173673e+00
8.445077491139556969e+01 4.620372864917291267e+00
8.450078817497008288e+01 4.603748892433102924e+00
8.455074589247141148e+01 4.587696098047477911e+00
8.460073437873982982e+01 4.573284754373962535e+00
8.465066113206482612e+01 4.575920948268264787e+00
8.470071557061724832e+01 4.559876495921794337e+00
8.475065115121917358e+01 4.550691629808513383e+00
8.480063418980859069e+01 4.544934556594255604e+00
8.485066460852381454e+01 4.530178369771829416e+00
8.490062758450689273e+01 4.524904001262449071e+00
8.495075405742173302e+01 4.510711495742721233e+00
8.500058128620887032e+01 4.503487400133741936e+00
8.505052608964408023e+01 4.484152459383782485e+00
8.510053595481066679e+01 4.475272204204183701e+00
8.515058491547064534e+01 4.466800173028413923e+00
8.520072267622893492e+01 4.458754333925538660e+00
8.525065297660262331e+01 4.442104301524326893e+00
8.530061146004418049e+01 4.438948318620738576e+00
8.535060342914304954e+01 4.430632924296510566e+00
8.540066745759193623e+01 4.420065134777151350e+00
8.545060895460365202e+01 4.405701109714970976e+00
8.550057032255175216e+01 4.401003916334270016e+00
8.555068495657442895e+01 4.392181649231448048e+00
8.560067515382100112e+01 4.375885046458734884e+00
8.565063647086222431e+01 4.367414714769000561e+00
8.570064579552558826e+01 4.358405195220851347e+00
8.575057251211694620e+01 4.348221297246657180e+00
8.580052390842315901e+01 4.335573467484191035e+00
8.585064788181922779e+01 4.331212236923820846e+00
8.590060852984082373e+01 4.313287679709576494e+00
8.595061963450514497e+01 4.301668837324988282e+00
8.600070284410818999e+01 4.297574701748093418e+00
8.605072317602213161e+01 4.281619436717662985e+00
8.610074865953444601e+01 4.283093698653522630e+00
8.615063984349956172e+01 4.263388358999495864e+00
8.620071096469301608e+01 4.253924698500687107e+00
8.625059084022993261e+01 4.256812595535492072e+00
8.630065609635799717e+01 4.241121104636432548e+00
8.635072959374187462e+01 4.231875441852807285e+00
8.640061506888987708e+01 4.224685629959947342e+00
8.645069549907235285e+01 4.208016469736731935e+00
8.650064856629455790e+01 4.202635840534436618e+00
8.655065267582149602e+01 4.195075939693609257e+00
8.660062065985762558e+01 4.189715052091104397e+00
8.665063139598194653e+01 4.176566860201549325e+00
8.670069926104542901e+01 4.166624610878822743e+00
8.675061813732774851e+01 4.157056416404717680e+00
8.680063599026416910e+01 4.141070901727282205e+00
8.685062341554782961e+01 4.142269853337479546e+00
8.690066534610711813e+01 4.121872898930091011e+00
8.695065890316050172e+01 4.123169615299892676e+00
8.700068258669440979e+01 4.109844852444169305e+00
8.705068789434881182e+01 4.106383600339238882e+00
8.710073430022170271e+01 4.092281534971763612e+00
8.715073625712081196e+01 4.076182604060829107e+00
8.720071944953542697e+01 4.064022396684532801e+00
8.725065874059880855e+01 4.062675445375720784e+00
8.730065385491546692e+01 4.046549573927540777e+00
8.735071773693692876e+01 4.040300901676532774e+00
8.740067291151538598e+01 4.027145477458218714e+00
8.745069089587315148e+01 4.020963673748006784e+00
8.750059524727170412e+01 4.014270468611556453e+00
8.755063393985311393e+01 4.006235286553640584e+00
8.760072521610700846e+01 4.005860467408311365e+00
8.765070461050113693e+01 3.985296343831243426e+00
8.770071890489063549e+01 3.982163868430984355e+00
8.775064728536050040e+01 3.976152029938687438e+00
8.780066340967854899e+01 3.957658676761254046e+00
8.785061758882334004e+01 3.958022988618580484e+00
8.790069966232417187e+01 3.947768800659118504e+00
8.795081255270730480e+01 3.932882466921149511e+00
8.800065892052096217e+01 3.919325849498677794e+00
8.805068046215481559e+01 3.914636631399827316e+00
8.810074622042790793e+01 3.906092805432481718e+00
8.815068777402876776e+01 3.892635811645859700e+00
8.820056999239014317e+01 3.896555205704873348e+00
8.825063293195866265e+01 3.875922850206925396e+00
8.830068724278304160e+01 3.866501614796701070e+00
8.835073110258727525e+01 3.866704697937838997e+00
8.840079703231447183e+01 3.856287149353734733e+00
8.845083020292958054e+01 3.849759660967440489e+00
8.850076563709151856e+01 3.835770957175785423e+00
8.855063553538322196e+01 3.825246829929338954e+00
8.860062705552091700e+01 3.829183456659065676e+00
8.865051892067423012e+01 3.820463011255344377e+00
8.870061903020686600e+01 3.803274337061475663e+00
8.875074341963603786e+01 3.800149779778046799e+00
8.880069649634492635e+01 3.783825864502469827e+00
8.885071344892412526e+01 3.787075119027896619e+00
8.890062388383235259e+01 3.774142741499406650e+00
8.895060466980305591e+01 3.763039463604292756e+00
8.900051192815253387e+01 3.758334900068830198e+00
8.905066102494254210e+01 3.746227629286910776e+00
8.910075018557721194e+01 3.740183391790464551e+00
8.915065987269676384e+01 3.738735102890848871e+00
8.920074459493167751e+01 3.718451417718966923e+00
8.925074341970011460e+01 3.718335674112775990e+00
8.930067606158073090e+01 3.705632090761750153e+00
8.935064465320694183e+01 3.698158357539470753e+00
8.940064087878988630e+01 3.687958486920027479e+00
8.945064319424200505e+01 3.681548335560584473e+00
8.950064421180226759e+01 3.680154731804510693e+00
8.955057753817223443e+01 3.660083022053325585e+00
8.960058054534367500e+01 3.656359416107619165e+00
8.965061121043279968e+01 3.643876280121430167e+00
8.970060486906020003e+01 3.642377791415948085e+00
8.975065684933389321e+01 3.632414813698858325e+00
8.980064097263824863e+01 3.620155966085898847e+00
8.985074011343861855e+01 3.620698934193800955e+00
8.990072914643546653e+01 3.610997918010536267e+00
8.995069471840930930e+01 3.603354423889653990e+00
9.000061567245546712e+01 3.603692516807221136e+00
9.005060451355357998e+01 3.591809959890343684e+00
9.010066164734236338e+01 3.579051475796378501e+00
9.015058063102021890e+01 3.567504813814093456e+00
9.020066981206871048e+01 3.558339749042300326e+00
9.025061891167177919e+01 3.559719925464661205e+00
9.030058063625472187e+01 3.546092628802058222e+00
9.035069862056877810e+01 3.535650010075640726e+00
9.040063721053816437e+01 3.533528809262599157e+00
9.045068187473133037e+01 3.521057511200230472e+00
9.050070412097294081e+01 3.517484023838586715e+00
9.055071582655412499e+01 3.509367549108584949e+00
9.060074590370700776e+01 3.501529698566196114e+00
9.065071954180082514e+01 3.497635656830281992e+00
9.070070414937342207e+01 3.488206204693980350e+00
9.075071652356483298e+01 3.481625205139877721e+00
9.080073853391084526e+01 3.467067044033840251e+00
9.085071662263727887e+01 3.457779333937939903e+00
9.090070285251101723e+01 3.457303055424694627e+00
9.095065177011029789e+01 3.448123046033390260e+00
9.100073488155234713e+01 3.441011507627963706e+00
9.105069866664597100e+01 3.427047682668667772e+00
9.110067736133585470e+01 3.421454825303047009e+00
9.115066164323077658e+01 3.417785509557277557e+00
9.120067497178406768e+01 3.410014136816352348e+00
9.125068141284850753e+01 3.407249374956002885e+00
9.130062622558105545e+01 3.400706230137751973e+00
9.135066117588171153e+01 3.390625932830886313e+00
9.140065141538008220e+01 3.385921625324771256e+00
9.145068138473658337e+01 3.374403543104958381e+00
9.150069039643479130e+01 3.371561846549782970e+00
9.155071593148433351e+01 3.356705412386616239e+00
9.160080367935793788e+01 3.350292777452176018e+00
9.165061737073069992e+01 3.344074264610482405e+00
9.170060817655109986e+01 3.340088670128209092e+00
9.175058865088804794e+01 3.326963220022609580e+00
9.180049265407282633e+01 3.320158361048770157e+00
9.185058971654700599e+01 3.316762501723540701e+00
9.190068301485227664e+01 3.312743294675370098e+00
9.195060490867638237e+01 3.299280720059485361e+00
9.200056221650915234e+01 3.299723560175066073e+00
9.205061548325311094e+01 3.290254290879602195e+00
9.210076346697475458e+01 3.279278697816166765e+00
9.215078845474795344e+01 3.273250410957269541e+00
9.220060419601414026e+01 3.271922283612874960e+00
9.225059746084708934e+01 3.260356666955220195e+00
9.230067734231083421e+01 3.257602434912461042e+00
9.235073177795210597e+01 3.247453075964632951e+00
9.240064045690999706e+01 3.243544739495399121e+00
9.245063157109922258e+01 3.227631121559200622e+00
9.250078057204220272e+01 3.224046017471945191e+00
9.255072433387988440e+01 3.215458341451318702e+00
9.260073057984830314e+01 3.209731527545682361e+00
9.265065869044863689e+01 3.201788993394621752e+00
9.270063560508695844e+01 3.191162109375000000e+00
9.275067620960689396e+01 3.194955104308355054e+00
9.280063727441186927e+01 3.176577531172508628e+00
9.285065446184212590e+01 3.176271914842036637e+00
9.290065078317546465e+01 3.167057966792892643e+00
9.295073425389733757e+01 3.164488745942980685e+00
9.300067900763730222e+01 3.154174540851966579e+00
9.305066207492778574e+01 3.147996644050484960e+00
9.310064897906700310e+01 3.139788914122445096e+00
9.315062622189709884e+01 3.139778785113013004e+00
9.320059985716629569e+01 3.128492815362993174e+00
9.325071190903473450e+01 3.124931826275652469e+00
9.330073508132683457e+01 3.117336456428451363e+00
9.335066973357385223e+01 3.110841967908834604e+00
9.340068252241590585e+01 3.103244617441722308e+00
9.345057102658101655e+01 3.096605424245851168e+00
9.350065641105707925e+01 3.089243321574846046e+00
9.355067747282180335e+01 3.086200682605712675e+00
9.360058086835567792e+01 3.075685033660342960e+00
9.365060040510233819e+01 3.074843845462713166e+00
9.370058214130268937e+01 3.064179267773030180e+00
9.375071349954021116e+01 3.058418186157552121e+00
9.380064575722563802e+01 3.055647210132299119e+00
9.385065603128978751e+01 3.045922718202185742e+00
9.390066055478293094e+01 3.042655701282878322e+00
9.395067012729866462e+01 3.031179415481561445e+00
9.400073547639510707e+01 3.028248932799035842e+00
9.405064106370717525e+01 3.020123753734504035e+00
9.410066747113194197e+01 3.014927065306445275e+00
9.415062831545455424e+01 3.013826050762753006e+00
9.420064524406151918e+01 3.002923608413617718e+00
9.425063592468441698e+01 2.996646363402541091e+00
9.430071603443974482e+01 2.992697639364437556e+00
9.435084978846010983e+01 2.982689373597413596e+00
9.440072589518690904e+01 2.980727652913083503e+00
9.445063572665263507e+01 2.970368556255263304e+00
9.450060037327034479e+01 2.965671050350446869e+00
9.455061099756481724e+01 2.959587133744829845e+00
9.460066160523612666e+01 2.950010502550569402e+00
9.465070343930108265e+01 2.945832827918103192e+00
9.470070340329958469e+01 2.946249727425561016e+00
9.475076856330568376e+01 2.935103630861797708e+00
9.480071786998738048e+01 2.927467630708605828e+00
9.485059575869554749e+01 2.921827979712595003e+00
9.490062200472793563e+01 2.919677229189233891e+00
9.495059153222072723e+01 2.913979261061188986e+00
9.500060916233462649e+01 2.902744467830338237e+00
9.505058405688886580e+01 2.904959864391032820e+00
9.510062103402634648e+01 2.892765103049701914e+00
9.515070626581375279e+01 2.891320390850451005e+00
9.520074820467674215e+01 2.884597059339814251e+00
9.525077257252138452e+01 2.878013449567259130e+00
9.530060977714117598e+01 2.871023406013106793e+00
9.535056604075973041e+01 2.862323430329680285e+00
9.540054222256354421e+01 2.861308850655386760e+00
9.545053721567489902e+01 2.851544788407820441e+00
9.550066559135430566e+01 2.845068241751025351e+00
9.555070107743208041e+01 2.839281691795303875e+00
9.560068189569460628e+01 2.836441497659906386e+00
9.565062150426840049e+01 2.830977391649786679e+00
9.570068484578779078e+01 2.823645452117186760e+00
9.575065983295563399e+01 2.820677817637790685e+00
9.580068015784988233e+01 2.815724863681003054e+00
9.585070548727827600e+01 2.806271065031426648e+00
9.590067278065059497e+01 2.803713337709794029e+00
9.595068562266027357e+01 2.798540293655746858e+00
9.600067075531137561e+01 2.794745587563813416e+00
9.605064480354532463e+01 2.791262218927060168e+00
9.610060831827868810e+01 2.785168939200802551e+00
9.615071146236661548e+01 2.776768088889795649e+00
9.620073364420061068e+01 2.770314984006589043e+00
9.625071630024669389e+01 2.766990900148403654e+00
9.630073274647288883e+01 2.760687270847363095e+00
9.635076816718918735e+01 2.753842753179623237e+00
9.640074103949068274e+01 2.747220978087550503e+00
9.645064409383613224e+01 2.743427380190133213e+00
9.650066663688329527e+01 2.736796485116742783e+00
