1.256637126207351685e-01 5.000387044270833030e+03
1.936915606260299627e-01 2.171555664062500000e+03
2.513274252414703369e-01 2.981175781250000000e+03
2.944022864103317261e-01 1.336227376302083258e+03
3.554306328296661377e-01 1.636126302083333258e+03
3.955082564781873811e-01 8.612961738782050816e+02
4.615716010332107655e-01 9.241615234375000227e+02
5.164058804512023926e-01 8.940567853009258670e+02
5.455598746027264800e-01 6.285494791666666288e+02
5.891914814710617065e-01 7.885365397135416288e+02
6.408908295987257864e-01 6.916715834888059362e+02
6.941244165102641306e-01 6.591019097222222172e+02
7.549341718355814246e-01 4.999764217342342363e+02
8.082685545086860657e-01 5.845105794270832575e+02
8.458872155139320892e-01 4.402744654605263008e+02
9.033976386463831165e-01 4.767994378306877934e+02
9.538741086920102807e-01 5.212550048828125000e+02
1.002606617948396561e+00 4.645045252732240328e+02
1.050080132484435991e+00 4.209197656250000250e+02
1.095276718554289541e+00 4.001498386548913118e+02
1.148735394760898254e+00 4.012268478881278497e+02
1.197364068031311124e+00 3.938521484374999773e+02
1.253252735099639192e+00 3.812530120481927156e+02
1.301195175307137575e+00 3.524528180803571331e+02
1.350340962409973145e+00 3.419968998015872899e+02
1.397053004916669616e+00 3.302849589646464779e+02
1.446786667240990587e+00 3.148702039930555543e+02
1.501695110947299794e+00 3.269346900544958885e+02
1.550154135684774337e+00 3.104549400252525402e+02
1.601738236568592155e+00 3.041206803902116462e+02
1.647772800055960385e+00 2.966254895050125242e+02
1.697513295382988119e+00 2.670115599593495972e+02
1.749398548968667422e+00 2.891015793736501109e+02
1.801815896144401075e+00 2.440849319306930738e+02
1.854311002948419773e+00 2.468098323170731874e+02
1.903488172029776715e+00 2.376895729684908929e+02
1.952342433013101397e+00 2.130394656361209798e+02
1.999453311039106396e+00 2.194199582275803664e+02
2.048669610900440308e+00 2.308570177801724128e+02
2.101181018737054540e+00 2.130046622983871032e+02
2.154098840860219966e+00 1.924703736504723395e+02
2.199303392983653183e+00 1.976572924654907979e+02
2.248528172677023207e+00 1.817366959064327432e+02
2.303006410598754883e+00 1.827161949685534807e+02
2.353418758259483656e+00 1.835578552549751237e+02
2.402637737900463311e+00 1.710604369977037891e+02
2.448554739992842677e+00 1.699182692307692548e+02
2.499090067645225233e+00 1.664840158045977319e+02
2.549658622302062305e+00 1.650869209884751854e+02
2.600952340680148911e+00 1.594965878211462211e+02
2.651313533667959632e+00 1.449485626614986984e+02
2.702490112360786068e+00 1.430327308006536100e+02
2.752956631759745587e+00 1.387274952244508199e+02
2.797749358087681770e+00 1.426501441140776762e+02
2.849414770365116478e+00 1.306073723919523104e+02
2.901561026847945257e+00 1.271592815463165635e+02
2.949750350581274994e+00 1.183628713348765302e+02
2.998665080524131721e+00 1.244235884168482187e+02
3.049010105637519175e+00 1.176067872323677506e+02
3.100398808880581836e+00 1.176637423155737707e+02
3.150818746732328979e+00 1.129108555605786535e+02
3.200939400679145841e+00 1.093306066176470495e+02
3.249633022646403635e+00 1.055647784528749185e+02
3.300127326483013768e+00 1.030838092672413779e+02
3.348483428887441438e+00 9.998924165189124835e+01
3.399607315620657211e+00 1.003397316770996355e+02
3.448719927469889424e+00 9.477348958333332973e+01
3.499342967069685173e+00 9.303907408551654612e+01
3.551474963231986415e+00 9.044466336754642555e+01
3.598900760213533889e+00 8.931955566406250568e+01
3.651035188841221135e+00 8.343700462351387159e+01
3.700662589665808522e+00 8.138843660372849342e+01
3.751511811793449613e+00 8.241542431192659990e+01
3.801618192488687153e+00 7.804697779605263008e+01
3.851254485091384794e+00 7.806304474914965397e+01
3.901226825121409281e+00 7.350579952524816463e+01
3.948670251141286780e+00 7.186593698432344013e+01
4.001451143603901528e+00 7.171370139649506825e+01
4.052280480987929145e+00 6.756574303933021497e+01
4.102052814176515128e+00 6.486371331828442521e+01
4.151093749575814229e+00 6.663750365782286167e+01
4.200442130105537686e+00 6.404723346828609465e+01
4.251136814637041184e+00 6.076525586009597646e+01
4.299210999832778768e+00 5.672175439719945444e+01
4.350458908696328564e+00 5.942521169354838406e+01
4.400665589089600260e+00 5.623989279120510076e+01
4.450478535124709367e+00 5.821201408286778189e+01
4.500022132996065238e+00 5.296617400032776146e+01
4.550446791199227903e+00 5.276123217403957710e+01
4.600092420408226523e+00 5.134910220994474628e+01
4.650210011078793393e+00 4.792435777631192906e+01
4.700629595459484555e+00 4.996882684426229559e+01
4.749898185810824458e+00 4.789796207992733912e+01
4.799578612586753223e+00 4.703417298812664882e+01
4.849740758713929623e+00 4.450049822481243211e+01
4.899993706213586542e+00 4.458698719248445741e+01
4.949341788918080631e+00 4.335569760101009962e+01
4.999815610851473302e+00 4.206987292199487882e+01
5.049952627308602615e+00 4.092812423463139737e+01
5.099298258856230781e+00 3.985628063725490478e+01
5.150254496972274332e+00 3.768946561833688946e+01
5.199142517336761138e+00 3.758305728189493777e+01
5.249453250256330250e+00 3.717272244529794989e+01
5.300164924855151227e+00 3.491945314172554049e+01
5.351194235644229025e+00 3.444147023019034748e+01
5.400960675954554979e+00 3.385283084163898337e+01
5.450257125402332647e+00 3.252326142529215502e+01
5.500682865381752329e+00 3.202246219433719432e+01
5.549218122000597830e+00 3.092308192796169308e+01
5.600000335002996543e+00 3.096503407772621941e+01
5.649736614175454363e+00 2.967232581538782910e+01
5.699883098365530643e+00 2.936817725447243532e+01
5.750283329191223203e+00 2.850877176429146687e+01
5.800844330747943367e+00 2.806312300637958401e+01
5.851527811214188191e+00 2.799325670228721563e+01
5.901139501297178569e+00 2.694180224564619763e+01
5.952051273107690221e+00 2.554630218940936714e+01
6.002043196207571540e+00 2.507602688318777240e+01
6.051370665339476318e+00 2.499738623398279813e+01
6.100040307612490942e+00 2.462845203488372192e+01
6.151338437490640132e+00 2.342054832526230967e+01
6.201845191216835751e+00 2.259212463199214938e+01
6.251546338561632332e+00 2.272358740586116710e+01
6.301411320163105678e+00 2.199354047424366243e+01
6.351121094491746888e+00 2.080312915558510412e+01
6.402993818717075847e+00 2.076609624190746928e+01
6.451004855903611279e+00 2.029752725403476177e+01
6.500587485631307061e+00 1.971581439393939306e+01
6.550027029602877526e+00 1.931124204528637023e+01
6.600096165964067119e+00 1.912215322293447173e+01
6.651203611202781474e+00 1.838937250392240585e+01
6.700403804908146022e+00 1.814846944620699531e+01
6.751129568914272738e+00 1.775203720523717976e+01
6.801152226429867831e+00 1.762041778166597794e+01
6.850567314012454112e+00 1.681370709528688678e+01
6.899983763743045451e+00 1.615156482044012165e+01
6.950432818525864143e+00 1.637680378854349428e+01
7.000477802606276612e+00 1.592203435319377292e+01
7.050299486470248844e+00 1.543152465290690678e+01
7.100577605904697442e+00 1.504015069076457145e+01
7.150282711587289342e+00 1.474500924717145267e+01
7.201425401940038995e+00 1.452096196411929085e+01
7.251291360812208708e+00 1.402953210894552605e+01
7.301384627104277492e+00 1.368031875800442343e+01
7.350121157509939884e+00 1.350383981717686943e+01
7.400243896042705494e+00 1.311121328735697311e+01
7.450219004942361778e+00 1.274244055823569965e+01
7.499767164549090204e+00 1.265942753714253755e+01
7.551036194214812980e+00 1.261940932572050045e+01
7.600875332768869619e+00 1.231052122099386992e+01
7.650993174920037276e+00 1.172359709637561842e+01
7.700625888088293181e+00 1.159048663324979067e+01
7.751154263814290069e+00 1.144630142405063289e+01
7.801801090622451973e+00 1.106415827996340440e+01
7.851364051006665790e+00 1.088158790863369596e+01
7.900769558997057018e+00 1.059761703792817933e+01
7.950365025915012041e+00 1.022170955526519620e+01
8.001249973326832077e+00 1.013085352381665594e+01
8.050346754310522712e+00 1.005213394295639873e+01
8.100376043699483830e+00 9.803318440035029724e+00
8.150963831689653105e+00 9.562942563105371718e+00
8.200066242110258585e+00 9.282716131120526626e+00
8.249809700602813933e+00 9.289243642483171470e+00
8.300552262369116363e+00 8.905847443559098409e+00
8.351090274807287273e+00 8.731755767906335564e+00
8.400210126764326546e+00 8.582513860310928777e+00
8.450394926559216202e+00 8.385020908973029208e+00
8.500459425828198690e+00 8.148632743993335481e+00
8.550917286194149369e+00 8.072546675774134428e+00
8.600510843254964399e+00 7.944590519984724430e+00
8.651023792021119263e+00 7.678253863273703850e+00
8.701256476197366752e+00 7.765944063593932079e+00
8.749915613828461503e+00 7.385973654158128454e+00
8.800112521877306193e+00 7.278844174299028857e+00
8.849632071888843043e+00 7.104950846991193281e+00
8.900357776251059505e+00 7.032024118358429554e+00
8.950608837287235886e+00 6.824374084085867764e+00
9.000569819962127127e+00 6.656681413152610638e+00
9.051041288617525993e+00 6.575933235867446491e+00
9.100140618044129326e+00 6.493340943683410416e+00
9.150794710576331426e+00 6.270937736832133957e+00
9.200358087057745493e+00 6.246989221900949296e+00
9.250378436494685275e+00 6.073140943403242176e+00
9.300396476966747983e+00 5.948407686075304568e+00
9.350845697771076104e+00 5.795908908542606319e+00
9.401427877347279249e+00 5.641591308204794153e+00
9.450856317468241841e+00 5.596227390695862169e+00
9.501285360508264333e+00 5.384188895781637285e+00
9.551415626509362156e+00 5.359522313010685046e+00
9.601472418873740367e+00 5.375970880970098342e+00
9.650873339522149763e+00 5.124288421914623193e+00
9.700105298531504161e+00 5.020854279777465123e+00
9.749807236595939841e+00 4.982263597804390542e+00
9.800617716807657587e+00 4.850519790792277242e+00
9.850939668539123062e+00 4.810192728599221645e+00
9.900672862260712748e+00 4.665341223023921735e+00
9.951023643831279131e+00 4.584614772365489088e+00
1.000061390381357818e+01 4.537768106779340727e+00
1.005121303910567399e+01 4.496322867762128084e+00
1.010050487470579128e+01 4.348193897022022192e+00
1.015040394560108972e+01 4.252950940612319819e+00
1.020064233832726863e+01 4.255106025109629542e+00
1.025078872432590593e+01 4.158100769711767342e+00
1.030144077410513148e+01 4.102795067110072580e+00
1.035026615037620701e+01 4.015734131444844479e+00
1.040053707544599071e+01 3.909584724872773531e+00
1.045062977445541463e+01 3.887647238531844796e+00
1.050056916228905557e+01 3.790496983424939792e+00
1.055045547200590939e+01 3.758745827950042973e+00
1.060065943225193585e+01 3.684104095039292925e+00
1.065092618802826330e+01 3.598808104407390740e+00
1.069994190739775242e+01 3.553127610693400218e+00
1.075051342579590496e+01 3.458598013019178019e+00
1.080116309617008952e+01 3.380202780739161028e+00
1.085092532135009691e+01 3.382235000000000102e+00
1.090057119699959287e+01 3.332031037980351940e+00
1.095056114183856977e+01 3.244227233794487297e+00
1.100044795380789964e+01 3.201719969807712562e+00
1.105059621997271790e+01 3.125929484080948395e+00
1.110083536315899444e+01 3.081616692173846594e+00
1.115081901025334687e+01 3.027128129778287491e+00
1.120129035153903629e+01 2.951385823628850602e+00
1.125116374248475992e+01 2.960780724841834743e+00
1.130128079566052257e+01 2.867820089489428792e+00
1.135044509838974847e+01 2.857270301684215585e+00
1.140071777468021708e+01 2.795995961193523449e+00
1.145113705378753899e+01 2.765792889864249204e+00
1.150054064506493923e+01 2.693726977657004973e+00
1.155054572698180770e+01 2.685924524401560820e+00
1.160060598127213360e+01 2.639260247639347412e+00
1.165085593945590148e+01 2.574794685774795422e+00
1.170069293131600929e+01 2.549886635865845186e+00
1.175142896112726554e+01 2.520453264198218246e+00
1.180137066716670269e+01 2.448159431102268968e+00
1.185030839024950744e+01 2.445210331751194843e+00
1.190112650803973615e+01 2.393625339824678289e+00
1.195087750005856186e+01 2.350899971244472031e+00
1.200028886778134840e+01 2.304679015680407783e+00
1.205087280971257790e+01 2.271728154210548745e+00
1.210120573097985641e+01 2.247883730613805309e+00
1.215069798464289086e+01 2.200479806947313932e+00
1.220084588704311912e+01 2.179958797066503529e+00
1.225095075397515565e+01 2.177902444163505979e+00
1.230055747642593111e+01 2.144185065778315025e+00
1.235044509892075659e+01 2.084314060962106474e+00
1.240025358236334618e+01 2.067168901884608889e+00
1.245059963946805226e+01 2.029282854513931422e+00
1.250021218005843338e+01 1.993155015845928801e+00
1.255088259279081875e+01 1.958469130601868224e+00
1.260128860653785665e+01 1.947210592110484972e+00
1.265098919510728237e+01 1.889552450587606902e+00
1.270151919945489816e+01 1.874445581244387204e+00
1.275059048606717838e+01 1.863040667825174079e+00
1.280015324543435007e+01 1.826302875892543698e+00
1.285005587414941175e+01 1.804279076455944431e+00
1.290055459179237118e+01 1.792498373132639156e+00
1.295101831716038809e+01 1.743640009262377832e+00
1.300061854953515450e+01 1.753057891721367056e+00
1.305073094795649524e+01 1.702107175321648347e+00
1.310051576040570609e+01 1.687180853595517949e+00
1.315089754552600176e+01 1.651930353655390871e+00
1.320081412118408615e+01 1.642380483581901363e+00
1.325056877988023629e+01 1.618780043691622872e+00
1.329997547558646787e+01 1.619880983321279944e+00
1.334989268379465521e+01 1.575687324745881579e+00
1.340063178882596162e+01 1.557621493687129766e+00
1.345111248053373743e+01 1.540413337640192504e+00
1.350104577716931509e+01 1.524445958751633023e+00
1.355110471056903876e+01 1.496938933496171575e+00
1.360103386653534407e+01 1.482491021582244217e+00
1.365064521999293667e+01 1.464867643900343630e+00
1.370108558817629785e+01 1.441807334139456609e+00
1.375063751069574458e+01 1.430414585467896238e+00
1.380020275550391951e+01 1.403435032211138855e+00
1.385010291988493947e+01 1.377903990190230132e+00
1.389993945742187975e+01 1.383350420975067774e+00
1.395077535055353124e+01 1.358321322944727738e+00
1.400033540187661885e+01 1.340229674155667849e+00
1.405076036390690319e+01 1.329461866622302590e+00
1.410091255677794386e+01 1.292822975964579513e+00
1.415099424006951345e+01 1.295548880231381927e+00
1.420090845382453182e+01 1.280483807687454734e+00
1.425058535625662692e+01 1.266935662390187955e+00
1.430068992108075854e+01 1.252876894561173238e+00
1.435081631969962146e+01 1.254789315574385222e+00
1.440116277072030648e+01 1.219008330839931320e+00
1.445095548372230709e+01 1.204255359127165415e+00
1.450106060960858834e+01 1.201105961367673114e+00
1.455087147615679299e+01 1.188753866865261299e+00
1.460089164482430135e+01 1.167691129534203842e+00
1.465096435834932009e+01 1.165707076666067321e+00
1.470042432961008316e+01 1.159406412573847023e+00
1.474998265362896355e+01 1.143023923409981935e+00
1.479989122439800120e+01 1.118424674381559125e+00
1.485068890065675262e+01 1.104852621552469438e+00
1.490091461135759410e+01 1.103011682953894512e+00
1.495142624477786164e+01 1.096432750982195170e+00
1.500125581199326774e+01 1.077567091502336760e+00
1.505058992571524001e+01 1.063158935738744759e+00
1.510096182188420677e+01 1.050879816215881890e+00
1.515041653809440625e+01 1.044584164820851369e+00
1.520050358450064110e+01 1.034299108239822962e+00
1.525026187279651246e+01 1.018584373473292892e+00
1.530061285776438496e+01 1.000774860049611137e+00
1.535093523531647719e+01 1.004135949786751913e+00
1.540080134614941620e+01 9.877463463056626036e-01
1.545125002511655588e+01 9.819170143699191833e-01
1.550055590549435180e+01 9.700993397602073465e-01
1.554990690009351617e+01 9.589947628686150694e-01
1.560029939283501221e+01 9.511826356094650325e-01
1.565051554421477675e+01 9.457581006510349386e-01
1.570055893919154144e+01 9.302744136870435554e-01
1.575055944300927990e+01 9.354419575113808172e-01
1.580089161127091657e+01 9.194993557843287313e-01
1.585074981409009887e+01 9.111340131413875332e-01
1.590132026779191321e+01 9.054204448449935105e-01
1.595119615174483307e+01 8.915925567792089002e-01
1.600061799840658239e+01 8.883370837637105666e-01
1.605077212836705058e+01 8.820276108733294818e-01
1.610103563786684688e+01 8.702292841718256566e-01
1.615061123591991432e+01 8.597676722412287420e-01
1.620065196690424969e+01 8.555989866456475967e-01
1.625089452027982517e+01 8.515484269037864040e-01
1.630118119518434128e+01 8.400925994655581430e-01
1.635146405608891840e+01 8.350291944779758557e-01
1.640076947667969520e+01 8.253938755646694769e-01
1.645087400555846102e+01 8.228315252120367296e-01
1.650098843068070664e+01 8.092165284190095953e-01
1.655106400710294778e+01 8.059988074569145455e-01
1.660084850266487777e+01 8.033180191759882183e-01
1.665053292522144801e+01 7.866170401608464369e-01
1.670094208154347726e+01 7.869436658234770787e-01
1.675068958911364447e+01 7.797861619335990646e-01
1.680052177009391556e+01 7.702825680707139355e-01
1.685039801592866127e+01 7.628480544077135272e-01
1.690071147848142274e+01 7.695615409856771949e-01
1.695034504331302116e+01 7.612087783994574419e-01
1.700024952897776132e+01 7.526965661783385775e-01
1.705080262949346803e+01 7.424354871408711531e-01
1.710038038467472177e+01 7.358471848162330131e-01
1.715073677186147094e+01 7.346666811929513097e-01
1.720103001431176537e+01 7.337665127268822030e-01
1.725093874646400494e+01 7.291842847425147323e-01
1.730026876303448802e+01 7.201208315787768210e-01
1.735069699187642200e+01 7.162730890787034621e-01
1.740111744736490706e+01 7.067475956999286213e-01
1.745083602976958304e+01 7.082309911691464510e-01
1.750079017405409587e+01 7.040696424182846247e-01
1.755058064951854391e+01 7.017711311003397290e-01
1.760098984156358171e+01 6.952540797097090941e-01
1.765084796114107490e+01 6.898332025470573781e-01
1.770084590768282951e+01 6.841095647646290301e-01
1.775113545986024732e+01 6.790265388793000900e-01
1.780111750417361804e+01 6.688341476044667999e-01
1.785112557577493675e+01 6.653270054711701853e-01
1.790043071854657697e+01 6.629899406463395373e-01
1.795093294930180150e+01 6.583681157849089471e-01
1.800117591338927880e+01 6.518308242403852981e-01
1.805102955138067244e+01 6.511034003040196971e-01
1.810081125040843375e+01 6.451081185442610888e-01
1.815070355316448669e+01 6.428485749712478103e-01
1.820082603023814727e+01 6.336050724637680709e-01
1.825104242422729328e+01 6.350999614154356765e-01
1.830110038363673652e+01 6.320846170985549017e-01
1.835056608576439530e+01 6.258656444268086982e-01
1.840052225601024816e+01 6.232524898880762443e-01
1.845054397902244503e+01 6.185886812411848235e-01
1.850066401639472602e+01 6.163751922152266305e-01
1.855077375907742265e+01 6.108337243928438909e-01
1.860040149003351218e+01 6.072374185847546624e-01
1.865036571685475764e+01 5.986758097976743187e-01
1.870055233191315480e+01 5.979610204778620375e-01
1.875038082358441471e+01 5.972853981099283116e-01
1.880030100158329631e+01 5.913430894470321775e-01
1.885065092426605204e+01 5.878735301980553274e-01
1.890032953550104367e+01 5.874866365131578005e-01
1.895058111422453706e+01 5.800258426929116862e-01
1.900068398728053864e+01 5.814070035298930517e-01
1.905038713710101916e+01 5.784711312184476206e-01
1.910077607978132974e+01 5.747966871988752224e-01
1.915069731442681800e+01 5.756559132543103141e-01
1.920059048440732141e+01 5.677184752224183617e-01
1.925035227553674133e+01 5.654171182946526875e-01
1.930047157178797690e+01 5.593112554702284189e-01
1.935052191971805868e+01 5.586164896641265809e-01
1.940062364124835170e+01 5.602684275057698837e-01
1.945076194647657530e+01 5.556839787531545616e-01
1.950064015704267106e+01 5.483583860759493334e-01
1.955103246253348104e+01 5.488461645893336627e-01
1.960103224732800342e+01 5.456766649898566746e-01
1.965096451560197721e+01 5.415195997538952977e-01
1.970039326907732402e+01 5.396056542029747938e-01
1.975045869793262909e+01 5.327785460194880418e-01
1.980112994754063038e+01 5.309268246590325147e-01
1.985113240949997149e+01 5.275591642779142720e-01
1.990129882447748955e+01 5.254772742084558024e-01
1.995102839468674816e+01 5.261242799084596689e-01
2.000083692040861649e+01 5.204126954626766555e-01
2.005054571725930401e+01 5.165333669673948247e-01
2.010084313615223905e+01 5.121917385793698374e-01
2.015039891387192839e+01 5.113207783039317444e-01
2.020032978626047537e+01 5.103361112070818884e-01
2.025088372940374271e+01 5.063168009940161030e-01
2.030029183479597066e+01 5.019765292573994397e-01
2.035052695173413539e+01 5.025273126465886753e-01
2.040075823535785560e+01 5.016502387351327030e-01
2.045089601889413444e+01 4.971202248467594398e-01
2.050073645873280981e+01 4.990224143625016651e-01
2.055053498245830212e+01 4.907795047482003681e-01
2.060058405558038430e+01 4.889628326912068279e-01
2.065032429254589985e+01 4.875371289165350008e-01
2.070047025335771806e+01 4.863905934885718318e-01
2.075044015714700407e+01 4.885744099412660524e-01
2.080056166383511851e+01 4.823752450224649824e-01
2.085052640866095430e+01 4.829840085152870000e-01
2.090093885348607117e+01 4.781118169364748094e-01
2.095072566472917686e+01 4.809721321417055329e-01
2.100045951270690026e+01 4.726245122407525812e-01
2.105041555584098489e+01 4.718907333204423460e-01
2.110036039795015128e+01 4.688324238843935565e-01
2.115060440588723267e+01 4.706929788961038974e-01
2.120099297639964320e+01 4.642845737793269700e-01
2.125110208021147429e+01 4.631558275660772606e-01
2.130047153211643263e+01 4.591606873542755096e-01
2.135095211249340252e+01 4.623411565065835283e-01
2.140153998728464302e+01 4.606742879725226336e-01
2.145140411864241869e+01 4.576457132477387280e-01
2.150109067953851039e+01 4.552590582522597629e-01
2.155071421888607830e+01 4.520241891337654083e-01
2.160095248613489716e+01 4.518018272935064306e-01
2.165078368034290790e+01 4.482667789043583983e-01
2.170103250420297769e+01 4.453653518988776039e-01
2.175113749075196878e+01 4.444248520814552683e-01
2.180066400185297226e+01 4.422913507077479989e-01
2.185095183544095931e+01 4.439308371762392680e-01
2.190070081606517505e+01 4.392281501442485969e-01
2.195052143564337399e+01 4.390894165843214902e-01
2.200016785070007685e+01 4.373330605214275635e-01
2.205017752243192319e+01 4.379481724779262231e-01
2.210016093160606587e+01 4.335491584544753918e-01
2.215052494156026341e+01 4.317903331794543664e-01
2.220099768268121565e+01 4.311051321833148653e-01
2.225093828405544372e+01 4.292953606609469785e-01
2.230088287983462081e+01 4.278710877734853146e-01
2.235050207682091994e+01 4.279653024982361664e-01
2.240027092684176679e+01 4.258622781421140813e-01
2.245050285997742989e+01 4.212540595278109756e-01
2.250092599038523389e+01 4.213397114953899014e-01
2.255080398875536929e+01 4.202415799195136081e-01
2.260054706545379233e+01 4.169987497818254396e-01
2.265063038163662057e+01 4.178721946525303932e-01
2.270025254152363914e+01 4.168062103976450938e-01
2.275050358802700146e+01 4.160676510741448397e-01
2.280034136030533887e+01 4.124911456800117726e-01
2.285072882878251832e+01 4.092550405870288288e-01
2.290066141892027929e+01 4.111645770137417055e-01
2.295053262466946720e+01 4.099015289026449738e-01
2.300116596624015131e+01 4.081485883254619140e-01
2.305075049811972576e+01 4.103836596066886000e-01
2.310085238957240961e+01 4.074235321056691173e-01
2.315075103044907934e+01 4.059837410100901600e-01
2.320056411088655324e+01 4.032918237201963962e-01
2.325069316575375922e+01 4.030358512269938687e-01
2.330102321943878252e+01 4.007676631991384242e-01
2.335094979495398704e+01 4.005058767518451246e-01
2.340077491351943451e+01 3.962789015807525184e-01
2.345090180360846333e+01 3.972046482778750498e-01
2.350069764984864307e+01 3.950033950809994643e-01
2.355079805083223476e+01 3.949789079604542619e-01
2.360089425887846915e+01 3.933641782544629040e-01
2.365111588592037251e+01 3.917536982936480894e-01
2.370079117479742337e+01 3.894509957699295866e-01
2.375070238000955669e+01 3.900037545403743922e-01
2.380072099427258792e+01 3.889019609682476397e-01
2.385044315484774557e+01 3.879937359710566858e-01
2.390062030528307702e+01 3.856609158586318808e-01
2.395079098070538137e+01 3.846202393443258205e-01
2.400087914898061214e+01 3.827972722094108438e-01
2.405047136728556012e+01 3.830977908066000581e-01
2.410094161555001691e+01 3.815109189490377695e-01
2.415096374291990955e+01 3.798267447518611784e-01
2.420035762630187293e+01 3.776570268590574986e-01
2.425062718572708675e+01 3.776925403441060425e-01
2.430056200939818467e+01 3.738476059765122317e-01
2.435074088185508856e+01 3.743431258868628042e-01
2.440058288212754434e+01 3.745132435318230812e-01
2.445050734240095736e+01 3.709565142126372006e-01
2.450068293811746400e+01 3.724351287101453911e-01
2.455072252521220122e+01 3.706149930391974268e-01
2.460081802631937720e+01 3.708659323097618365e-01
2.465048464938207218e+01 3.680461762046163821e-01
2.470070557930939970e+01 3.665641323236062399e-01
2.475098408547652795e+01 3.679994500806890723e-01
2.480073664568702796e+01 3.656693744143065250e-01
2.485031139239437081e+01 3.647437743140868327e-01
2.490072463844199291e+01 3.640346389140385330e-01
2.495100174296157647e+01 3.626312758740232178e-01
2.500090082264989988e+01 3.618722165075917152e-01
2.505070236710282572e+01 3.600528195286009647e-01
2.510076910204727341e+01 3.586046895060985285e-01
2.515074714444360993e+01 3.573302405278521721e-01
2.520042346985152193e+01 3.581477798539006163e-01
2.525087251929459242e+01 3.564357378870871007e-01
2.530067364950122766e+01 3.542429235480627492e-01
2.535041708261922722e+01 3.558217850484988176e-01
2.540064572517422192e+01 3.541367262637062363e-01
2.545058671133012140e+01 3.498618132768498978e-01
2.550091448992870014e+01 3.517519529923032739e-01
2.555093562505498284e+01 3.499672941745382571e-01
2.560076420353996340e+01 3.501649745958940740e-01
2.565050233917104450e+01 3.492180891005350896e-01
2.570088089215357030e+01 3.478653649791033642e-01
2.575089593395361831e+01 3.452676991549906149e-01
2.580055172488612314e+01 3.458200202618453845e-01
2.585065705518562851e+01 3.466526350837138559e-01
2.590040009142965260e+01 3.453992702910805290e-01
2.595045451330076602e+01 3.446554395366385193e-01
2.600041449295903817e+01 3.434049966459539749e-01
2.605043175508030728e+01 3.423453088016383261e-01
2.610049216203561073e+01 3.427569452508127945e-01
2.615052744885751324e+01 3.423992268445477660e-01
2.620081245176917406e+01 3.399272561095019740e-01
2.625064376793082488e+01 3.389109860422444553e-01
2.630053287468589573e+01 3.397968733145461662e-01
2.635101688869864489e+01 3.391156803697342181e-01
2.640098937474011720e+01 3.367180743958086420e-01
2.645040677875825708e+01 3.363399166283245201e-01
2.650060382162935113e+01 3.374232118210100939e-01
2.655045256895379424e+01 3.355555243024302414e-01
2.660025631369433086e+01 3.346186688304453316e-01
2.665085337050840764e+01 3.347482805739136480e-01
2.670089682513944851e+01 3.352120317716101860e-01
2.675085862322766772e+01 3.335007856261855697e-01
2.680077379233840063e+01 3.311281637531263145e-01
2.685114965594502934e+01 3.308963357308157271e-01
2.690100378496506650e+01 3.308963651851656862e-01
2.695034706866618635e+01 3.297689509062577407e-01
2.700052841649375068e+01 3.289867851818468747e-01
2.705072101866625545e+01 3.282895486219077896e-01
2.710069443800647093e+01 3.281448447294550985e-01
2.715078986062405875e+01 3.273259905247190016e-01
2.720089493456375251e+01 3.239882547157765802e-01
2.725057769076351022e+01 3.229621694880442373e-01
2.730033549125748493e+01 3.271267032302188071e-01
2.735052912710215978e+01 3.234895095795613518e-01
2.740061522037846942e+01 3.226112982041866029e-01
2.745070084770054564e+01 3.201385647927733613e-01
2.750096527171193372e+01 3.217278446361107602e-01
2.755103462783471358e+01 3.206350646710317553e-01
2.760049968995508962e+01 3.197234357694824780e-01
2.765053177889601344e+01 3.170322402816252993e-01
2.770036622615669586e+01 3.185421728064521396e-01
2.775054988188822946e+01 3.164388171901842406e-01
2.780062562883384203e+01 3.158786950354172673e-01
2.785044576349854850e+01 3.164054894619852676e-01
2.790070893961808807e+01 3.147794938947188759e-01
2.795038926939105650e+01 3.145867444892997411e-01
2.800057880835900548e+01 3.136609410935083386e-01
2.805066800443194808e+01 3.131602271091275536e-01
2.810107801910153924e+01 3.135749949140423931e-01
2.815115147865971323e+01 3.127065408459427376e-01
2.820044725741460923e+01 3.116868212809587591e-01
2.825040259489045624e+01 3.085072378809881055e-01
2.830043012984087625e+01 3.109833169144835541e-01
2.835059611158580495e+01 3.090587797619047672e-01
2.840043375018342431e+01 3.097654863657872681e-01
2.845045081296103717e+01 3.086463444755077057e-01
2.850041934162237567e+01 3.072280836325765319e-01
2.855035665006607104e+01 3.076664166404908807e-01
2.860065628427968321e+01 3.059930208188597067e-01
2.865062202782436529e+01 3.046855427044549147e-01
2.870086574409789293e+01 3.058693053406746354e-01
2.875095097308470926e+01 3.046678011900003091e-01
2.880071965891575303e+01 3.033041394025468018e-01
2.885023923582780014e+01 3.028322132051986526e-01
2.890050167422365490e+01 3.023676859361776881e-01
2.895070215097079469e+01 3.020996703816742346e-01
2.900065347826904372e+01 2.997907059107212668e-01
2.905081112941260457e+01 3.003200355796470933e-01
2.910056439627211589e+01 2.984469570632838908e-01
2.915042575030595273e+01 2.998562104415634644e-01
2.920043042605855632e+01 2.988338178241350951e-01
2.925076636279083431e+01 2.969201156903873984e-01
2.930084321682425852e+01 2.988397755662433042e-01
2.935070565647483676e+01 2.961773119179813007e-01
2.940088173014940054e+01 2.942629424960707674e-01
2.945065901268334230e+01 2.947940283999854194e-01
2.950069929838434035e+01 2.959660392180422650e-01
2.955051767266316176e+01 2.951653025550989851e-01
2.960069847837196377e+01 2.940164919890568274e-01
2.965080039456267258e+01 2.929058849589526448e-01
2.970062591625485382e+01 2.928173300483205566e-01
2.975060950619111466e+01 2.923612439729383894e-01
2.980050069104065713e+01 2.905753871465568960e-01
2.985055554323798788e+01 2.918146797077439403e-01
2.990066955052829911e+01 2.902000908000987311e-01
2.995082529205978972e+01 2.895870643724228199e-01
3.000070388283209866e+01 2.898712605876918036e-01
3.005093720211255359e+01 2.879561756329004352e-01
3.010063232593409666e+01 2.877092404225571887e-01
3.015060885573432614e+01 2.857786625592514396e-01
3.020077941803320698e+01 2.854638083354282818e-01
3.025042159237726480e+01 2.865601348093625989e-01
3.030049283039372909e+01 2.854537228918553882e-01
3.035065172418487123e+01 2.852735574343142066e-01
3.040092396144631337e+01 2.848543258146657431e-01
3.045061899439206599e+01 2.842523601877432471e-01
3.050062299842226565e+01 2.835604169216854320e-01
3.055062136019501651e+01 2.839511751766838343e-01
3.060036071826926829e+01 2.828200369357252719e-01
3.065068276140530301e+01 2.817639947097914099e-01
3.070067093794826718e+01 2.832889691751928063e-01
3.075070739398880093e+01 2.812519118243560490e-01
3.080069406674522270e+01 2.798338727512175717e-01
3.085055902468600664e+01 2.806066826452568441e-01
3.090042768187009870e+01 2.795602248022572844e-01
3.095057938439754608e+01 2.795979071568973073e-01
3.100056714637308275e+01 2.772009581156270053e-01
3.105027657948960851e+01 2.781826486295252976e-01
3.110045185950545488e+01 2.786905988066486484e-01
3.115079716584278557e+01 2.767727035694095283e-01
3.120089638300272838e+01 2.761896997539485255e-01
3.125061034946996230e+01 2.757628783908653847e-01
3.130074673395984064e+01 2.754636149674413170e-01
3.135087371096646081e+01 2.765093051526766876e-01
3.140070298512654645e+01 2.748027410133072057e-01
3.145048999559004343e+01 2.734845944890134661e-01
3.150054566235555598e+01 2.732395627276437700e-01
3.155095465298380120e+01 2.740937623405285128e-01
3.160059061739232078e+01 2.736239826328106806e-01
3.165063358798569126e+01 2.710746868062539061e-01
3.170080811001844268e+01 2.719046051407087439e-01
3.175077922846383416e+01 2.712402343750000000e-01
3.180073041957039948e+01 2.701136331799702806e-01
3.185061501289119335e+01 2.704617447819168685e-01
3.190059534907069860e+01 2.692755683587788607e-01
3.195055220581018673e+01 2.710725414608219364e-01
3.200080217994445064e+01 2.697757846282015093e-01
3.205069744610977267e+01 2.692227936136492028e-01
3.210050528371473888e+01 2.680510797829239178e-01
3.215073795427445447e+01 2.680750226786556834e-01
3.220057376437510754e+01 2.659077786360038997e-01
3.225057755887306854e+01 2.674232111762453457e-01
3.230065419623123546e+01 2.661187790164152300e-01
3.235074821529837408e+01 2.651526182503707307e-01
3.240068920145048992e+01 2.653493437226629448e-01
3.245066524920769524e+01 2.652651065773538042e-01
3.250067061912027810e+01 2.649611442984500242e-01
3.255045672500492770e+01 2.637380055122162670e-01
3.260061114312246389e+01 2.630979002647734211e-01
3.265063760042713170e+01 2.617734231986915683e-01
3.270057442976514039e+01 2.623971709617163861e-01
3.275070100505863735e+01 2.632989718566993709e-01
3.280094527007205585e+01 2.622286067412598065e-01
3.285066030973816709e+01 2.616287393696480890e-01
3.290059813941013545e+01 2.611024517020393843e-01
3.295073451895240169e+01 2.599103109672866729e-01
3.300095649687233390e+01 2.585391934106047729e-01
3.305110906618631361e+01 2.585784942118921625e-01
3.310064384792069347e+01 2.587753588234100177e-01
3.315037612876064799e+01 2.586764360672343943e-01
3.320039352890535156e+01 2.577239689517499266e-01
3.325075369626339494e+01 2.575127457233960526e-01
3.330079563727023384e+01 2.568261854863688187e-01
3.335041517110537512e+01 2.560460090181557735e-01
3.340042234386024944e+01 2.561778919241086139e-01
3.345068942173323023e+01 2.559397396675052727e-01
3.350090898686119090e+01 2.551520019952239759e-01
3.355076868455447681e+01 2.545181260820600921e-01
3.360083299996632178e+01 2.531586735899113427e-01
3.365062953487561259e+01 2.538320534650572169e-01
3.370054413012797312e+01 2.541575345599121905e-01
3.375043567752315710e+01 2.530171904454495690e-01
3.380061640845230642e+01 2.527097652509916470e-01
3.385089393014911963e+01 2.523916613765774253e-01
3.390082568859970991e+01 2.514162121381738890e-01
3.395079958664522479e+01 2.517019849565221845e-01
3.400065462941210370e+01 2.506979666743390789e-01
3.405091816079112021e+01 2.500749227583043410e-01
3.410090749058920068e+01 2.492939909762100226e-01
3.415074457596266910e+01 2.490194188113209472e-01
3.420065295071830036e+01 2.488651243794282597e-01
3.425051858506616043e+01 2.495631129317069374e-01
3.430084962655262615e+01 2.483668393273366359e-01
3.435071212962177611e+01 2.487238666959906142e-01
3.440066905842098777e+01 2.474359654619448234e-01
3.445042983328236375e+01 2.470583411402747787e-01
3.450043860660466777e+01 2.467435743035527318e-01
3.455076374242391068e+01 2.456037545599003558e-01
3.460068794302640782e+01 2.450267589415692504e-01
3.465065597891599936e+01 2.458973788788867965e-01
3.470061275611706719e+01 2.444467998187410673e-01
3.475062702078484023e+01 2.447072761687950626e-01
3.480052422475197460e+01 2.442645646962559314e-01
3.485065294727289142e+01 2.436762828072318865e-01
3.490062447937064150e+01 2.443697733216974033e-01
3.495074122486598611e+01 2.435193694882662740e-01
3.500077310510111062e+01 2.435691137023314190e-01
3.505065889052637829e+01 2.427972149433699489e-01
3.510073836994573782e+01 2.420747473057913712e-01
3.515075393740908538e+01 2.412499410064490868e-01
3.520070871574944249e+01 2.410194225006547786e-01
3.525045083160344461e+01 2.402719885635701824e-01
3.530049570869167752e+01 2.405059749007589232e-01
3.535059160776241782e+01 2.396946551077623055e-01
3.540068430971665947e+01 2.387627819045391453e-01
3.545074911362522840e+01 2.385241985164538170e-01
3.550036890253176836e+01 2.384903477853003995e-01
3.555064134077936444e+01 2.388001449882148353e-01
3.560078931342755482e+01 2.380450885862882837e-01
3.565108547588086907e+01 2.372242669791254366e-01
3.570094795766028284e+01 2.371757949741898908e-01
3.575062622600737683e+01 2.374170452479907323e-01
3.580091761654597349e+01 2.359324190366554885e-01
3.585068011788996500e+01 2.360837569613730702e-01
3.590063654732295362e+01 2.346470797686056597e-01
3.595064781968525836e+01 2.359673426449440670e-01
3.600064661787772025e+01 2.354419428918576029e-01
3.605065997098245134e+01 2.337315122204085271e-01
3.610055580292227972e+01 2.345080236689664754e-01
3.615066567295489364e+01 2.338939092482198445e-01
3.620070823995840925e+01 2.338737700597047775e-01
3.625063407140827110e+01 2.326096584210322893e-01
3.630053903480800415e+01 2.320795043913178868e-01
3.635076095548847519e+01 2.322005198429299422e-01
3.640064521820000465e+01 2.319572788946772379e-01
3.645059114817902213e+01 2.316769292533793489e-01
3.650037969898852452e+01 2.308580159481936622e-01
3.655041555911058992e+01 2.302364922495211963e-01
3.660066049185408588e+01 2.302859243594070626e-01
3.665073222235510997e+01 2.297371280434414020e-01
3.670097527299056139e+01 2.297547254738601108e-01
3.675066829186678774e+01 2.290424540415131605e-01
3.680079532898415096e+01 2.293899493754534558e-01
3.685063282247625693e+01 2.292647060123627900e-01
3.690036457791557467e+01 2.275487501905065491e-01
3.695044255330601146e+01 2.280207614020525464e-01
3.700056414896440060e+01 2.279787395420093954e-01
3.705061200566700563e+01 2.271909627678985188e-01
3.710054642744190545e+01 2.273092851622438848e-01
3.715099645420669816e+01 2.263255090400713709e-01
3.720099847428265605e+01 2.261083904614940854e-01
3.725092363794612282e+01 2.258637956314093753e-01
3.730065785688235991e+01 2.250029657250326998e-01
3.735047039871516006e+01 2.248810435925776841e-01
3.740074484956132039e+01 2.247730984960552014e-01
3.745078498921309773e+01 2.244302254499768168e-01
3.750081080030444269e+01 2.240558994065069143e-01
3.755066575910367987e+01 2.235732207566558660e-01
3.760075719290531993e+01 2.229628857346438731e-01
3.765058742029950167e+01 2.219169442088234356e-01
3.770070520800517500e+01 2.218164718817948189e-01
3.775074171766122078e+01 2.211536730472936640e-01
3.780054920228933923e+01 2.216805658476554974e-01
3.785028605357963016e+01 2.217528278745009296e-01
3.790014956604337470e+01 2.204228537985248038e-01
3.795070399093049929e+01 2.196374765591425915e-01
3.800064488374761140e+01 2.200824760687773163e-01
3.805063670460460656e+01 2.200856979576418793e-01
3.810066986978391412e+01 2.192732608526860583e-01
3.815047335562729103e+01 2.191687201653844952e-01
3.820070457166085731e+01 2.183123790815378884e-01
3.825054652004534717e+01 2.185393469796971799e-01
3.830059095506936728e+01 2.181913568378366919e-01
3.835060440364230061e+01 2.183033772302008513e-01
3.840060189880973240e+01 2.181300369898068747e-01
3.845047415235990229e+01 2.177576399988399025e-01
3.850045558810032276e+01 2.171420655138682487e-01
3.855068545891874265e+01 2.170361926169684097e-01
3.860077335274264954e+01 2.164950134929479741e-01
3.865079795446190758e+01 2.155266921791387236e-01
3.870069735860561622e+01 2.155665046081583214e-01
3.875074558129854552e+01 2.144966673015906156e-01
3.880072689471128911e+01 2.151093190802832456e-01
3.885070431159810767e+01 2.147363345110314126e-01
3.890076604177426134e+01 2.142814104169274980e-01
3.895077654249089250e+01 2.148696925432434235e-01
3.900065635008523657e+01 2.142534995441147117e-01
3.905068303866070778e+01 2.139055257612496874e-01
3.910086666979864845e+01 2.134086316829698626e-01
3.915075167994284300e+01 2.130692666390824053e-01
3.920080110904684290e+01 2.135186274135418283e-01
3.925051722509476093e+01 2.125072025352924276e-01
3.930049924941769746e+01 2.113249011698553337e-01
3.935068663145851531e+01 2.110568095302073344e-01
3.940062002802714858e+01 2.113071618569648813e-01
3.945094720807892230e+01 2.111381894294363237e-01
3.950072275578882852e+01 2.103252073865962690e-01
3.955068874417335678e+01 2.101953771210770816e-01
3.960047988298316568e+01 2.096469186906827487e-01
3.965028426911310078e+01 2.090599199454107604e-01
3.970050640123277219e+01 2.093081903862906989e-01
3.975057126679874386e+01 2.090934814588790713e-01
3.980063131454883063e+01 2.087447460290235424e-01
3.985062444376308832e+01 2.084659761754424911e-01
3.990046459422952552e+01 2.082178279595408854e-01
3.995030915473805777e+01 2.072550602784986040e-01
4.000070700697658310e+01 2.073513825983081538e-01
4.005068128997515231e+01 2.069171180933097598e-01
4.010049471442144409e+01 2.066961688202653136e-01
4.015069681665188028e+01 2.061977800322457310e-01
4.020082895179550064e+01 2.064382110731676767e-01
4.025072769209087653e+01 2.056299205794333285e-01
4.030051348483454632e+01 2.055206718553312661e-01
4.035072609931964394e+01 2.040070149677174760e-01
4.040037176569849464e+01 2.047534594740690050e-01
4.045042667732217012e+01 2.050425671368350800e-01
4.050053434909590777e+01 2.040097445549917954e-01
4.055043005389622834e+01 2.045039827581557057e-01
4.060045540580550494e+01 2.042576852420765754e-01
4.065048092584816430e+01 2.038326927539871047e-01
4.070078642837128058e+01 2.026240748124407687e-01
4.075040725570445943e+01 2.028707235321313140e-01
4.080059557345823151e+01 2.017091951857227783e-01
4.085087876590859679e+01 2.025962915542931231e-01
4.090052355963207731e+01 2.023187765722463116e-01
4.095053410493387958e+01 2.025129562677060457e-01
4.100046890014794343e+01 2.011601413640439484e-01
4.105055555589980543e+01 2.006266744218838105e-01
4.110055962388238271e+01 2.005130086810801016e-01
4.115058724083828423e+01 2.003681052105892035e-01
4.120063807828946523e+01 2.004886268889804757e-01
4.125078781157126429e+01 1.995820398788019923e-01
4.130070977352312411e+01 1.986244391330542758e-01
4.135072597204173661e+01 1.981682872759257807e-01
4.140062101981526865e+01 1.983394498256111915e-01
4.145046210781828933e+01 1.981596753803938904e-01
4.150064410670492521e+01 1.973936611011852527e-01
4.155055390754394296e+01 1.973246022672991429e-01
4.160071856321656014e+01 1.964280174787425559e-01
4.165062465436843553e+01 1.963909909957471389e-01
4.170074665647079826e+01 1.962255811455932974e-01
4.175092031344095034e+01 1.962114758649219637e-01
4.180083223468388809e+01 1.954076217422675010e-01
4.185091650497393800e+01 1.964337231533511696e-01
4.190058894312653592e+01 1.947363326508370907e-01
4.195057327773436384e+01 1.944158614097197535e-01
4.200054620451269471e+01 1.945332946152386611e-01
4.205070097649376493e+01 1.945933788943378373e-01
4.210104367677791259e+01 1.937951602283680130e-01
4.215062999266064736e+01 1.936383586608198537e-01
4.220062489273367845e+01 1.932970023119275071e-01
4.225072019983769422e+01 1.929376353821010137e-01
4.230080984542261291e+01 1.923918919751131384e-01
4.235048512465247939e+01 1.924384061033997950e-01
4.240039033711827443e+01 1.915290885611605487e-01
4.245058113897258067e+01 1.913282417845519057e-01
4.250051056501101243e+01 1.914016954546562121e-01
4.255075469310492764e+01 1.909923281195915479e-01
4.260088839389085535e+01 1.907133293394156215e-01
4.265066822100642696e+01 1.902289915527483333e-01
4.270042497031288775e+01 1.896982429189819908e-01
4.275056154529104191e+01 1.897428347495374590e-01
4.280061966166783094e+01 1.889382957115879336e-01
4.285072612642605350e+01 1.895020465876366689e-01
4.290063911686539910e+01 1.888777617866176373e-01
4.295047238065683359e+01 1.887387668016277387e-01
4.300068081100387474e+01 1.886001759518358412e-01
4.305065341004009127e+01 1.879701492505404525e-01
4.310092706765931325e+01 1.878882826762207914e-01
4.315079602200330555e+01 1.879001588151137658e-01
4.320049660447120488e+01 1.874108220568450889e-01
4.325044276895134487e+01 1.865798562181468223e-01
4.330057972539024291e+01 1.864119114069917593e-01
4.335073935269073786e+01 1.859562472284651546e-01
4.340062665975187173e+01 1.855616404067971792e-01
4.345083521863485743e+01 1.855979281695555039e-01
4.350080434733149559e+01 1.853016106532371921e-01
4.355066849370164306e+01 1.853740573249788304e-01
4.360066807944897249e+01 1.842512215636346595e-01
4.365063945197720585e+01 1.840672783776934052e-01
4.370057186563911955e+01 1.832784217648602554e-01
4.375058189073340742e+01 1.841643516654450363e-01
4.380066239129499195e+01 1.835388665703988897e-01
4.385070439948531629e+01 1.833043910246941743e-01
4.390071035686884926e+01 1.833872021261064578e-01
4.395067528124658196e+01 1.823227684664842363e-01
4.400082397187517103e+01 1.826240311592857157e-01
4.405064825126752481e+01 1.816698288142253592e-01
4.410055966609562716e+01 1.813089278239113644e-01
4.415064464392477106e+01 1.811082147347135018e-01
4.420062521994253046e+01 1.808623071711021602e-01
4.425074133285379219e+01 1.802309231198868655e-01
4.430056633737652305e+01 1.799007957922633127e-01
4.435070835691129076e+01 1.797537831865479718e-01
4.440078972329759210e+01 1.795428873905890454e-01
4.445074787044538311e+01 1.795683930662523020e-01
4.450068873751220622e+01 1.787653199732304465e-01
4.455068020915655325e+01 1.785245549758808781e-01
4.460077488805040957e+01 1.782938126891414066e-01
4.465062459263209860e+01 1.786884973088585238e-01
4.470071478766311657e+01 1.776307221510782242e-01
4.475070854589100833e+01 1.781126815802588359e-01
4.480054713876269545e+01 1.770710488287552953e-01
4.485054816752502660e+01 1.769354085451457226e-01
4.490070656619563039e+01 1.774110273001902049e-01
4.495070056087058674e+01 1.766017146822690675e-01
4.500056910314840763e+01 1.759875054930294946e-01
4.505070887203213914e+01 1.762612164124260361e-01
4.510061236772134663e+01 1.755488609498618846e-01
4.515073277013259201e+01 1.754154822346718767e-01
4.520069200387877117e+01 1.749005715037418029e-01
4.525066379076972112e+01 1.748464687353118996e-01
4.530070851487537453e+01 1.744409818054965811e-01
4.535066554677655404e+01 1.745804107782021886e-01
4.540070412847448011e+01 1.739238636207810773e-01
4.545055029283572168e+01 1.737211938241704778e-01
4.550056965286096755e+01 1.732964741670481867e-01
4.555054912766672004e+01 1.736937539290902277e-01
4.560058025539878912e+01 1.734320572957018247e-01
4.565062272089560480e+01 1.728323649511713522e-01
4.570060765623707510e+01 1.725723210654274975e-01
4.575072027820378651e+01 1.716695671981006976e-01
4.580063544467018488e+01 1.717756603270731153e-01
4.585061524648342157e+01 1.713970954073058550e-01
4.590038557800846775e+01 1.709107935391989130e-01
4.595044581013677742e+01 1.714045256633351111e-01
4.600053540272723041e+01 1.703190473169614305e-01
4.605059275114101780e+01 1.708976464619141600e-01
4.610084778734601940e+01 1.702820824081257844e-01
4.615078372778435067e+01 1.696923789906548685e-01
4.620079763110578597e+01 1.697951565195546519e-01
4.625069257879680862e+01 1.694983596659360714e-01
4.630076930310873706e+01 1.691560366293597961e-01
4.635061760445957191e+01 1.688285627498773978e-01
4.640048883980021799e+01 1.687873372264733496e-01
4.645059142980773004e+01 1.677575782072079913e-01
4.650073860852782559e+01 1.677869809947278856e-01
4.655062247296019962e+01 1.675357518626882369e-01
4.660054129780100141e+01 1.675028234533648963e-01
4.665067910891992398e+01 1.669589007342303089e-01
4.670057831041176399e+01 1.670321878451633546e-01
4.675073081291679244e+01 1.666260828927736692e-01
4.680064903311568969e+01 1.662150554459450036e-01
4.685054893440595691e+01 1.664724626984401268e-01
4.690047720868597025e+01 1.659313336913944559e-01
4.695055373767551288e+01 1.657906406696433577e-01
4.700068443481134040e+01 1.655249691188284411e-01
4.705054892794714760e+01 1.650433200594793037e-01
4.710090191639649504e+01 1.648417538227017476e-01
4.715086923685525022e+01 1.646229589659589099e-01
4.720079403182356970e+01 1.643256397981986416e-01
4.725071271028107134e+01 1.638762986667612054e-01
4.730064744448333869e+01 1.638432467764135703e-01
4.735056319112582912e+01 1.635153968274281333e-01
4.740048645981774200e+01 1.633286139235391177e-01
4.745072982557754671e+01 1.631994007954322146e-01
4.750080386038112579e+01 1.629221994163559950e-01
4.755087940005583391e+01 1.625574398563997269e-01
4.760072805312179867e+01 1.616981138133966045e-01
4.765067020928979247e+01 1.614341496123238850e-01
4.770065166037148430e+01 1.615479328281728133e-01
4.775059472584882059e+01 1.609772941919924982e-01
4.780054320846981142e+01 1.606515138519226948e-01
4.785051871527539191e+01 1.607306568711474315e-01
4.790068485360295369e+01 1.603800527013493626e-01
4.795068468835729902e+01 1.602196441575671204e-01
4.800081266340075814e+01 1.600574922961044699e-01
4.805067758293061075e+01 1.595469223064899245e-01
4.810057955891159054e+01 1.594768514298989248e-01
4.815065247583424224e+01 1.588519440131791194e-01
4.820058876752798938e+01 1.588669568503541518e-01
4.825062758151098308e+01 1.588623960886999253e-01
4.830050891861813511e+01 1.590123882008246115e-01
4.835059949104871180e+01 1.581394745648133648e-01
4.840061817680124534e+01 1.581003012472278479e-01
4.845059197059676848e+01 1.574462759154550140e-01
4.850071348765496282e+01 1.572942352125383803e-01
4.855070861047948938e+01 1.567893408451647430e-01
4.860079885823664370e+01 1.568384728325955546e-01
4.865073159027676297e+01 1.569377723404340730e-01
4.870062505589664426e+01 1.558239084042456479e-01
4.875064142241748044e+01 1.558476161836126750e-01
4.880070725855863856e+01 1.556937142707936761e-01
4.885077510260894940e+01 1.554128443104243751e-01
4.890071465607211110e+01 1.550295235464262678e-01
4.895074531240822324e+01 1.546421521273468047e-01
4.900073502381767554e+01 1.546883324376882307e-01
4.905077811013303801e+01 1.540341149382077890e-01
4.910070723550170868e+01 1.543388843310137537e-01
4.915070259051960733e+01 1.537913875578590384e-01
4.920063847882943975e+01 1.537941024799740763e-01
4.925059680352623559e+01 1.533961195597400573e-01
4.930058817457437215e+01 1.528278563507960153e-01
4.935066150186425205e+01 1.526279517622112225e-01
4.940082702243974921e+01 1.522103073333865852e-01
4.945071213629248774e+01 1.521351061835906626e-01
4.950066337522281401e+01 1.519403688558998988e-01
4.955070025329212768e+01 1.520911403253328298e-01
4.960068424121411823e+01 1.515611847983735216e-01
4.965064114312914256e+01 1.511286209471397468e-01
4.970072747776619337e+01 1.514211384744602873e-01
4.975072021790703047e+01 1.505934490756785649e-01
4.980057431660738132e+01 1.503039547686945421e-01
4.985075637656007075e+01 1.502824935809022600e-01
4.990071580811433449e+01 1.500217956544671327e-01
4.995063927006449234e+01 1.496085664864474085e-01
5.000060084925996762e+01 1.495452947838271096e-01
5.005045873064565853e+01 1.488927904070384278e-01
5.010048364727365566e+01 1.488745987136254889e-01
5.015058301511334093e+01 1.487995512511335605e-01
5.020059771037254848e+01 1.487946436955378537e-01
5.025046478966564933e+01 1.484142241140694596e-01
5.030058377984222062e+01 1.484188573200164174e-01
5.035069760041683651e+01 1.480486037745509242e-01
5.040084924235802077e+01 1.475080798631991374e-01
5.045068624624399689e+01 1.473942684468814990e-01
5.050060330114866503e+01 1.471992652714332606e-01
5.055056632414860474e+01 1.467453649720149300e-01
5.060048892831081702e+01 1.471850913892241430e-01
5.065076270012374238e+01 1.463693909251430614e-01
5.070074418145034656e+01 1.463078904563628324e-01
5.075072033235919378e+01 1.465192444025478491e-01
5.080056856830650247e+01 1.455804751910776684e-01
5.085063996342848469e+01 1.458953943779618956e-01
5.090079576010987950e+01 1.456435348747619762e-01
5.095067199178613038e+01 1.451995939312793193e-01
5.100077085900777263e+01 1.453259827602970400e-01
5.105066948456282461e+01 1.447491658794748948e-01
5.110067782431391947e+01 1.446889503356599271e-01
5.115071056813979311e+01 1.446907990021318313e-01
5.120086418384877192e+01 1.439565460683914222e-01
5.125089251453216832e+01 1.441104287606772560e-01
5.130069535899511379e+01 1.432586249298621883e-01
5.135077314432863460e+01 1.440575277605807558e-01
5.140079527368695267e+01 1.433204777116806328e-01
5.145076795720253671e+01 1.430594074343520261e-01
5.150067190460001854e+01 1.423224734441577155e-01
5.155055705950405098e+01 1.425525641948238997e-01
5.160060338144170089e+01 1.426119535690057727e-01
5.165077786608629395e+01 1.416905602499180794e-01
5.170079892531500576e+01 1.417727702250716482e-01
5.175076409355646234e+01 1.415325603211630701e-01
5.180081050879348936e+01 1.411136587846757440e-01
5.185063236522091756e+01 1.410796772307514879e-01
5.190063627192509443e+01 1.409740316012604577e-01
5.195045194769984676e+01 1.405395908869567501e-01
5.200055348012200085e+01 1.405193022731241748e-01
5.205073650353721604e+01 1.404629935964765985e-01
5.210082264320564605e+01 1.399627554262807827e-01
5.215074029641194642e+01 1.397651355437535547e-01
5.220060961371469688e+01 1.398734657142659821e-01
5.225071803781900570e+01 1.393282582086759758e-01
5.230056258642265021e+01 1.391005435002345136e-01
5.235053885698353326e+01 1.384508778840483623e-01
5.240052133702501891e+01 1.389214040914135972e-01
5.245061225630747259e+01 1.385452731072109867e-01
5.250071488624668348e+01 1.380315810253092690e-01
5.255058134901026534e+01 1.376289799444143924e-01
5.260070941839639147e+01 1.372752172785941527e-01
5.265077959906204796e+01 1.372890065811253613e-01
5.270071039049599904e+01 1.372164007037804667e-01
5.275067087002464206e+01 1.371340276639251010e-01
5.280057513073043651e+01 1.367597053894418491e-01
5.285048295724897827e+01 1.366156772244805639e-01
5.290064806091204730e+01 1.363878387619988086e-01
5.295076237312280654e+01 1.362760754217130499e-01
5.300071428026349452e+01 1.357685280919423976e-01
5.305094238809233786e+01 1.356714457718149469e-01
5.310087107769089698e+01 1.355849192556517757e-01
5.315076924934483316e+01 1.354702114747688146e-01
5.320050195368721546e+01 1.351116750952314760e-01
5.325049837735429747e+01 1.342818004847817770e-01
5.330065167941499737e+01 1.344139621723195455e-01
5.335069576743354247e+01 1.344971990850339638e-01
5.340090396500927739e+01 1.342869950286808833e-01
5.345084246007032647e+01 1.338628290317161462e-01
5.350083523446005529e+01 1.333659877912171388e-01
5.355075183860127197e+01 1.335068704494210834e-01
5.360082432592102464e+01 1.333383013607111756e-01
5.365091818824257075e+01 1.329476549850791001e-01
5.370059238608737218e+01 1.328394400694938582e-01
5.375066957950130586e+01 1.326381865185585762e-01
5.380067487411135829e+01 1.322024179507589881e-01
5.385058139128504706e+01 1.319828409831262928e-01
5.390070192466438925e+01 1.321343022600059147e-01
5.395078131761895435e+01 1.314948452486640051e-01
5.400058870545096568e+01 1.319582240184644373e-01
5.405068033207550116e+01 1.307479824000111757e-01
5.410072161653349809e+01 1.311144647623930237e-01
5.415067609690787265e+01 1.309093890923174186e-01
5.420060581925445575e+01 1.307479567281781552e-01
5.425053353070867246e+01 1.301417613904348458e-01
5.430068570154838170e+01 1.300653478394263318e-01
5.435066411431858313e+01 1.300012591535921191e-01
5.440080914129376310e+01 1.292936184143383127e-01
5.445080163590567679e+01 1.290625353790713914e-01
5.450081660501099634e+01 1.294369552251771194e-01
5.455078215982349121e+01 1.287830371545226893e-01
5.460050313376459741e+01 1.287304009503852376e-01
5.465064987509153127e+01 1.287705213354267686e-01
5.470081260773268639e+01 1.281273745355009375e-01
5.475070460284505458e+01 1.280977446129745179e-01
5.480047950030435544e+01 1.276709656282624117e-01
5.485062926285060314e+01 1.272996040797705897e-01
5.490064179093323560e+01 1.275149266414614124e-01
5.495054313845735550e+01 1.267597142628125173e-01
5.500079655004624613e+01 1.272916157976676232e-01
5.505072119771764960e+01 1.267301822733137850e-01
5.510064043814401913e+01 1.267423746928517114e-01
5.515067446589753075e+01 1.260590869930308111e-01
5.520076119843602669e+01 1.259968053510595043e-01
5.525078088792644593e+01 1.258143354979501249e-01
5.530081900620841395e+01 1.258437817333379893e-01
5.535082610383302892e+01 1.252416173169640101e-01
5.540073174404310663e+01 1.253844103737013493e-01
5.545062967977569457e+01 1.250327763425189975e-01
5.550057000431460352e+01 1.250409221459019005e-01
5.555071841742697103e+01 1.244718444045426753e-01
5.560062756007631890e+01 1.244698595369719968e-01
5.565055936735502939e+01 1.241101089219228543e-01
5.570060012874240130e+01 1.237516281073555435e-01
5.575053199084554478e+01 1.236153861167736956e-01
5.580071707753494792e+01 1.236778792732128734e-01
5.585068299905342570e+01 1.232504740031868939e-01
5.590076095627701847e+01 1.233029637723299515e-01
5.595061593594395077e+01 1.228450605308774729e-01
5.600059719570929673e+01 1.226151308363533504e-01
5.605071976431674585e+01 1.221384134297225504e-01
5.610071043481956110e+01 1.220767397224490763e-01
5.615079356577659553e+01 1.220812454064143515e-01
5.620061827311953806e+01 1.218035594099051294e-01
5.625076579374169228e+01 1.213736612308503049e-01
5.630076324283498934e+01 1.208770602097056085e-01
5.635054101137028226e+01 1.209398999124190049e-01
5.640050948138840425e+01 1.206487269753971775e-01
5.645054455800144666e+01 1.209374013068570813e-01
5.650073481325052427e+01 1.205413409410570763e-01
5.655073477457435871e+01 1.203250751296053578e-01
5.660073824559485445e+01 1.198566405265003437e-01
5.665074086704029810e+01 1.198920399985226731e-01
5.670079376222318501e+01 1.195893989893493936e-01
5.675065281761889935e+01 1.191420189670707036e-01
5.680050522544234326e+01 1.191339414088374432e-01
5.685029008354570834e+01 1.191623837696104415e-01
5.690039644117692319e+01 1.185180895287201858e-01
5.695066971981956527e+01 1.187540173142449806e-01
5.700060778658993144e+01 1.185470787519571773e-01
5.705072362469287839e+01 1.180892634081110726e-01
5.710062844583793407e+01 1.180300437094360944e-01
5.715063642460044946e+01 1.177053448958695625e-01
5.720052563749149499e+01 1.174863460016641603e-01
5.725057250158966582e+01 1.175084698701941849e-01
5.730070061666543069e+01 1.172670434210653645e-01
5.735059468705980379e+01 1.169992688434504380e-01
5.740068046681047065e+01 1.168275520803243039e-01
5.745062246045310417e+01 1.165940934930807527e-01
5.750071044277198240e+01 1.166318183411749893e-01
5.755079038725750706e+01 1.161410507141726889e-01
5.760081478585422587e+01 1.158120298613723315e-01
5.765084819486575185e+01 1.159324945276914431e-01
5.770069974390386847e+01 1.153340772974073697e-01
5.775064567173122754e+01 1.153152201223043710e-01
5.780071185781467591e+01 1.152169484641113184e-01
5.785070888559319968e+01 1.150203320848160737e-01
5.790063092839579895e+01 1.149685447060478510e-01
5.795076274408464201e+01 1.145492363923511364e-01
5.800068408155547672e+01 1.144956512018650840e-01
5.805066207662181199e+01 1.140976988844638745e-01
5.810058441680767771e+01 1.140613522955961912e-01
5.815050057807743400e+01 1.140425709877755100e-01
5.820058481270466899e+01 1.135772424914777423e-01
5.825054799922251192e+01 1.134282819271321963e-01
5.830062176282278585e+01 1.133126349421925139e-01
5.835064111592163982e+01 1.129643796740216893e-01
5.840075419903320153e+01 1.130584027153235804e-01
5.845083088551552919e+01 1.123894410583183290e-01
5.850080154356264472e+01 1.122547264835649095e-01
5.855080032980847449e+01 1.120867149871951768e-01
5.860057089650905482e+01 1.119437311317281608e-01
5.865057581360016314e+01 1.114612301577097009e-01
5.870061249080675481e+01 1.116805036852733524e-01
5.875063584132967520e+01 1.114398946171362703e-01
5.880052804622530971e+01 1.111222132984872601e-01
5.885049062313584045e+01 1.109037840734637126e-01
5.890068540929838292e+01 1.104204880721141313e-01
5.895074667686701986e+01 1.103941564854797608e-01
5.900079285975216692e+01 1.104094752271272406e-01
5.905072163601161606e+01 1.098236562454945470e-01
5.910053840968517136e+01 1.098179744043620565e-01
5.915055836907099263e+01 1.099458564117974102e-01
5.920078583096847069e+01 1.092691192604796219e-01
5.925078445624479428e+01 1.092994185718795114e-01
5.930073572141976967e+01 1.092121421635238454e-01
5.935077471148129291e+01 1.089594267594174021e-01
5.940084008989509812e+01 1.087694089731623404e-01
5.945076794887749827e+01 1.084844536602445203e-01
5.950063683779239909e+01 1.084025327553909401e-01
5.955077877209936332e+01 1.079871213166908733e-01
5.960060236443837312e+01 1.077741556394284511e-01
5.965054645934751676e+01 1.075663942078887853e-01
5.970063068222594893e+01 1.075305151284898786e-01
5.975062169048680261e+01 1.072290873382339416e-01
5.980081898179457056e+01 1.071759903995603558e-01
5.985070991520160533e+01 1.067770684206989645e-01
5.990063533403414198e+01 1.066023753464618584e-01
5.995058497985625223e+01 1.064016282576361050e-01
6.000058384167378733e+01 1.062159197269897382e-01
6.005053987652184588e+01 1.058072003817532303e-01
6.010045421237759911e+01 1.058345436991657146e-01
6.015064859381300977e+01 1.055766409038489534e-01
6.020071100610303461e+01 1.054584743961681503e-01
6.025064422090846250e+01 1.053977752228126841e-01
6.030080715923693901e+01 1.051866934410243676e-01
6.035080229029196630e+01 1.047231757337422214e-01
6.040061132077143924e+01 1.048970524053462056e-01
6.045063089445540783e+01 1.044608558100150741e-01
6.050051327979302584e+01 1.045085376242853442e-01
6.055046586021543931e+01 1.040956083392127335e-01
6.060066561403655072e+01 1.040483076332801848e-01
6.065060531728364168e+01 1.040161865222602594e-01
6.070058213762547439e+01 1.037288598852258714e-01
6.075049250711255411e+01 1.035183011719310597e-01
6.080072220556943563e+01 1.032256249776884738e-01
6.085080501817724041e+01 1.029693725046449126e-01
6.090072241368302031e+01 1.029961471158172409e-01
6.095072344314405655e+01 1.027098155327397511e-01
6.100064471556180479e+01 1.026064205318868022e-01
6.105074558218583292e+01 1.024505104745485340e-01
6.110075563535039578e+01 1.020872092398450448e-01
6.115084051183571034e+01 1.019846266116661709e-01
6.120073852296442141e+01 1.018250806143344150e-01
6.125069677240534105e+01 1.015838135524719937e-01
6.130078678126051983e+01 1.012474091578901142e-01
6.135074668185310287e+01 1.011919613694306913e-01
6.140074771504353635e+01 1.010958892823088234e-01
6.145066576833651339e+01 1.009174024155811283e-01
6.150056726797252082e+01 1.005989050859009554e-01
6.155052199605525942e+01 1.003730172017452404e-01
6.160067465714389101e+01 1.002454916571769161e-01
6.165067242892764909e+01 9.998376693993120401e-02
6.170067030649844497e+01 9.990238501901675672e-02
6.175066561361092710e+01 9.952242355420529152e-02
6.180067991116586512e+01 9.914718531150898406e-02
6.185058426725945679e+01 9.911989594923172053e-02
6.190038579212198044e+01 9.916271983091667908e-02
6.195062912658430321e+01 9.911382586477020251e-02
6.200054455848771084e+01 9.907292290283370439e-02
6.205045608676216062e+01 9.878405045281166141e-02
6.210065680711953462e+01 9.842623126962161961e-02
6.215064819109176142e+01 9.816326346451911822e-02
6.220063023545002778e+01 9.835150403389399110e-02
6.225056036774524415e+01 9.809471808651328006e-02
6.230057029581633543e+01 9.762212445582149623e-02
6.235056477868997149e+01 9.761909168888802113e-02
6.240070311510407208e+01 9.725078557512180366e-02
6.245087981397324484e+01 9.697734775938747498e-02
6.250075171045033784e+01 9.699992937818859018e-02
6.255079729562886115e+01 9.667667970126075927e-02
6.260063960014294082e+01 9.652608409105259413e-02
6.265063784798040558e+01 9.628733714004333866e-02
6.270068305958778154e+01 9.603529724974907422e-02
6.275066561381144226e+01 9.594564372131331176e-02
6.280070487697192050e+01 9.590102783151431554e-02
6.285071948848923284e+01 9.549641109042880660e-02
6.290083993008494190e+01 9.538053917276602400e-02
6.295081676641085977e+01 9.492523232298914759e-02
6.300068683398932734e+01 9.488187340216908128e-02
6.305066180073792736e+01 9.472713490995941787e-02
6.310071566505131813e+01 9.468166543747003061e-02
6.315063473160932972e+01 9.448670765534893101e-02
6.320071410390065125e+01 9.427041701942497076e-02
6.325070212739828435e+01 9.385657522597581903e-02
6.330067373965293598e+01 9.383987638317480007e-02
6.335086637769684614e+01 9.375928453803968055e-02
6.340075853883547552e+01 9.337490940316379995e-02
6.345085909834993743e+01 9.308629258087315617e-02
6.350074052305416927e+01 9.289605270406396664e-02
6.355074211049213773e+01 9.302276858819401306e-02
6.360070004991064252e+01 9.268869900125079053e-02
6.365046078357857340e+01 9.281143689552406872e-02
6.370059063423332191e+01 9.239235867122094770e-02
6.375058423596151158e+01 9.248819701236542234e-02
6.380070654720426404e+01 9.220984027908818437e-02
6.385073591118687375e+01 9.177810098575306386e-02
6.390071077096509811e+01 9.179896403289128370e-02
6.395066974511460245e+01 9.140728774629178210e-02
6.400073832788034167e+01 9.126236566466711109e-02
6.405072727132748867e+01 9.118314161720654509e-02
6.410042485383993949e+01 9.093757625635727482e-02
6.415040342529097472e+01 9.077374042007209376e-02
6.420058933624704878e+01 9.054484683851864169e-02
6.425075689310219218e+01 9.056056805289046385e-02
6.430074059785791007e+01 9.029917958923860954e-02
6.435073239392266942e+01 8.994518086860849027e-02
6.440068334788421112e+01 8.994282414385855462e-02
6.445081674355536450e+01 8.973132575487943741e-02
6.450077001850063141e+01 8.969035800171727690e-02
6.455062786306609723e+01 8.940225716796319777e-02
6.460074774320564472e+01 8.923012315959920338e-02
6.465057417145177965e+01 8.890332537026381099e-02
6.470063659512929632e+01 8.878190270522880179e-02
6.475068947408398401e+01 8.876245302831842210e-02
6.480066604957306708e+01 8.852418530966515986e-02
6.485070380543818658e+01 8.851603676733200976e-02
6.490082017193319075e+01 8.816551769403832561e-02
6.495091978387250720e+01 8.792281165239959617e-02
6.500079650806792131e+01 8.784476967199998654e-02
6.505077306231818568e+01 8.780187283859089420e-02
6.510072438062935873e+01 8.766547534814009279e-02
6.515060376587864255e+01 8.720280552922025918e-02
6.520062617090036383e+01 8.725112384017616463e-02
6.525067363761262129e+01 8.692710183704886739e-02
6.530069142186557940e+01 8.690399681908238250e-02
6.535065255382559712e+01 8.681928283301648674e-02
6.540072432906758593e+01 8.655224002477603096e-02
6.545072134725472779e+01 8.626874140887751119e-02
6.550067517520525939e+01 8.655158138897876829e-02
6.555061567814142620e+01 8.611293304034042806e-02
6.560071804978089460e+01 8.585401031439937602e-02
6.565074992402898602e+01 8.573650846080739518e-02
6.570073563602359457e+01 8.555953176595773590e-02
6.575081836235639798e+01 8.515383729509867772e-02
6.580067310797147684e+01 8.517964573419692376e-02
6.585061954733382095e+01 8.503766492468378679e-02
6.590052302224263769e+01 8.517490599935591267e-02
6.595052826667320289e+01 8.474589083536610001e-02
6.600053918408119102e+01 8.462008692950533095e-02
6.605046954238856927e+01 8.442133044293967381e-02
6.610057363466796687e+01 8.425793434481086697e-02
6.615059008408327657e+01 8.428090403445176459e-02
6.620061791133673523e+01 8.385262520507649753e-02
6.625064855268836084e+01 8.383924757564864549e-02
6.630072856218191646e+01 8.357126529216471478e-02
6.635065875684698256e+01 8.358889720155289471e-02
6.640064264940966154e+01 8.330309538972054118e-02
6.645073824784918770e+01 8.308117060814199095e-02
6.650067115149393260e+01 8.298212746536180739e-02
6.655065369910670370e+01 8.267461468356401832e-02
6.660067342842303617e+01 8.260022515249117181e-02
6.665061323825229067e+01 8.235563980601334766e-02
6.670060323996554530e+01 8.219259817877801189e-02
6.675068430972328315e+01 8.216824999004282426e-02
6.680058418726099490e+01 8.207078312188946512e-02
6.685071694749524340e+01 8.205860670640950649e-02
6.690068793049118767e+01 8.196348013003326716e-02
6.695061923607941878e+01 8.139144211002051488e-02
6.700068639194881825e+01 8.126627336404247670e-02
6.705067682126600914e+01 8.132425048069372164e-02
6.710077604805209717e+01 8.107038723529502722e-02
6.715060699182339476e+01 8.076372268073152283e-02
6.720066061294389215e+01 8.083514639521918732e-02
6.725075986721213894e+01 8.066199393016966479e-02
6.730052522264658421e+01 8.040666406661180210e-02
6.735062924116799365e+01 8.032591260889289375e-02
6.740060732150529077e+01 8.016926648472072481e-02
6.745053620466653399e+01 8.003739766958607726e-02
6.750066425390348002e+01 7.974885906466472330e-02
6.755082937688051459e+01 7.983026781775658109e-02
6.760072503679658951e+01 7.952984302765885027e-02
6.765062988820275791e+01 7.935622597544846057e-02
6.770069412468146197e+01 7.923796167682345404e-02
6.775062100887190297e+01 7.898837757725034325e-02
6.780056248816653408e+01 7.891685420174888999e-02
6.785055195196578381e+01 7.883154554616567111e-02
6.790059441818515040e+01 7.867719193312701365e-02
6.795044836699864277e+01 7.838776950497573781e-02
6.800048085798178477e+01 7.821740020692900808e-02
6.805067835923897235e+01 7.817589430944149598e-02
6.810072656466435603e+01 7.786546540196963295e-02
6.815070145771700538e+01 7.793463988064475156e-02
6.820064337944950239e+01 7.765026580821339508e-02
6.825063037684658696e+01 7.747816753441455484e-02
6.830061409162452435e+01 7.723928064580533326e-02
6.835082789549002769e+01 7.709251119890687953e-02
6.840074162891980336e+01 7.709764665832349873e-02
6.845061665390170447e+01 7.676978479709160863e-02
6.850060607525895762e+01 7.678305422550533998e-02
6.855041616181789266e+01 7.652819991294468327e-02
6.860055351875693930e+01 7.637486579397738395e-02
6.865067407391181575e+01 7.620562554000864797e-02
6.870082429657925616e+01 7.601855678925348303e-02
6.875066073594551597e+01 7.576580104573395202e-02
6.880065260215600631e+01 7.571049223590771426e-02
6.885081659029681589e+01 7.573183931149457537e-02
6.890064504945875967e+01 7.533229341442952698e-02
6.895067122144425298e+01 7.520168459123752203e-02
6.900074781618619113e+01 7.519341369354909377e-02
6.905078903998277440e+01 7.496253335145589003e-02
6.910062926068043510e+01 7.488886626394734847e-02
6.915076312115429857e+01 7.473309040050948870e-02
6.920087728366590341e+01 7.453747963995713266e-02
6.925064015234329418e+01 7.436390155372081534e-02
6.930071161473770758e+01 7.425325749071047532e-02
6.935069662042847938e+01 7.400806612954217989e-02
6.940067336527617670e+01 7.402485565307923010e-02
6.945052358078594068e+01 7.399855345878807167e-02
6.950069882003045052e+01 7.371942285899303615e-02
6.955065043974518346e+01 7.351182671680178693e-02
6.960063238637687277e+01 7.338758622326697900e-02
6.965076356245934619e+01 7.343813419594297232e-02
6.970066267261935877e+01 7.308925288916845453e-02
6.975077150840287743e+01 7.309307423862385078e-02
6.980064065908266002e+01 7.279922203846997397e-02
6.985059517066410706e+01 7.246642124325743117e-02
6.990058917780882553e+01 7.256591588644646651e-02
6.995052199767907553e+01 7.221606426219552566e-02
7.000053278111315080e+01 7.215747739866835986e-02
7.005054756946375960e+01 7.204000236469154661e-02
7.010071906655107910e+01 7.179354067866008937e-02
7.015073724783538012e+01 7.161458333333334259e-02
7.020076257112617668e+01 7.159530263379203230e-02
7.025071380996972437e+01 7.138328134146075532e-02
7.030079663510109356e+01 7.120948521833726785e-02
7.035073212561979972e+01 7.107217497339539392e-02
7.040052429241477228e+01 7.088603055112227547e-02
7.045058297496383659e+01 7.083441502249912536e-02
7.050059401138639714e+01 7.057754505150830304e-02
7.055066771787184621e+01 7.041789171927745339e-02
7.060067847038419586e+01 7.025315043864495401e-02
7.065080545095293019e+01 7.017042491114562630e-02
7.070079978376851670e+01 6.995414232205812710e-02
7.075070557410046490e+01 6.979309487310966786e-02
7.080069760468173001e+01 6.980985414878504436e-02
7.085076568503940564e+01 6.972576491615259386e-02
7.090068528896773614e+01 6.933688452753981879e-02
7.095067439269951137e+01 6.934419033331333526e-02
7.100072450262976531e+01 6.914269282977589248e-02
7.105057251719182432e+01 6.912105276101783435e-02
7.110068585668089725e+01 6.893446390555448000e-02
7.115074285288213218e+01 6.873117063118946990e-02
7.120076272882748469e+01 6.863920852818283791e-02
7.125077295257317189e+01 6.843839342352872612e-02
7.130061307931975989e+01 6.833497281853032068e-02
7.135057697783859965e+01 6.820652902230932291e-02
7.140051818309896703e+01 6.806860884121682109e-02
7.145058945612221635e+01 6.795960917984368577e-02
7.150064250041292269e+01 6.782554255390631226e-02
7.155074281030603345e+01 6.759200304941874460e-02
7.160077175329789156e+01 6.756949831771505433e-02
7.165072107790369671e+01 6.718215065240112915e-02
7.170061197859612889e+01 6.712403466169188093e-02
7.175068484188005868e+01 6.701140808562919271e-02
7.180069797357522532e+01 6.675724767174315288e-02
7.185052908346605705e+01 6.672942950872189083e-02
7.190049244058428712e+01 6.659495987320665500e-02
7.195053709001591358e+01 6.629589863944336525e-02
7.200073012147062457e+01 6.646592140736287679e-02
7.205075630080007443e+01 6.617715339194388258e-02
7.210071330313708415e+01 6.617811501900563997e-02
7.215064984114650315e+01 6.603480453704144160e-02
7.220059128500021473e+01 6.573299018490924572e-02
7.225074277424388924e+01 6.575352811888209026e-02
7.230070284600866160e+01 6.545628704637582174e-02
7.235076160584758043e+01 6.543893845645307183e-02
7.240070180179232295e+01 6.528229908059715592e-02
7.245056331583070630e+01 6.519423527065269786e-02
7.250071177019162860e+01 6.507945907869241986e-02
7.255074361448450304e+01 6.484175754078398690e-02
7.260075840165679040e+01 6.465007795392006817e-02
7.265067087776864696e+01 6.453670715738073216e-02
7.270069141245362232e+01 6.433742876623051166e-02
7.275062612949844265e+01 6.432206739518207816e-02
7.280060566645578035e+01 6.415911945345743883e-02
7.285083494007679406e+01 6.408392435910700846e-02
7.290074926781362308e+01 6.398773105010130413e-02
7.295071018587948686e+01 6.378243346352688303e-02
7.300075757484900407e+01 6.367171291358879326e-02
7.305066473261940985e+01 6.366050451780504160e-02
7.310065101246341612e+01 6.353101013086515092e-02
7.315065952968613772e+01 6.321073681735635275e-02
7.320053081975895282e+01 6.304033401235138723e-02
7.325048511196247603e+01 6.303183601435358163e-02
7.330055218649900439e+01 6.291137005961029705e-02
7.335057734944857089e+01 6.278768401087328477e-02
7.340073750616149084e+01 6.249300908151858569e-02
7.345066119334092036e+01 6.246474682208359025e-02
7.350069271235936696e+01 6.242759644813026393e-02
7.355065125487764988e+01 6.205138920308123085e-02
7.360067355715841586e+01 6.197996550756218470e-02
7.365065198231539512e+01 6.184676538258424006e-02
7.370058815992244661e+01 6.168510021802964954e-02
7.375074490261759763e+01 6.171207583591954704e-02
7.380071985283433378e+01 6.149674697966160675e-02
7.385058263397081646e+01 6.138933410789776390e-02
7.390056078789331195e+01 6.129630567965546617e-02
7.395068617524700016e+01 6.115607355455428967e-02
7.400068845601435896e+01 6.102576886431935327e-02
7.405069234902053665e+01 6.079390478365119532e-02
7.410075148925902511e+01 6.068108275600342383e-02
7.415065451124954166e+01 6.067112885241527503e-02
7.420056880557223167e+01 6.030090778568306109e-02
7.425046977775809864e+01 6.043026426884262614e-02
7.430067703812518687e+01 6.037655378088571667e-02
7.435078812041055585e+01 6.016440639108352334e-02
7.440072909355558295e+01 5.994377450653336215e-02
7.445069986529563266e+01 5.997589866647879547e-02
7.450061340117312625e+01 5.982399145504720128e-02
7.455057097008574374e+01 5.960593379495978533e-02
7.460055163076238216e+01 5.949004964260393158e-02
7.465072268894796537e+01 5.937967534674240544e-02
7.470068041522551994e+01 5.921950931348832908e-02
7.475074307693199671e+01 5.912573186610933090e-02
7.480074283832119875e+01 5.900448326793944487e-02
7.485075224222836709e+01 5.887138043469720278e-02
7.490079641521823817e+01 5.884708125631307046e-02
7.495062089049905296e+01 5.856499333910170774e-02
7.500065700575025573e+01 5.854373759899723917e-02
7.505060954964648090e+01 5.829291826944612426e-02
7.510068713387616413e+01 5.833818937976441993e-02
7.515072625551053420e+01 5.806140915705897132e-02
7.520069140860303492e+01 5.799202905643376094e-02
7.525086333528427929e+01 5.780393726945691479e-02
7.530082937888276717e+01 5.771393124589830476e-02
7.535074694540101348e+01 5.759083085037287886e-02
7.540074504067418104e+01 5.742500672403398621e-02
7.545074662538237931e+01 5.739741584190288098e-02
7.550056337259302097e+01 5.725464348333899472e-02
7.555052049369368206e+01 5.710960356208235472e-02
7.560065310698057317e+01 5.700224009442082795e-02
7.565075416816121390e+01 5.697117748126923759e-02
7.570071701664222985e+01 5.682444030685274844e-02
7.575061222851250875e+01 5.661891443172417659e-02
7.580065553187749572e+01 5.652669377694614222e-02
7.585058469350046551e+01 5.635846757150172331e-02
7.590066946690396321e+01 5.632447178752317263e-02
7.595068836056216810e+01 5.624963513049451025e-02
7.600060267883431209e+01 5.602789322451734444e-02
7.605067801604742783e+01 5.604950756213456647e-02
7.610063384076626392e+01 5.579161163944525853e-02
7.615078978067847970e+01 5.573610818670187567e-02
7.620064171822374988e+01 5.551203580634656715e-02
7.625054711672333951e+01 5.545337006893245185e-02
7.630061089920927486e+01 5.531021766373249438e-02
7.635063093560049197e+01 5.523534684296643044e-02
7.640070055742589261e+01 5.528817521618274722e-02
7.645076656619778532e+01 5.509555031938742631e-02
7.650077950005926652e+01 5.503646155484297892e-02
7.655064655604263635e+01 5.476484106049873263e-02
7.660067666767272954e+01 5.474584590268301298e-02
7.665071231411040742e+01 5.459333638435381192e-02
7.670071940767236640e+01 5.435138471087231499e-02
7.675062818207145199e+01 5.428996989140207063e-02
7.680054458200679335e+01 5.416693710195930739e-02
7.685066700412623675e+01 5.399561283794018784e-02
7.690075471397413764e+01 5.404363903963019244e-02
7.695071244317165338e+01 5.395244717004910734e-02
7.700064457769639148e+01 5.370912074031523875e-02
7.705070218816516103e+01 5.361830694481763138e-02
7.710061276796189134e+01 5.347379426773586630e-02
7.715066621205893682e+01 5.343253510019482094e-02
7.720073160652232502e+01 5.334099532258917975e-02
7.725066506753948659e+01 5.317484590488855828e-02
7.730053675289693160e+01 5.308738478398272037e-02
7.735056956870909062e+01 5.300898699171773670e-02
7.740076694830369775e+01 5.283378149512716476e-02
7.745065508889175021e+01 5.258397309105578704e-02
7.750075270658241777e+01 5.262812340357767016e-02
7.755075245463144995e+01 5.241246204369665734e-02
7.760063065984935804e+01 5.231220651032799512e-02
7.765070321575937839e+01 5.217813787306743722e-02
7.770058184131811174e+01 5.208215712979476913e-02
7.775045631228616116e+01 5.203781808157065258e-02
7.780052299955025319e+01 5.181171385181716077e-02
7.785061811322584902e+01 5.173489187562829023e-02
7.790069755814592156e+01 5.172570887564612724e-02
7.795066993509645670e+01 5.159266306271418495e-02
7.800070320426156911e+01 5.138526751674674792e-02
7.805076988395472881e+01 5.127000941985506571e-02
7.810068407994884865e+01 5.116422571505470362e-02
7.815063458329811397e+01 5.103413361410384652e-02
7.820071803115827436e+01 5.096363660602225981e-02
7.825068518292077613e+01 5.086785060442753498e-02
7.830071889907812022e+01 5.074387246389116396e-02
7.835056505199914056e+01 5.057966782288437352e-02
7.840063876811422006e+01 5.044723858476511669e-02
7.845076724820752645e+01 5.033404243452535565e-02
7.850062601688682662e+01 5.022772098717188938e-02
7.855066047661884454e+01 5.019281031903016083e-02
7.860066278381508198e+01 4.996639622413108495e-02
7.865070105683354029e+01 4.996194113332251552e-02
7.870060604587553144e+01 4.978254778792580437e-02
7.875065355180748838e+01 4.968824619455046443e-02
7.880076615489335268e+01 4.950334209087843551e-02
7.885061970150083255e+01 4.956588134383101835e-02
7.890069512598000756e+01 4.924654764473101326e-02
7.895064125650461051e+01 4.924338465208828036e-02
7.900061784463736103e+01 4.924935672921302438e-02
7.905068260470351049e+01 4.908442762503847923e-02
7.910073358004940758e+01 4.897434714567187181e-02
7.915067984073604634e+01 4.883967991589208135e-02
7.920060072632530535e+01 4.881353515334694443e-02
7.925070991771819706e+01 4.862389201960334861e-02
7.930076053603696096e+01 4.863198180866395298e-02
7.935075064956362212e+01 4.842018122940902614e-02
7.940072547750777687e+01 4.841502998175568201e-02
7.945072593113725645e+01 4.826171175709922934e-02
7.950062416114546693e+01 4.814221384229769307e-02
7.955061268565088994e+01 4.803024581009344290e-02
7.960060482791865866e+01 4.794502235852030753e-02
7.965063779017333445e+01 4.786007614920367859e-02
7.970067764707702906e+01 4.773317823850611874e-02
7.975065797923312516e+01 4.750286586574576503e-02
7.980064729418937475e+01 4.752111346204148518e-02
7.985057682223765596e+01 4.750000617503507411e-02
7.990072276115488137e+01 4.725277050233500642e-02
7.995070094938157013e+01 4.716793956120087644e-02
8.000052005949608258e+01 4.714143899748792638e-02
8.005064756019791616e+01 4.700843156395698164e-02
8.010064291399586978e+01 4.684756550096551980e-02
8.015065323523694474e+01 4.677848438386316560e-02
8.020069045907618488e+01 4.662958831695125650e-02
8.025074546367891060e+01 4.653780006646295042e-02
8.030068054365692376e+01 4.640134330861832301e-02
8.035062933392651985e+01 4.638117395269907017e-02
8.040062023743929842e+01 4.618084462445636723e-02
8.045058262634873358e+01 4.619586422161529177e-02
8.050060482323091549e+01 4.606424639890639716e-02
8.055065814041469707e+01 4.584570560388634419e-02
8.060061381781277134e+01 4.574551295366599546e-02
8.065049163168612267e+01 4.571885132684063574e-02
8.070067864682820868e+01 4.560233087719602063e-02
8.075072719419868861e+01 4.539818934600285683e-02
8.080069560119804351e+01 4.539585995930899703e-02
8.085072720008511737e+01 4.529815477727113654e-02
8.090059918459566290e+01 4.524040520870482168e-02
8.095069797226732078e+01 4.515470254351017926e-02
8.100072628747037129e+01 4.501432484608097057e-02
8.105066596491020903e+01 4.492208057284832051e-02
8.110053491390247871e+01 4.482964821499076102e-02
8.115064581461599857e+01 4.475936723262503164e-02
8.120071780755598922e+01 4.462672096577222081e-02
8.125056913049471063e+01 4.454600251168965713e-02
8.130062388841243148e+01 4.447986295718204391e-02
8.135060192578023930e+01 4.434226688489740359e-02
8.140059573350035294e+01 4.421520981818372747e-02
8.145064012854679447e+01 4.409302874695846669e-02
8.150073120039212426e+01 4.399759619040558012e-02
8.155075503725153396e+01 4.393539437488886562e-02
8.160059776271727117e+01 4.387251661815046166e-02
8.165051497760852328e+01 4.377731477069726762e-02
8.170062372795770500e+01 4.367363428678629894e-02
8.175068324348895032e+01 4.362763919751157238e-02
8.180065868057219802e+01 4.355313530938891703e-02
8.185060801216476989e+01 4.338641328996054036e-02
8.190060720797325189e+01 4.334640677688449129e-02
8.195073278306765019e+01 4.323262893797770456e-02
8.200068153483279332e+01 4.310845399447867793e-02
8.205065042937812336e+01 4.298570512835530461e-02
8.210065865687079167e+01 4.284816869309458764e-02
8.215069729564295642e+01 4.275940974401139932e-02
8.220080441105518787e+01 4.275555477830794010e-02
8.225072343998640179e+01 4.260502815314264058e-02
8.230069607718056091e+01 4.258096692032514036e-02
8.235055660277505751e+01 4.246263161766900690e-02
8.240063280819842362e+01 4.227469665846305541e-02
8.245071308585386305e+01 4.220116299481780492e-02
8.250065070222582619e+01 4.212691258920767817e-02
8.255080999539379150e+01 4.200203067923840433e-02
8.260060794064355605e+01 4.198658624872270845e-02
8.265058351342750598e+01 4.186564708297678405e-02
8.270070238389254769e+01 4.173673837364094003e-02
8.275059535776185271e+01 4.169375001154427413e-02
8.280068193384541075e+01 4.154500484012637468e-02
8.285065930747785501e+01 4.151957248981255622e-02
8.290056246277856644e+01 4.138841520900063409e-02
8.295061443318822114e+01 4.134577134559182243e-02
8.300069792099935739e+01 4.126182417204348613e-02
8.305058996061495691e+01 4.112626618935008582e-02
8.310064085671682221e+01 4.104999484737279630e-02
8.315062839157525332e+01 4.090086801448948595e-02
8.320060878384710179e+01 4.090758695678878981e-02
8.325063442827286053e+01 4.074162732158239514e-02
8.330056709054171904e+01 4.068503479246336763e-02
8.335053931775884450e+01 4.069172859235205969e-02
8.340053635319384284e+01 4.054286522622072703e-02
8.345063121432903586e+01 4.043375259067005095e-02
8.350055041619420138e+01 4.038317905269235564e-02
8.355057364268577658e+01 4.032611832709594168e-02
8.360054898998552630e+01 4.010491594765889373e-02
8.365051669125759304e+01 4.015095380006988846e-02
8.370058038604668127e+01 4.003096300931107548e-02
8.375051134911305439e+01 3.997394264716194745e-02
8.380059453927552227e+01 3.984601707678756682e-02
8.385050780487192412e+01 3.967456730458308184e-02
8.390061381005928354e+01 3.970953580445927417e-02
8.395070682904152193e+01 3.958220476782384201e-02
8.400061587044575617e+01 3.952044054866050288e-02
8.405066926691544893e+01 3.943020465460828072e-02
8.410062548643203684e+01 3.931174631848063233e-02
8.415073495725221164e+01 3.920981051439977050e-02
8.420083725162690769e+01 3.917681444802958296e-02
8.425076531496900145e+01 3.902539081722123521e-02
8.430060680776267645e+01 3.902986736048635885e-02
8.435055764847578530e+01 3.886250964300561050e-02
8.440061002678389457e+01 3.877675136779767939e-02
8.445077491139556969e+01 3.873349967626506241e-02
8.450078817497008288e+01 3.862343279284068814e-02
8.455074589247141148e+01 3.854759631650593599e-02
8.460073437873982982e+01 3.829790523677823605e-02
8.465066113206482612e+01 3.831853959196263038e-02
8.470071557061724832e+01 3.827631142734119057e-02
8.475065115121917358e+01 3.818582186965512743e-02
8.480063418980859069e+01 3.804044753244951310e-02
8.485066460852381454e+01 3.808450932640510683e-02
8.490062758450689273e+01 3.792682657871896540e-02
8.495075405742173302e+01 3.779293678563479253e-02
8.500058128620887032e+01 3.781588340944286308e-02
8.505052608964408023e+01 3.764048412891501244e-02
8.510053595481066679e+01 3.759306043927766044e-02
8.515058491547064534e+01 3.748315494664088837e-02
8.520072267622893492e+01 3.737754309685122761e-02
8.525065297660262331e+01 3.734762919690088473e-02
8.530061146004418049e+01 3.715713419196214201e-02
8.535060342914304954e+01 3.714421523115014889e-02
8.540066745759193623e+01 3.704855697841034218e-02
8.545060895460365202e+01 3.696924775446830402e-02
8.550057032255175216e+01 3.693602256354342611e-02
8.555068495657442895e+01 3.684670323738216402e-02
8.560067515382100112e+01 3.675216649187997009e-02
8.565063647086222431e+01 3.664308235738449743e-02
8.570064579552558826e+01 3.660710569633975064e-02
8.575057251211694620e+01 3.651780290342634960e-02
8.580052390842315901e+01 3.639008393430311072e-02
8.585064788181922779e+01 3.634631346311060357e-02
8.590060852984082373e+01 3.628973810294238572e-02
8.595061963450514497e+01 3.624856432566348624e-02
8.600070284410818999e+01 3.613319445511917194e-02
8.605072317602213161e+01 3.604403863042521944e-02
8.610074865953444601e+01 3.597732019396965991e-02
8.615063984349956172e+01 3.594167987312439638e-02
8.620071096469301608e+01 3.582989094163007565e-02
8.625059084022993261e+01 3.574455328008027677e-02
8.630065609635799717e+01 3.566178954480195978e-02
8.635072959374187462e+01 3.564229471826234341e-02
8.640061506888987708e+01 3.551151856253007694e-02
8.645069549907235285e+01 3.538189009609877395e-02
8.650064856629455790e+01 3.537424555340311361e-02
8.655065267582149602e+01 3.524797988648268460e-02
8.660062065985762558e+01 3.521605780262280355e-02
8.665063139598194653e+01 3.510431847793601262e-02
8.670069926104542901e+01 3.503270783760073503e-02
8.675061813732774851e+01 3.490101117942492198e-02
8.680063599026416910e+01 3.488550758095798621e-02
8.685062341554782961e+01 3.479520188309244422e-02
8.690066534610711813e+01 3.470525312835232717e-02
8.695065890316050172e+01 3.463679209874340886e-02
8.700068258669440979e+01 3.451725249686175834e-02
8.705068789434881182e+01 3.441450739100783418e-02
8.710073430022170271e+01 3.440710571993019218e-02
8.715073625712081196e+01 3.431275973566300791e-02
8.720071944953542697e+01 3.427729660838454984e-02
8.725065874059880855e+01 3.420326556924493250e-02
8.730065385491546692e+01 3.409100747384186114e-02
8.735071773693692876e+01 3.401919141901873361e-02
8.740067291151538598e+01 3.395968500413194119e-02
8.745069089587315148e+01 3.389031677852822472e-02
8.750059524727170412e+01 3.384789318620120419e-02
8.755063393985311393e+01 3.369488047282504645e-02
8.760072521610700846e+01 3.371792201545708439e-02
8.765070461050113693e+01 3.353466197510448360e-02
8.770071890489063549e+01 3.352923655403833303e-02
8.775064728536050040e+01 3.343550410116759991e-02
8.780066340967854899e+01 3.341435630164151654e-02
8.785061758882334004e+01 3.333210882659225910e-02
8.790069966232417187e+01 3.321618603090593230e-02
8.795081255270730480e+01 3.320225116431336360e-02
8.800065892052096217e+01 3.308484152276564699e-02
8.805068046215481559e+01 3.306054988138846379e-02
8.810074622042790793e+01 3.295519193673075026e-02
8.815068777402876776e+01 3.287926372974610267e-02
8.820056999239014317e+01 3.279833608545584811e-02
8.825063293195866265e+01 3.276456813071788182e-02
8.830068724278304160e+01 3.267865477144415998e-02
8.835073110258727525e+01 3.259411920120613287e-02
8.840079703231447183e+01 3.249560618998328931e-02
8.845083020292958054e+01 3.242178264628726991e-02
8.850076563709151856e+01 3.236694518581422625e-02
8.855063553538322196e+01 3.234653351664085880e-02
8.860062705552091700e+01 3.228066281171394075e-02
8.865051892067423012e+01 3.216645483414786594e-02
8.870061903020686600e+01 3.216007073616217876e-02
8.875074341963603786e+01 3.200704113714827187e-02
8.880069649634492635e+01 3.194682279804484520e-02
8.885071344892412526e+01 3.187091235513170306e-02
8.890062388383235259e+01 3.181588924871295299e-02
8.895060466980305591e+01 3.172433395311660687e-02
8.900051192815253387e+01 3.169936700068670676e-02
8.905066102494254210e+01 3.162907285767384280e-02
8.910075018557721194e+01 3.152586640750007496e-02
8.915065987269676384e+01 3.150791041853178570e-02
8.920074459493167751e+01 3.137041628208190464e-02
8.925074341970011460e+01 3.133139826862901128e-02
8.930067606158073090e+01 3.130682726646168840e-02
8.935064465320694183e+01 3.118870968937103444e-02
8.940064087878988630e+01 3.115610543182964834e-02
8.945064319424200505e+01 3.108176598588819825e-02
8.950064421180226759e+01 3.099497443796225479e-02
8.955057753817223443e+01 3.086578329438052076e-02
8.960058054534367500e+01 3.086022809031276418e-02
8.965061121043279968e+01 3.079422183319529410e-02
8.970060486906020003e+01 3.070467833807926164e-02
8.975065684933389321e+01 3.066174009880402729e-02
8.980064097263824863e+01 3.058080139128660502e-02
8.985074011343861855e+01 3.048774078419869138e-02
8.990072914643546653e+01 3.046994642645172932e-02
8.995069471840930930e+01 3.039157759996618732e-02
9.000061567245546712e+01 3.031674301376725139e-02
9.005060451355357998e+01 3.025539639596538238e-02
9.010066164734236338e+01 3.020799628177545798e-02
9.015058063102021890e+01 3.018272658409422438e-02
9.020066981206871048e+01 3.008233652165612226e-02
9.025061891167177919e+01 3.004103264183346361e-02
9.030058063625472187e+01 2.999303671975266788e-02
9.035069862056877810e+01 2.993632441208057826e-02
9.040063721053816437e+01 2.985458039693312735e-02
9.045068187473133037e+01 2.970811842000902619e-02
9.050070412097294081e+01 2.973574684452957861e-02
9.055071582655412499e+01 2.967808423641342050e-02
9.060074590370700776e+01 2.963943214947296206e-02
9.065071954180082514e+01 2.954121406909029218e-02
9.070070414937342207e+01 2.944728410989440326e-02
9.075071652356483298e+01 2.944744091588977902e-02
9.080073853391084526e+01 2.939667272601762665e-02
9.085071662263727887e+01 2.926945933638697844e-02
9.090070285251101723e+01 2.926562084154190821e-02
9.095065177011029789e+01 2.917614283171209369e-02
9.100073488155234713e+01 2.911814666533143678e-02
9.105069866664597100e+01 2.908698945674487862e-02
9.110067736133585470e+01 2.898148626171631256e-02
9.115066164323077658e+01 2.897770660858737732e-02
9.120067497178406768e+01 2.883112138524804996e-02
9.125068141284850753e+01 2.877384210268358472e-02
9.130062622558105545e+01 2.873789620532323646e-02
9.135066117588171153e+01 2.870509564657507812e-02
9.140065141538008220e+01 2.862545043622983718e-02
9.145068138473658337e+01 2.854863775662746725e-02
9.150069039643479130e+01 2.849412267665291446e-02
9.155071593148433351e+01 2.842800305141316916e-02
9.160080367935793788e+01 2.837862334725751653e-02
9.165061737073069992e+01 2.829961870856880640e-02
9.170060817655109986e+01 2.824631136882540042e-02
9.175058865088804794e+01 2.821401987820129978e-02
9.180049265407282633e+01 2.811498167232241718e-02
9.185058971654700599e+01 2.810821586085718651e-02
9.190068301485227664e+01 2.803858973208610966e-02
9.195060490867638237e+01 2.797950762379770168e-02
9.200056221650915234e+01 2.792336384928473594e-02
9.205061548325311094e+01 2.785271072180518087e-02
9.210076346697475458e+01 2.776385811687516816e-02
9.215078845474795344e+01 2.776257645315534719e-02
9.220060419601414026e+01 2.766574076976117610e-02
9.225059746084708934e+01 2.763553761406187595e-02
9.230067734231083421e+01 2.759551271806955086e-02
9.235073177795210597e+01 2.750892480697717662e-02
9.240064045690999706e+01 2.743841570017804127e-02
9.245063157109922258e+01 2.742025970873250215e-02
9.250078057204220272e+01 2.734336964992671246e-02
9.255072433387988440e+01 2.729062562729886801e-02
9.260073057984830314e+01 2.720211614818948340e-02
9.265065869044863689e+01 2.717286041367616631e-02
9.270063560508695844e+01 2.711036223217957314e-02
9.275067620960689396e+01 2.704791239075528611e-02
9.280063727441186927e+01 2.701471124485587891e-02
9.285065446184212590e+01 2.696006234687618047e-02
9.290065078317546465e+01 2.687605251420040892e-02
9.295073425389733757e+01 2.681630774056490904e-02
9.300067900763730222e+01 2.675367082565987750e-02
9.305066207492778574e+01 2.671719114777120971e-02
9.310064897906700310e+01 2.662379920087249233e-02
9.315062622189709884e+01 2.664435784679913474e-02
9.320059985716629569e+01 2.655859949056578809e-02
9.325071190903473450e+01 2.649177314710137940e-02
9.330073508132683457e+01 2.640623235518042497e-02
9.335066973357385223e+01 2.638183928399545283e-02
9.340068252241590585e+01 2.628435115264915120e-02
9.345057102658101655e+01 2.627888431395149563e-02
9.350065641105707925e+01 2.623900113989003843e-02
9.355067747282180335e+01 2.614823899920680830e-02
9.360058086835567792e+01 2.607698437941248157e-02
9.365060040510233819e+01 2.604498259209344149e-02
9.370058214130268937e+01 2.598777152691003275e-02
9.375071349954021116e+01 2.596478335294737441e-02
9.380064575722563802e+01 2.590941125776643345e-02
9.385065603128978751e+01 2.582029378865110386e-02
9.390066055478293094e+01 2.579241191410449469e-02
9.395067012729866462e+01 2.571591967249498012e-02
9.400073547639510707e+01 2.573372467162084870e-02
9.405064106370717525e+01 2.564917188090223496e-02
9.410066747113194197e+01 2.557069750998096705e-02
9.415062831545455424e+01 2.556857108061145675e-02
9.420064524406151918e+01 2.549478510820089860e-02
9.425063592468441698e+01 2.544907468182488336e-02
9.430071603443974482e+01 2.534561594614544167e-02
9.435084978846010983e+01 2.535606741927682456e-02
9.440072589518690904e+01 2.530323458510544757e-02
9.445063572665263507e+01 2.522071015252192253e-02
9.450060037327034479e+01 2.522760095475146472e-02
9.455061099756481724e+01 2.516590503984342253e-02
9.460066160523612666e+01 2.509827638342908979e-02
9.465070343930108265e+01 2.508740891947395732e-02
9.470070340329958469e+01 2.497966682610806149e-02
9.475076856330568376e+01 2.493664332782445994e-02
9.480071786998738048e+01 2.492183101998451597e-02
9.485059575869554749e+01 2.485349636341222662e-02
9.490062200472793563e+01 2.481284818789322721e-02
9.495059153222072723e+01 2.478682722835445426e-02
9.500060916233462649e+01 2.471876218905246642e-02
9.505058405688886580e+01 2.464824828215116115e-02
9.510062103402634648e+01 2.460132805730626607e-02
9.515070626581375279e+01 2.456383736959177888e-02
9.520074820467674215e+01 2.453447470597577493e-02
9.525077257252138452e+01 2.449672867731981715e-02
9.530060977714117598e+01 2.446362873533984225e-02
9.535056604075973041e+01 2.436830882337612941e-02
9.540054222256354421e+01 2.435522456310436692e-02
9.545053721567489902e+01 2.426837870357290844e-02
9.550066559135430566e+01 2.421807226989793754e-02
9.555070107743208041e+01 2.423160330668453974e-02
9.560068189569460628e+01 2.412176612064482681e-02
9.565062150426840049e+01 2.413709799503569245e-02
9.570068484578779078e+01 2.406333880460254440e-02
9.575065983295563399e+01 2.400503402379340970e-02
9.580068015784988233e+01 2.395293908516632833e-02
9.585070548727827600e+01 2.387814744090059615e-02
9.590067278065059497e+01 2.384925086551712564e-02
9.595068562266027357e+01 2.378986267890575296e-02
9.600067075531137561e+01 2.380126206317654397e-02
9.605064480354532463e+01 2.374474719508425091e-02
9.610060831827868810e+01 2.367236265080552987e-02
9.615071146236661548e+01 2.368723851817474205e-02
9.620073364420061068e+01 2.358062164039177733e-02
9.625071630024669389e+01 2.358064646762971298e-02
9.630073274647288883e+01 2.354175063261432915e-02
9.635076816718918735e+01 2.344420568931510421e-02
9.640074103949068274e+01 2.346221226403196608e-02
9.645064409383613224e+01 2.341317496062634423e-02
9.650066663688329527e+01 2.336816970661350149e-02
