1.256637126207351685e-01 1.995703125000000000e+03
1.936915606260299627e-01 1.869269921875000136e+03
2.513274252414703369e-01 2.033402018229166515e+03
2.944022864103317261e-01 8.880623372395832575e+02
3.554306328296661377e-01 1.020764973958333258e+03
3.955082564781873811e-01 8.167383814102563520e+02
4.615716010332107655e-01 6.901380371093750909e+02
5.164058804512023926e-01 5.124719690393518476e+02
5.455598746027264800e-01 4.196152343750000000e+02
5.891914814710617065e-01 5.479114583333332575e+02
6.408908295987257864e-01 5.252560051305970319e+02
6.941244165102641306e-01 3.972044270833333712e+02
7.549341718355814246e-01 3.352319819819819600e+02
8.082685545086860657e-01 3.670138753255208144e+02
8.458872155139320892e-01 3.248631527549342195e+02
9.033976386463831165e-01 2.865714285714285552e+02
9.538741086920102807e-01 2.779652506510416288e+02
1.002606617948396561e+00 3.283623420423497237e+02
1.050080132484435991e+00 2.417982812500000023e+02
1.095276718554289541e+00 2.578253863790760647e+02
1.148735394760898254e+00 2.873659032534246194e+02
1.197364068031311124e+00 2.464997558593750000e+02
1.253252735099639192e+00 2.291337694528112365e+02
1.301195175307137575e+00 2.305048967633928498e+02
1.350340962409973145e+00 2.264465680803571388e+02
1.397053004916669616e+00 1.872064788510101039e+02
1.446786667240990587e+00 2.264027777777777999e+02
1.501695110947299794e+00 2.215628831743869114e+02
1.550154135684774337e+00 1.934636797664141454e+02
1.601738236568592155e+00 2.079055266203703525e+02
1.647772800055960385e+00 1.822341596177944893e+02
1.697513295382988119e+00 1.863435912093496256e+02
1.749398548968667422e+00 1.825316887149028275e+02
1.801815896144401075e+00 1.805790016501650257e+02
1.854311002948419773e+00 1.817425050813008340e+02
1.903488172029776715e+00 1.715189287935323534e+02
1.952342433013101397e+00 1.715996580293594320e+02
1.999453311039106396e+00 1.514719490270727533e+02
2.048669610900440308e+00 1.683174726113505812e+02
2.101181018737054540e+00 1.574893313172043179e+02
2.154098840860219966e+00 1.558920694163292922e+02
2.199303392983653183e+00 1.585740150498466221e+02
2.248528172677023207e+00 1.605056652046783654e+02
2.303006410598754883e+00 1.538029513888888857e+02
2.353418758259483656e+00 1.514352845149253710e+02
2.402637737900463311e+00 1.490287295493685349e+02
2.448554739992842677e+00 1.382928685897435912e+02
2.499090067645225233e+00 1.489328794409613579e+02
2.549658622302062305e+00 1.417431294326241016e+02
2.600952340680148911e+00 1.327375247035573125e+02
2.651313533667959632e+00 1.361875269164513327e+02
2.702490112360786068e+00 1.346658879697712337e+02
2.752956631759745587e+00 1.364784055635147979e+02
2.797749358087681770e+00 1.242241732402912646e+02
2.849414770365116478e+00 1.251598127794336790e+02
2.901561026847945257e+00 1.228069497629467577e+02
2.949750350581274994e+00 1.195720606674382651e+02
2.998665080524131721e+00 1.289053989651416146e+02
3.049010105637519175e+00 1.275654813444584335e+02
3.100398808880581836e+00 1.194139664446721270e+02
3.150818746732328979e+00 1.274794303797468302e+02
3.200939400679145841e+00 1.229061683006535901e+02
3.249633022646403635e+00 1.244835506816834538e+02
3.300127326483013768e+00 1.192959500718390728e+02
3.348483428887441438e+00 1.206742390661938487e+02
3.399607315620657211e+00 1.100629727438706311e+02
3.448719927469889424e+00 1.162857031249999977e+02
3.499342967069685173e+00 1.143318478126544591e+02
3.551474963231986415e+00 1.138126145527859308e+02
3.598900760213533889e+00 1.096352620442708314e+02
3.651035188841221135e+00 1.123943540841039095e+02
3.700662589665808522e+00 1.061622475501911964e+02
3.751511811793449613e+00 1.067356310069899479e+02
3.801618192488687153e+00 1.063428796600877178e+02
3.851254485091384794e+00 1.074715136054421691e+02
3.901226825121409281e+00 1.040032032261545112e+02
3.948670251141286780e+00 1.064999613242574270e+02
4.001451143603901528e+00 1.036609278021175697e+02
4.052280480987929145e+00 1.003170755451713347e+02
4.102052814176515128e+00 1.037567720090293477e+02
4.151093749575814229e+00 9.775362124463519820e+01
4.200442130105537686e+00 9.951989498987853722e+01
4.251136814637041184e+00 9.750591777408637029e+01
4.299210999832778768e+00 9.948587986680327333e+01
4.350458908696328564e+00 9.670600806451612641e+01
4.400665589089600260e+00 9.553924345417925679e+01
4.450478535124709367e+00 9.786012181874612281e+01
4.500022132996065238e+00 9.457830424450999374e+01
4.550446791199227903e+00 9.327825778521535938e+01
4.600092420408226523e+00 9.477855471147942978e+01
4.650210011078793393e+00 9.297902924362357169e+01
4.700629595459484555e+00 9.150220286885246423e+01
4.749898185810824458e+00 9.013498145625189295e+01
4.799578612586753223e+00 9.444287598944590911e+01
4.849740758713929623e+00 9.154160805198284834e+01
4.899993706213586542e+00 8.946715328467153938e+01
4.949341788918080631e+00 8.930715751262626156e+01
4.999815610851473302e+00 9.099332640664961502e+01
5.049952627308602615e+00 8.903370683321087142e+01
5.099298258856230781e+00 8.898013939950980955e+01
5.150254496972274332e+00 8.727044095001184587e+01
5.199142517336761138e+00 8.775462447232645502e+01
5.249453250256330250e+00 8.574791957635008544e+01
5.300164924855151227e+00 8.665372778848212931e+01
5.351194235644229025e+00 8.701814962372731088e+01
5.400960675954554979e+00 8.393185908084164737e+01
5.450257125402332647e+00 8.570559656719532882e+01
5.500682865381752329e+00 8.620627547190046869e+01
5.549218122000597830e+00 8.393710311263794210e+01
5.600000335002996543e+00 8.361631138824439802e+01
5.649736614175454363e+00 8.118357986619275835e+01
5.699883098365530643e+00 8.236770947426067835e+01
5.750283329191223203e+00 8.270072841183575463e+01
5.800844330747943367e+00 7.925041533758638934e+01
5.851527811214188191e+00 8.117585887701537217e+01
5.901139501297178569e+00 8.004726741521540134e+01
5.952051273107690221e+00 7.945340610149354177e+01
6.002043196207571540e+00 7.797972389010189431e+01
6.051370665339476318e+00 7.830263735299280370e+01
6.100040307612490942e+00 7.965731874145006941e+01
6.151338437490640132e+00 7.644402239709442881e+01
6.201845191216835751e+00 7.608242353614654974e+01
6.251546338561632332e+00 7.671347515553372887e+01
6.301411320163105678e+00 7.627426921504496704e+01
6.351121094491746888e+00 7.511139276743499238e+01
6.402993818717075847e+00 7.588050193431233481e+01
6.451004855903611279e+00 7.411302180322780941e+01
6.500587485631307061e+00 7.466007575757575410e+01
6.550027029602877526e+00 7.439697720882047349e+01
6.600096165964067119e+00 7.347656695156695150e+01
6.651203611202781474e+00 7.336322831978318959e+01
6.700403804908146022e+00 7.348267413987592533e+01
6.751129568914272738e+00 7.261416918014806754e+01
6.801152226429867831e+00 7.283528029367366230e+01
6.850567314012454112e+00 7.149153859289617685e+01
6.899983763743045451e+00 7.382243148373160579e+01
6.950432818525864143e+00 7.158991131862622126e+01
7.000477802606276612e+00 7.175822765700482364e+01
7.050299486470248844e+00 7.327010505764225456e+01
7.100577605904697442e+00 7.237909254352763355e+01
7.150282711587289342e+00 7.070768059181897058e+01
7.201425401940038995e+00 7.081613321295432684e+01
7.251291360812208708e+00 6.911309970014991677e+01
7.301384627104277492e+00 6.898911398300151632e+01
7.350121157509939884e+00 6.787351190476189799e+01
7.400243896042705494e+00 6.932828254220007125e+01
7.450219004942361778e+00 6.904547869285551087e+01
7.499767164549090204e+00 6.742281054512957894e+01
7.551036194214812980e+00 6.805419385535617494e+01
7.600875332768869619e+00 6.821970090849387702e+01
7.650993174920037276e+00 6.759713069741900426e+01
7.700625888088293181e+00 6.694486868212196384e+01
7.751154263814290069e+00 6.702402426160337257e+01
7.801801090622451973e+00 6.734648520890515044e+01
7.851364051006665790e+00 6.616471081307628310e+01
7.900769558997057018e+00 6.572402463003207629e+01
7.950365025915012041e+00 6.589375241966705232e+01
8.001249973326832077e+00 6.701194577591371626e+01
8.050346754310522712e+00 6.652750855905749461e+01
8.100376043699483830e+00 6.611583932522124485e+01
8.150963831689653105e+00 6.457342114274533174e+01
8.200066242110258585e+00 6.502104519774010782e+01
8.249809700602813933e+00 6.292015122475691413e+01
8.300552262369116363e+00 6.423301792828685564e+01
8.351090274807287273e+00 6.314358930211202647e+01
8.400210126764326546e+00 6.249058070416094779e+01
8.450394926559216202e+00 6.266043719744121887e+01
8.500459425828198690e+00 6.225508593475972674e+01
8.550917286194149369e+00 6.250395741174429531e+01
8.600510843254964399e+00 6.282798179735233646e+01
8.651023792021119263e+00 6.142701772066850907e+01
8.701256476197366752e+00 6.228873562260376673e+01
8.749915613828461503e+00 6.175165962260928865e+01
8.800112521877306193e+00 6.197058528159396218e+01
8.849632071888843043e+00 6.070581580234833297e+01
8.900357776251059505e+00 6.114884528360770588e+01
8.950608837287235886e+00 6.161323669201520659e+01
9.000569819962127127e+00 6.062193968180414316e+01
9.051041288617525993e+00 6.083274853801169968e+01
9.100140618044129326e+00 5.975120338660578767e+01
9.150794710576331426e+00 6.020834122773778319e+01
9.200358087057745493e+00 6.038057903321471542e+01
9.250378436494685275e+00 5.963957682582180553e+01
9.300396476966747983e+00 6.012894181050178588e+01
9.350845697771076104e+00 5.921961854542888659e+01
9.401427877347279249e+00 5.856442809037584141e+01
9.450856317468241841e+00 5.860496386054421691e+01
9.501285360508264333e+00 5.839931417149158932e+01
9.551415626509362156e+00 5.901236119840770300e+01
9.601472418873740367e+00 5.764574736165607050e+01
9.650873339522149763e+00 5.731344656945618254e+01
9.700105298531504161e+00 5.736103710034184644e+01
9.749807236595939841e+00 5.760011643379906587e+01
9.800617716807657587e+00 5.723532640278943262e+01
9.850939668539123062e+00 5.723632052529183056e+01
9.900672862260712748e+00 5.635919218018721466e+01
9.951023643831279131e+00 5.750804680038204708e+01
1.000061390381357818e+01 5.653554599145513748e+01
1.005121303910567399e+01 5.702421361502347708e+01
1.010050487470579128e+01 5.722251939439439639e+01
1.015040394560108972e+01 5.584193255871142014e+01
1.020064233832726863e+01 5.562013425842494030e+01
1.025078872432590593e+01 5.589490159004287761e+01
1.030144077410513148e+01 5.582091122895320012e+01
1.035026615037620701e+01 5.483191321942446450e+01
1.040053707544599071e+01 5.464514298519546287e+01
1.045062977445541463e+01 5.453193874009371456e+01
1.050056916228905557e+01 5.618112690369861184e+01
1.055045547200590939e+01 5.451694300890036970e+01
1.060065943225193585e+01 5.401811831477843384e+01
1.065092618802826330e+01 5.349272108454410812e+01
1.069994190739775242e+01 5.398141186299081085e+01
1.075051342579590496e+01 5.343976809175673282e+01
1.080116309617008952e+01 5.382006861297905687e+01
1.085092532135009691e+01 5.247928333333333484e+01
1.090057119699959287e+01 5.303983255536257246e+01
1.095056114183856977e+01 5.303211466312333755e+01
1.100044795380789964e+01 5.324141058891333955e+01
1.105059621997271790e+01 5.280847834493425808e+01
1.110083536315899444e+01 5.165165553241211427e+01
1.115081901025334687e+01 5.202648764016309713e+01
1.120129035153903629e+01 5.244045204107187885e+01
1.125116374248475992e+01 5.197660883748517335e+01
1.130128079566052257e+01 5.218174529736855760e+01
1.135044509838974847e+01 5.200603246563322557e+01
1.140071777468021708e+01 5.183773269342641044e+01
1.145113705378753899e+01 5.115788842519307167e+01
1.150054064506493923e+01 5.185070048309178503e+01
1.155054572698180770e+01 5.109209180031409403e+01
1.160060598127213360e+01 5.139444100660065828e+01
1.165085593945590148e+01 5.107794950504473519e+01
1.170069293131600929e+01 5.114282454939539235e+01
1.175142896112726554e+01 5.076202115812917270e+01
1.180137066716670269e+01 5.042681540429159526e+01
1.185030839024950744e+01 4.998786289608779754e+01
1.190112650803973615e+01 5.041321016422548240e+01
1.195087750005856186e+01 5.020714588823870628e+01
1.200028886778134840e+01 4.991222296099291356e+01
1.205087280971257790e+01 5.000704754049824885e+01
1.210120573097985641e+01 4.977832022717343818e+01
1.215069798464289086e+01 4.980942772899449267e+01
1.220084588704311912e+01 4.949507749652529043e+01
1.225095075397515565e+01 4.868982827644332190e+01
1.230055747642593111e+01 4.957386676843488971e+01
1.235044509892075659e+01 4.907096354166666430e+01
1.240025358236334618e+01 4.891410770375268413e+01
1.245059963946805226e+01 4.932702680780305826e+01
1.250021218005843338e+01 4.879076771493580367e+01
1.255088259279081875e+01 4.840794608017026945e+01
1.260128860653785665e+01 4.877974938487181333e+01
1.265098919510728237e+01 4.800065784267172830e+01
1.270151919945489816e+01 4.828244211471633207e+01
1.275059048606717838e+01 4.803362642585550901e+01
1.280015324543435007e+01 4.791364274844902127e+01
1.285005587414941175e+01 4.771703379601689932e+01
1.290055459179237118e+01 4.738384638599667653e+01
1.295101831716038809e+01 4.724833932113318724e+01
1.300061854953515450e+01 4.713174796287913182e+01
1.305073094795649524e+01 4.704744079806079071e+01
1.310051576040570609e+01 4.703642206991587216e+01
1.315089754552600176e+01 4.670526567912152416e+01
1.320081412118408615e+01 4.684000684462696995e+01
1.325056877988023629e+01 4.673534643169877256e+01
1.329997547558646787e+01 4.642472880130175383e+01
1.334989268379465521e+01 4.622372502628812185e+01
1.340063178882596162e+01 4.646806101005925882e+01
1.345111248053373743e+01 4.578075888619343203e+01
1.350104577716931509e+01 4.652734992780031575e+01
1.355110471056903876e+01 4.644729411357100446e+01
1.360103386653534407e+01 4.613472732843137436e+01
1.365064521999293667e+01 4.615304982817868762e+01
1.370108558817629785e+01 4.559543481131763798e+01
1.375063751069574458e+01 4.531868169398907042e+01
1.380020275550391951e+01 4.489318786367415015e+01
1.385010291988493947e+01 4.534629565188573252e+01
1.389993945742187975e+01 4.525342256152558207e+01
1.395077535055353124e+01 4.467955032293662043e+01
1.400033540187661885e+01 4.466885837215320976e+01
1.405076036390690319e+01 4.485117010488956879e+01
1.410091255677794386e+01 4.493436511701455061e+01
1.415099424006951345e+01 4.425766531799215642e+01
1.420090845382453182e+01 4.466526292545976418e+01
1.425058535625662692e+01 4.408487224696857254e+01
1.430068992108075854e+01 4.399813572835569175e+01
1.435081631969962146e+01 4.416615176964607059e+01
1.440116277072030648e+01 4.422423356656232585e+01
1.445095548372230709e+01 4.409896261454623101e+01
1.450106060960858834e+01 4.420039224393131860e+01
1.455087147615679299e+01 4.378516269477543688e+01
1.460089164482430135e+01 4.374469501780389891e+01
1.465096435834932009e+01 4.321021739781853199e+01
1.470042432961008316e+01 4.322236428298504052e+01
1.474998265362896355e+01 4.388418612135041741e+01
1.479989122439800120e+01 4.351585385192019118e+01
1.485068890065675262e+01 4.346822624724616446e+01
1.490091461135759410e+01 4.318188717067582871e+01
1.495142624477786164e+01 4.298349772910919597e+01
1.500125581199326774e+01 4.332852217029522279e+01
1.505058992571524001e+01 4.278918617379589051e+01
1.510096182188420677e+01 4.253075094142546675e+01
1.515041653809440625e+01 4.298556084921430909e+01
1.520050358450064110e+01 4.265876607420754851e+01
1.525026187279651246e+01 4.241066727282596815e+01
1.530061285776438496e+01 4.262881469562885428e+01
1.535093523531647719e+01 4.279325603092096486e+01
1.540080134614941620e+01 4.244525396060800659e+01
1.545125002511655588e+01 4.242798703505240354e+01
1.550055590549435180e+01 4.266649789371354728e+01
1.554990690009351617e+01 4.227016850974197126e+01
1.560029939283501221e+01 4.186788470815243812e+01
1.565051554421477675e+01 4.210421097681174274e+01
1.570055893919154144e+01 4.195800973984365356e+01
1.575055944300927990e+01 4.164397761760242389e+01
1.580089161127091657e+01 4.184190282631819002e+01
1.585074981409009887e+01 4.173386651612094056e+01
1.590132026779191321e+01 4.150398877370540873e+01
1.595119615174483307e+01 4.118245560551787321e+01
1.600061799840658239e+01 4.159247577590871003e+01
1.605077212836705058e+01 4.125356367671447089e+01
1.610103563786684688e+01 4.144000660679765957e+01
1.615061123591991432e+01 4.120346241568399392e+01
1.620065196690424969e+01 4.167745705588171035e+01
1.625089452027982517e+01 4.103414924178204615e+01
1.630118119518434128e+01 4.074366686460807330e+01
1.635146405608891840e+01 4.072946992828232737e+01
1.640076947667969520e+01 4.090709997622443694e+01
1.645087400555846102e+01 4.059706924596258659e+01
1.650098843068070664e+01 4.076581162715913820e+01
1.655106400710294778e+01 4.088506294420959364e+01
1.660084850266487777e+01 4.046760288566201069e+01
1.665053292522144801e+01 4.017252921404078592e+01
1.670094208154347726e+01 4.004547241402885049e+01
1.675068958911364447e+01 4.024631447568729925e+01
1.680052177009391556e+01 4.005584640745793479e+01
1.685039801592866127e+01 4.018827548209366540e+01
1.690071147848142274e+01 3.998986753657572280e+01
1.695034504331302116e+01 3.980440262235786264e+01
1.700024952897776132e+01 3.981992018799221000e+01
1.705080262949346803e+01 3.953615836974270792e+01
1.710038038467472177e+01 3.962479719644363740e+01
1.715073677186147094e+01 3.967732103617309036e+01
1.720103001431176537e+01 3.946882182364944924e+01
1.725093874646400494e+01 3.951565610045314259e+01
1.730026876303448802e+01 3.945640062192277497e+01
1.735069699187642200e+01 3.891405374569606579e+01
1.740111744736490706e+01 3.897794102219797452e+01
1.745083602976958304e+01 3.904077991922489588e+01
1.750079017405409587e+01 3.915206438928483834e+01
1.755058064951854391e+01 3.877899214930814509e+01
1.760098984156358171e+01 3.872949118902988630e+01
1.765084796114107490e+01 3.862118301002794851e+01
1.770084590768282951e+01 3.828185285556558881e+01
1.775113545986024732e+01 3.873637067015831548e+01
1.780111750417361804e+01 3.862436709494075870e+01
1.785112557577493675e+01 3.834671979614270043e+01
1.790043071854657697e+01 3.860502769175798221e+01
1.795093294930180150e+01 3.825085284764382720e+01
1.800117591338927880e+01 3.845179762461970085e+01
1.805102955138067244e+01 3.822775328458590849e+01
1.810081125040843375e+01 3.858390288637899346e+01
1.815070355316448669e+01 3.790552760207015126e+01
1.820082603023814727e+01 3.818784250825838456e+01
1.825104242422729328e+01 3.777530261489108199e+01
1.830110038363673652e+01 3.808612048146586204e+01
1.835056608576439530e+01 3.809701830961963509e+01
1.840052225601024816e+01 3.831503259825650076e+01
1.845054397902244503e+01 3.760938410907381524e+01
1.850066401639472602e+01 3.818794680117574103e+01
1.855077375907742265e+01 3.751034251019651578e+01
1.860040149003351218e+01 3.775349579584552373e+01
1.865036571685475764e+01 3.782246552903481529e+01
1.870055233191315480e+01 3.737207103696600541e+01
1.875038082358441471e+01 3.720307181910348504e+01
1.880030100158329631e+01 3.743087462065071236e+01
1.885065092426605204e+01 3.745715839039556982e+01
1.890032953550104367e+01 3.709312719298245042e+01
1.895058111422453706e+01 3.734849835012617092e+01
1.900068398728053864e+01 3.723836571607646562e+01
1.905038713710101916e+01 3.728648681811807108e+01
1.910077607978132974e+01 3.703259863175762234e+01
1.915069731442681800e+01 3.701166810344827951e+01
1.920059048440732141e+01 3.709360612040017458e+01
1.925035227553674133e+01 3.705538978151832197e+01
1.930047157178797690e+01 3.671719974993241209e+01
1.935052191971805868e+01 3.676702279323161804e+01
1.940062364124835170e+01 3.696431338608638839e+01
1.945076194647657530e+01 3.679974507195962019e+01
1.950064015704267106e+01 3.670047488718374495e+01
1.955103246253348104e+01 3.653019995365312411e+01
1.960103224732800342e+01 3.651425838267552848e+01
1.965096451560197721e+01 3.654921686550623150e+01
1.970039326907732402e+01 3.633045372596154010e+01
1.975045869793262909e+01 3.633650763569747966e+01
1.980112994754063038e+01 3.628033324755533329e+01
1.985113240949997149e+01 3.643385765444589452e+01
1.990129882447748955e+01 3.623591888646632952e+01
1.995102839468674816e+01 3.606571726884227047e+01
2.000083692040861649e+01 3.594233213551555650e+01
2.005054571725930401e+01 3.609143716365938559e+01
2.010084313615223905e+01 3.598089703576030729e+01
2.015039891387192839e+01 3.604376734140496552e+01
2.020032978626047537e+01 3.593368804127511140e+01
2.025088372940374271e+01 3.581915642552149848e+01
2.030029183479597066e+01 3.593325276891308562e+01
2.035052695173413539e+01 3.575587475163955276e+01
2.040075823535785560e+01 3.546529048490393166e+01
2.045089601889413444e+01 3.567118250653525990e+01
2.050073645873280981e+01 3.555488240027938218e+01
2.055053498245830212e+01 3.541017089059432266e+01
2.060058405558038430e+01 3.556095494192615547e+01
2.065032429254589985e+01 3.555586639166813256e+01
2.070047025335771806e+01 3.527336420675231921e+01
2.075044015714700407e+01 3.534453629178450029e+01
2.080056166383511851e+01 3.551632748950165563e+01
2.085052640866095430e+01 3.516998379418616594e+01
2.090093885348607117e+01 3.535885794707664331e+01
2.095072566472917686e+01 3.500750080614428583e+01
2.100045951270690026e+01 3.496125721616420634e+01
2.105041555584098489e+01 3.497099160650854088e+01
2.110036039795015128e+01 3.493651777743137643e+01
2.115060440588723267e+01 3.488013196480938660e+01
2.120099297639964320e+01 3.497979660115348111e+01
2.125110208021147429e+01 3.506130171189039402e+01
2.130047153211643263e+01 3.501793991235462755e+01
2.135095211249340252e+01 3.465320461322694712e+01
2.140153998728464302e+01 3.451242761935976944e+01
2.145140411864241869e+01 3.443549886243826563e+01
2.150109067953851039e+01 3.425854550472642046e+01
2.155071421888607830e+01 3.429036281794023466e+01
2.160095248613489716e+01 3.448999918609856508e+01
2.165078368034290790e+01 3.447339588377724340e+01
2.170103250420297769e+01 3.436059345757018235e+01
2.175113749075196878e+01 3.439816745825653044e+01
2.180066400185297226e+01 3.435536731055768200e+01
2.185095183544095931e+01 3.427240430669358062e+01
2.190070081606517505e+01 3.409373511195807538e+01
2.195052143564337399e+01 3.391654150197628326e+01
2.200016785070007685e+01 3.420070283373075171e+01
2.205017752243192319e+01 3.396936700388704367e+01
2.210016093160606587e+01 3.372152998184501627e+01
2.215052494156026341e+01 3.368596435031655290e+01
2.220099768268121565e+01 3.380512476453436221e+01
2.225093828405544372e+01 3.351306959008579867e+01
2.230088287983462081e+01 3.348386819155446403e+01
2.235050207682091994e+01 3.354835802706689663e+01
2.240027092684176679e+01 3.335025882117582086e+01
2.245050285997742989e+01 3.352625485509411618e+01
2.250092599038523389e+01 3.346159804397327520e+01
2.255080398875536929e+01 3.338413259076524753e+01
2.260054706545379233e+01 3.322082382715587556e+01
2.265063038163662057e+01 3.327207676540920289e+01
2.270025254152363914e+01 3.318368008781120437e+01
2.275050358802700146e+01 3.322071633685374081e+01
2.280034136030533887e+01 3.322398746442939910e+01
2.285072882878251832e+01 3.300853475310923812e+01
2.290066141892027929e+01 3.311883877884170602e+01
2.295053262466946720e+01 3.303176287997716543e+01
2.300116596624015131e+01 3.307156173431341273e+01
2.305075049811972576e+01 3.312101308216859508e+01
2.310085238957240961e+01 3.309352101812572045e+01
2.315075103044907934e+01 3.288626496827441770e+01
2.320056411088655324e+01 3.283483520336606176e+01
2.325069316575375922e+01 3.299104586619924362e+01
2.330102321943878252e+01 3.292623101070045522e+01
2.335094979495398704e+01 3.284093009204961078e+01
2.340077491351943451e+01 3.268427963415738446e+01
2.345090180360846333e+01 3.264313485113834901e+01
2.350069764984864307e+01 3.259913494613279994e+01
2.355079805083223476e+01 3.250592387338076605e+01
2.360089425887846915e+01 3.263467813872610179e+01
2.365111588592037251e+01 3.241882849669665490e+01
2.370079117479742337e+01 3.263821258233022604e+01
2.375070238000955669e+01 3.233049734562726485e+01
2.380072099427258792e+01 3.256558935361216811e+01
2.385044315484774557e+01 3.228279247879444114e+01
2.390062030528307702e+01 3.225536882178765552e+01
2.395079098070538137e+01 3.226637247519489904e+01
2.400087914898061214e+01 3.223622412562455253e+01
2.405047136728556012e+01 3.224221009729161125e+01
2.410094161555001691e+01 3.220725108225108357e+01
2.415096374291990955e+01 3.206369794473096846e+01
2.420035762630187293e+01 3.222511078685689512e+01
2.425062718572708675e+01 3.195620202214321637e+01
2.430056200939818467e+01 3.196808236808236714e+01
2.435074088185508856e+01 3.176158216320393279e+01
2.440058288212754434e+01 3.198145664094777274e+01
2.445050734240095736e+01 3.198394173577950994e+01
2.450068293811746400e+01 3.162814627741245488e+01
2.455072252521220122e+01 3.188704645011984340e+01
2.460081802631937720e+01 3.149300377086687419e+01
2.465048464938207218e+01 3.176083092358239313e+01
2.470070557930939970e+01 3.171536903366442317e+01
2.475098408547652795e+01 3.170644330691664692e+01
2.480073664568702796e+01 3.175975114535610189e+01
2.485031139239437081e+01 3.173616400491400569e+01
2.490072463844199291e+01 3.143510638297872006e+01
2.495100174296157647e+01 3.154011549050568775e+01
2.500090082264989988e+01 3.167259118765741732e+01
2.505070236710282572e+01 3.156721875564294422e+01
2.510076910204727341e+01 3.138647739126945524e+01
2.515074714444360993e+01 3.113377621956724539e+01
2.520042346985152193e+01 3.131314397103870917e+01
2.525087251929459242e+01 3.155936728653049883e+01
2.530067364950122766e+01 3.132196720821884739e+01
2.535041708261922722e+01 3.139213443906661993e+01
2.540064572517422192e+01 3.116984240897507519e+01
2.545058671133012140e+01 3.127495872985045722e+01
2.550091448992870014e+01 3.109480156457764721e+01
2.555093562505498284e+01 3.098166733863226341e+01
2.560076420353996340e+01 3.084030686488506134e+01
2.565050233917104450e+01 3.114752107749484011e+01
2.570088089215357030e+01 3.091231952887538270e+01
2.575089593395361831e+01 3.094640329336992579e+01
2.580055172488612314e+01 3.103989316481523275e+01
2.585065705518562851e+01 3.093643930745814430e+01
2.590040009142965260e+01 3.064705187676552001e+01
2.595045451330076602e+01 3.064083896931418138e+01
2.600041449295903817e+01 3.062824224450407229e+01
2.605043175508030728e+01 3.069094178778800597e+01
2.610049216203561073e+01 3.065195076637250082e+01
2.615052744885751324e+01 3.039601612739534886e+01
2.620081245176917406e+01 3.058449010820854852e+01
2.625064376793082488e+01 3.049613646338161033e+01
2.630053287468589573e+01 3.034922379231612766e+01
2.635101688869864489e+01 3.032015910323630337e+01
2.640098937474011720e+01 3.033760200185834321e+01
2.645040677875825708e+01 3.026260780917325377e+01
2.650060382162935113e+01 3.025633019521098888e+01
2.655045256895379424e+01 3.030838883888388935e+01
2.660025631369433086e+01 3.017563821442578487e+01
2.665085337050840764e+01 3.006862564399624205e+01
2.670089682513944851e+01 3.007515848071595954e+01
2.675085862322766772e+01 3.014592442849382792e+01
2.680077379233840063e+01 3.004525105946922636e+01
2.685114965594502934e+01 3.005677913357527231e+01
2.690100378496506650e+01 3.018205688893572614e+01
2.695034706866618635e+01 2.994954223611258115e+01
2.700052841649375068e+01 3.013718399986330354e+01
2.705072101866625545e+01 2.986143501243780918e+01
2.710069443800647093e+01 2.995581042915202730e+01
2.715078986062405875e+01 2.984155236508139808e+01
2.720089493456375251e+01 2.973727421304414875e+01
2.725057769076351022e+01 2.990880356293509479e+01
2.730033549125748493e+01 2.986970328282827936e+01
2.735052912710215978e+01 2.980563352382879216e+01
2.740061522037846942e+01 2.965198447045773733e+01
2.745070084770054564e+01 2.965206850756740309e+01
2.750096527171193372e+01 2.978217918379208484e+01
2.755103462783471358e+01 2.963684294148144716e+01
2.760049968995508962e+01 2.960118388374278453e+01
2.765053177889601344e+01 2.967662822336026807e+01
2.770036622615669586e+01 2.948845588113771754e+01
2.775054988188822946e+01 2.955945954747889104e+01
2.780062562883384203e+01 2.937787611346678318e+01
2.785044576349854850e+01 2.946364628289580523e+01
2.790070893961808807e+01 2.936257334859146439e+01
2.795038926939105650e+01 2.952342504959833391e+01
2.800057880835900548e+01 2.935585298619291095e+01
2.805066800443194808e+01 2.937189669514028623e+01
2.810107801910153924e+01 2.933689975824418639e+01
2.815115147865971323e+01 2.928553097094373925e+01
2.820044725741460923e+01 2.918191864547427627e+01
2.825040259489045624e+01 2.917553622015378778e+01
2.830043012984087625e+01 2.930234316244672499e+01
2.835059611158580495e+01 2.910311300874379015e+01
2.840043375018342431e+01 2.906741196419417150e+01
2.845045081296103717e+01 2.894863347408472976e+01
2.850041934162237567e+01 2.896690999866127925e+01
2.855035665006607104e+01 2.900376739090463118e+01
2.860065628427968321e+01 2.875084525959890414e+01
2.865062202782436529e+01 2.896262227978076709e+01
2.870086574409789293e+01 2.885317315859725795e+01
2.875095097308470926e+01 2.879998500968604702e+01
2.880071965891575303e+01 2.857827150271778294e+01
2.885023923582780014e+01 2.865248060417239273e+01
2.890050167422365490e+01 2.867909860927003507e+01
2.895070215097079469e+01 2.865969389291144154e+01
2.900065347826904372e+01 2.875198744612231394e+01
2.905081112941260457e+01 2.858006535947712479e+01
2.910056439627211589e+01 2.848823979438012799e+01
2.915042575030595273e+01 2.854470802239501381e+01
2.920043042605855632e+01 2.847411166769194679e+01
2.925076636279083431e+01 2.849094379827754508e+01
2.930084321682425852e+01 2.839966102441064422e+01
2.935070565647483676e+01 2.833116315619400183e+01
2.940088173014940054e+01 2.818991739464161483e+01
2.945065901268334230e+01 2.838025386072261114e+01
2.950069929838434035e+01 2.837704628537306206e+01
2.955051767266316176e+01 2.826536103320070481e+01
2.960069847837196377e+01 2.826910947455641576e+01
2.965080039456267258e+01 2.831149325521680993e+01
2.970062591625485382e+01 2.811892067434656539e+01
2.975060950619111466e+01 2.812568983357764907e+01
2.980050069104065713e+01 2.819338524851881900e+01
2.985055554323798788e+01 2.809321679905979607e+01
2.990066955052829911e+01 2.804350294439155178e+01
2.995082529205978972e+01 2.800750546999915969e+01
3.000070388283209866e+01 2.813949482340329666e+01
3.005093720211255359e+01 2.797493534049383967e+01
3.010063232593409666e+01 2.796469759552602952e+01
3.015060885573432614e+01 2.801985991696249556e+01
3.020077941803320698e+01 2.778914051479727831e+01
3.025042159237726480e+01 2.795516587118794405e+01
3.030049283039372909e+01 2.783489828660756515e+01
3.035065172418487123e+01 2.779053058091511730e+01
3.040092396144631337e+01 2.784374075221086997e+01
3.045061899439206599e+01 2.777076301750183518e+01
3.050062299842226565e+01 2.770227408737283170e+01
3.055062136019501651e+01 2.781713816303115294e+01
3.060036071826926829e+01 2.760732849284038437e+01
3.065068276140530301e+01 2.760257015131134395e+01
3.070067093794826718e+01 2.770781718716520103e+01
3.075070739398880093e+01 2.767465673062740805e+01
3.080069406674522270e+01 2.764386906536792310e+01
3.085055902468600664e+01 2.764073560167310362e+01
3.090042768187009870e+01 2.755580243568818233e+01
3.095057938439754608e+01 2.758757150693519122e+01
3.100056714637308275e+01 2.746058850510529581e+01
3.105027657948960851e+01 2.741807522835772915e+01
3.110045185950545488e+01 2.753205517312634854e+01
3.115079716584278557e+01 2.729989732992832430e+01
3.120089638300272838e+01 2.725258370289686027e+01
3.125061034946996230e+01 2.716815557819397497e+01
3.130074673395984064e+01 2.722664082341933067e+01
3.135087371096646081e+01 2.732006423040066068e+01
3.140070298512654645e+01 2.721770967349629444e+01
3.145048999559004343e+01 2.708482505316064248e+01
3.150054566235555598e+01 2.714593067068575394e+01
3.155095465298380120e+01 2.701572581415641849e+01
3.160059061739232078e+01 2.711454131466118511e+01
3.165063358798569126e+01 2.702716480402760268e+01
3.170080811001844268e+01 2.697434298689696064e+01
3.175077922846383416e+01 2.705868446405029815e+01
3.180073041957039948e+01 2.693806538372940196e+01
3.185061501289119335e+01 2.706700049918881845e+01
3.190059534907069860e+01 2.696894212621232256e+01
3.195055220581018673e+01 2.693531558767143608e+01
3.200080217994445064e+01 2.698287299964273700e+01
3.205069744610977267e+01 2.683983102890001504e+01
3.210050528371473888e+01 2.685759370278305980e+01
3.215073795427445447e+01 2.684528866251095636e+01
3.220057376437510754e+01 2.690744551321076372e+01
3.225057755887306854e+01 2.673318260277635972e+01
3.230065419623123546e+01 2.673599212745790865e+01
3.235074821529837408e+01 2.682075431891885486e+01
3.240068920145048992e+01 2.675066513830653747e+01
3.245066524920769524e+01 2.655159719890642123e+01
3.250067061912027810e+01 2.668683600425435287e+01
3.255045672500492770e+01 2.668421306077733846e+01
3.260061114312246389e+01 2.663984078447912296e+01
3.265063760042713170e+01 2.653350838760015407e+01
3.270057442976514039e+01 2.655074131328391474e+01
3.275070100505863735e+01 2.647547566970060373e+01
3.280094527007205585e+01 2.639232705952779412e+01
3.285066030973816709e+01 2.628743413004610829e+01
3.290059813941013545e+01 2.646960456136046247e+01
3.295073451895240169e+01 2.645937731352951872e+01
3.300095649687233390e+01 2.652347531461761676e+01
3.305110906618631361e+01 2.631984277992098242e+01
3.310064384792069347e+01 2.649649475808321952e+01
3.315037612876064799e+01 2.631567428873292869e+01
3.320039352890535156e+01 2.634823875863631315e+01
3.325075369626339494e+01 2.617384316938025535e+01
3.330079563727023384e+01 2.615052511428620718e+01
3.335041517110537512e+01 2.618396070802902997e+01
3.340042234386024944e+01 2.597325843079755714e+01
3.345068942173323023e+01 2.607635938532624564e+01
3.350090898686119090e+01 2.591824261469347235e+01
3.355076868455447681e+01 2.596616688798122041e+01
3.360083299996632178e+01 2.591323929014727412e+01
3.365062953487561259e+01 2.592241272731359558e+01
3.370054413012797312e+01 2.588018675938094404e+01
3.375043567752315710e+01 2.588831970641710711e+01
3.380061640845230642e+01 2.588657912734236177e+01
3.385089393014911963e+01 2.586034988787758948e+01
3.390082568859970991e+01 2.584315156339834374e+01
3.395079958664522479e+01 2.575641222084197324e+01
3.400065462941210370e+01 2.579566180016660226e+01
3.405091816079112021e+01 2.568820799266035237e+01
3.410090749058920068e+01 2.558653267705769707e+01
3.415074457596266910e+01 2.568532195533993345e+01
3.420065295071830036e+01 2.583548392359015367e+01
3.425051858506616043e+01 2.563518358231283756e+01
3.430084962655262615e+01 2.561012601671968980e+01
3.435071212962177611e+01 2.562946790360417992e+01
3.440066905842098777e+01 2.562928525226390875e+01
3.445042983328236375e+01 2.553618251209632461e+01
3.450043860660466777e+01 2.561272303742908818e+01
3.455076374242391068e+01 2.544782840520950629e+01
3.460068794302640782e+01 2.547302628802902902e+01
3.465065597891599936e+01 2.553824209959110902e+01
3.470061275611706719e+01 2.544494488996301484e+01
3.475062702078484023e+01 2.532342255913437157e+01
3.480052422475197460e+01 2.539328045675326351e+01
3.485065294727289142e+01 2.534948240485838156e+01
3.490062447937064150e+01 2.524713818479149907e+01
3.495074122486598611e+01 2.527071697805252271e+01
3.500077310510111062e+01 2.525623508322129140e+01
3.505065889052637829e+01 2.524183560143507066e+01
3.510073836994573782e+01 2.528636540748943773e+01
3.515075393740908538e+01 2.516872028000571149e+01
3.520070871574944249e+01 2.504906764036750033e+01
3.525045083160344461e+01 2.517338176678732609e+01
3.530049570869167752e+01 2.511719316390109924e+01
3.535059160776241782e+01 2.510514249187126978e+01
3.540068430971665947e+01 2.508099686123015459e+01
3.545074911362522840e+01 2.507752513393826277e+01
3.550036890253176836e+01 2.505296567542553632e+01
3.555064134077936444e+01 2.491500062027043683e+01
3.560078931342755482e+01 2.487804418530858541e+01
3.565108547588086907e+01 2.486155273051048553e+01
3.570094795766028284e+01 2.484800178936734127e+01
3.575062622600737683e+01 2.470732623946236117e+01
3.580091761654597349e+01 2.478383783225349291e+01
3.585068011788996500e+01 2.479665606357889018e+01
3.590063654732295362e+01 2.477313699284940895e+01
3.595064781968525836e+01 2.479108568792300460e+01
3.600064661787772025e+01 2.471063738031554280e+01
3.605065997098245134e+01 2.469627407440086841e+01
3.610055580292227972e+01 2.458787275194134381e+01
3.615066567295489364e+01 2.455466279272811647e+01
3.620070823995840925e+01 2.449968298341426731e+01
3.625063407140827110e+01 2.453726843127591195e+01
3.630053903480800415e+01 2.453255557948644494e+01
3.635076095548847519e+01 2.449789400623716418e+01
3.640064521820000465e+01 2.436270531122879746e+01
3.645059114817902213e+01 2.439426876060878158e+01
3.650037969898852452e+01 2.444080640549041661e+01
3.655041555911058992e+01 2.432029430172750750e+01
3.660066049185408588e+01 2.433503501814192660e+01
3.665073222235510997e+01 2.430916939705494428e+01
3.670097527299056139e+01 2.435064480445832302e+01
3.675066829186678774e+01 2.425038018324359967e+01
3.680079532898415096e+01 2.417742159087233134e+01
3.685063282247625693e+01 2.422576006186111641e+01
3.690036457791557467e+01 2.414390979457622066e+01
3.695044255330601146e+01 2.414300229250077834e+01
3.700056414896440060e+01 2.418932204469355085e+01
3.705061200566700563e+01 2.415491211572560104e+01
3.710054642744190545e+01 2.411423864969762576e+01
3.715099645420669816e+01 2.401264580760258127e+01
3.720099847428265605e+01 2.400902992894106802e+01
3.725092363794612282e+01 2.404159633360558956e+01
3.730065785688235991e+01 2.406926430946072770e+01
3.735047039871516006e+01 2.395852090032154180e+01
3.740074484956132039e+01 2.402563423990735103e+01
3.745078498921309773e+01 2.389772005746013761e+01
3.750081080030444269e+01 2.382301892543682698e+01
3.755066575910367987e+01 2.379153426991359765e+01
3.760075719290531993e+01 2.381064097100136578e+01
3.765058742029950167e+01 2.372093724406684956e+01
3.770070520800517500e+01 2.370606619665722192e+01
3.775074171766122078e+01 2.372706770275098265e+01
3.780054920228933923e+01 2.366416554792001392e+01
3.785028605357963016e+01 2.348642442403279063e+01
3.790014956604337470e+01 2.371325572859315045e+01
3.795070399093049929e+01 2.354474599226451659e+01
3.800064488374761140e+01 2.355855021864860888e+01
3.805063670460460656e+01 2.349709537082866362e+01
3.810066986978391412e+01 2.348552975193235781e+01
3.815047335562729103e+01 2.346923406799043832e+01
3.820070457166085731e+01 2.342180246241811048e+01
3.825054652004534717e+01 2.332279215604753375e+01
3.830059095506936728e+01 2.332061999827897836e+01
3.835060440364230061e+01 2.333308475941902316e+01
3.840060189880973240e+01 2.334985745077328900e+01
3.845047415235990229e+01 2.331113502876563359e+01
3.850045558810032276e+01 2.325891166925833531e+01
3.855068545891874265e+01 2.324209500463873468e+01
3.860077335274264954e+01 2.316893149782804073e+01
3.865079795446190758e+01 2.315081622976359910e+01
3.870069735860561622e+01 2.309117207320533893e+01
3.875074558129854552e+01 2.306876382916545154e+01
3.880072689471128911e+01 2.298689865813831190e+01
3.885070431159810767e+01 2.306828982827058283e+01
3.890076604177426134e+01 2.294709945327824485e+01
3.895077654249089250e+01 2.296610773649958404e+01
3.900065635008523657e+01 2.293972530309086011e+01
3.905068303866070778e+01 2.292480906901557347e+01
3.910086666979864845e+01 2.278839311174202464e+01
3.915075167994284300e+01 2.282073308301632153e+01
3.920080110904684290e+01 2.278075524198375845e+01
3.925051722509476093e+01 2.278816726344816246e+01
3.930049924941769746e+01 2.280067810017778385e+01
3.935068663145851531e+01 2.265986955406544112e+01
3.940062002802714858e+01 2.259880634445023162e+01
3.945094720807892230e+01 2.268736539986555201e+01
3.950072275578882852e+01 2.258897895684926027e+01
3.955068874417335678e+01 2.257963725868106053e+01
3.960047988298316568e+01 2.256675783243188249e+01
3.965028426911310078e+01 2.262471588870014827e+01
3.970050640123277219e+01 2.253756117340527254e+01
3.975057126679874386e+01 2.252099706279272695e+01
3.980063131454883063e+01 2.245439846577277265e+01
3.985062444376308832e+01 2.243389731875997128e+01
3.990046459422952552e+01 2.239547187645183612e+01
3.995030915473805777e+01 2.236565433941993319e+01
4.000070700697658310e+01 2.235398135394049746e+01
4.005068128997515231e+01 2.235659148691216558e+01
4.010049471442144409e+01 2.227679307099651496e+01
4.015069681665188028e+01 2.219409309879059222e+01
4.020082895179550064e+01 2.220700319818184099e+01
4.025072769209087653e+01 2.219711832629943871e+01
4.030051348483454632e+01 2.221435537010272299e+01
4.035072609931964394e+01 2.213072787764002669e+01
4.040037176569849464e+01 2.210180797322447788e+01
4.045042667732217012e+01 2.215961031154401084e+01
4.050053434909590777e+01 2.205963773200805278e+01
4.055043005389622834e+01 2.207365586426887205e+01
4.060045540580550494e+01 2.201395380887301556e+01
4.065048092584816430e+01 2.197303574689554395e+01
4.070078642837128058e+01 2.191545845910237844e+01
4.075040725570445943e+01 2.191635460009246827e+01
4.080059557345823151e+01 2.192891543843978042e+01
4.085087876590859679e+01 2.186659972073984548e+01
4.090052355963207731e+01 2.180859109513524885e+01
4.095053410493387958e+01 2.184428129976133448e+01
4.100046890014794343e+01 2.182992042143017386e+01
4.105055555589980543e+01 2.173954690731340733e+01
4.110055962388238271e+01 2.174082466997161234e+01
4.115058724083828423e+01 2.165130124710626447e+01
4.120063807828946523e+01 2.171149525178359596e+01
4.125078781157126429e+01 2.158812252044593194e+01
4.130070977352312411e+01 2.156256715014772851e+01
4.135072597204173661e+01 2.156276649270806445e+01
4.140062101981526865e+01 2.156085036363501217e+01
4.145046210781828933e+01 2.148772277591175239e+01
4.150064410670492521e+01 2.150574359873728270e+01
4.155055390754394296e+01 2.143660711661130591e+01
4.160071856321656014e+01 2.139193575851112783e+01
4.165062465436843553e+01 2.135066914443530450e+01
4.170074665647079826e+01 2.143092037860514054e+01
4.175092031344095034e+01 2.131254399907103192e+01
4.180083223468388809e+01 2.133012412476129782e+01
4.185091650497393800e+01 2.128910651321084302e+01
4.190058894312653592e+01 2.122245213474684178e+01
4.195057327773436384e+01 2.121741758222050223e+01
4.200054620451269471e+01 2.122761137922639563e+01
4.205070097649376493e+01 2.118458611690282822e+01
4.210104367677791259e+01 2.115607695016164769e+01
4.215062999266064736e+01 2.117657417019926669e+01
4.220062489273367845e+01 2.118323957963676918e+01
4.225072019983769422e+01 2.110916184520264238e+01
4.230080984542261291e+01 2.107846645974536059e+01
4.235048512465247939e+01 2.102831542372942053e+01
4.240039033711827443e+01 2.097496465108541841e+01
4.245058113897258067e+01 2.095325525756874541e+01
4.250051056501101243e+01 2.098630253797212930e+01
4.255075469310492764e+01 2.086624783662166749e+01
4.260088839389085535e+01 2.091398509870619904e+01
4.265066822100642696e+01 2.081510059402355139e+01
4.270042497031288775e+01 2.083144041667392443e+01
4.275056154529104191e+01 2.080337661892688317e+01
4.280061966166783094e+01 2.085099160233529858e+01
4.285072612642605350e+01 2.078183371512903932e+01
4.290063911686539910e+01 2.075626822761890367e+01
4.295047238065683359e+01 2.072049867094157705e+01
4.300068081100387474e+01 2.066167048248961180e+01
4.305065341004009127e+01 2.069080945735161237e+01
4.310092706765931325e+01 2.065128886069371461e+01
4.315079602200330555e+01 2.062160773307110162e+01
4.320049660447120488e+01 2.061919444387535449e+01
4.325044276895134487e+01 2.054228527715427433e+01
4.330057972539024291e+01 2.055901605723584069e+01
4.335073935269073786e+01 2.061666985813101149e+01
4.340062665975187173e+01 2.054542982597486400e+01
4.345083521863485743e+01 2.051766743879547761e+01
4.350080434733149559e+01 2.048124868001568899e+01
4.355066849370164306e+01 2.041829677402143517e+01
4.360066807944897249e+01 2.045165651794048856e+01
4.365063945197720585e+01 2.041998290530333193e+01
4.370057186563911955e+01 2.032042134215614126e+01
4.375058189073340742e+01 2.025954253672228944e+01
4.380066239129499195e+01 2.032671800947867524e+01
4.385070439948531629e+01 2.027232994252364406e+01
4.390071035686884926e+01 2.023342552311962450e+01
4.395067528124658196e+01 2.024083410613759071e+01
4.400082397187517103e+01 2.018517685924564731e+01
4.405064825126752481e+01 2.025441267970003523e+01
4.410055966609562716e+01 2.014811966394408316e+01
4.415064464392477106e+01 2.004588852738399396e+01
4.420062521994253046e+01 2.007330863652878250e+01
4.425074133285379219e+01 2.005990967099024402e+01
4.430056633737652305e+01 1.999130253405254365e+01
4.435070835691129076e+01 1.991099052155427529e+01
4.440078972329759210e+01 1.994292742141579211e+01
4.445074787044538311e+01 1.992154856808281949e+01
4.450068873751220622e+01 1.973589346931369803e+01
4.455068020915655325e+01 1.982242888194020836e+01
4.460077488805040957e+01 1.975099204770739192e+01
4.465062459263209860e+01 1.974030207884941746e+01
4.470071478766311657e+01 1.972303642572567028e+01
4.475070854589100833e+01 1.973250631617793260e+01
4.480054713876269545e+01 1.964086416472092012e+01
4.485054816752502660e+01 1.960434143605203161e+01
4.490070656619563039e+01 1.959056085978194517e+01
4.495070056087058674e+01 1.955836222083309650e+01
4.500056910314840763e+01 1.953533706626418009e+01
4.505070887203213914e+01 1.953991821210162527e+01
4.510061236772134663e+01 1.950192094627280071e+01
4.515073277013259201e+01 1.947674136458851635e+01
4.520069200387877117e+01 1.943598378546928629e+01
4.525066379076972112e+01 1.946501740297801319e+01
4.530070851487537453e+01 1.932540261290699846e+01
4.535066554677655404e+01 1.932236414140946934e+01
4.540070412847448011e+01 1.925075267244426769e+01
4.545055029283572168e+01 1.926059842675261535e+01
4.550056965286096755e+01 1.925419545753605632e+01
4.555054912766672004e+01 1.918990246701089930e+01
4.560058025539878912e+01 1.917636013963705466e+01
4.565062272089560480e+01 1.916374812023263985e+01
4.570060765623707510e+01 1.914286386373018090e+01
4.575072027820378651e+01 1.912783699285514771e+01
4.580063544467018488e+01 1.905434282949252989e+01
4.585061524648342157e+01 1.908018350333847479e+01
4.590038557800846775e+01 1.904439852025015867e+01
4.595044581013677742e+01 1.901840978047474451e+01
4.600053540272723041e+01 1.898196486689601770e+01
4.605059275114101780e+01 1.895297284353548406e+01
4.610084778734601940e+01 1.896219505307496078e+01
4.615078372778435067e+01 1.893338185764094916e+01
4.620079763110578597e+01 1.888771260545052399e+01
4.625069257879680862e+01 1.890025704051419808e+01
4.630076930310873706e+01 1.885127259822381873e+01
4.635061760445957191e+01 1.887107738953376312e+01
4.640048883980021799e+01 1.884109188861066997e+01
4.645059142980773004e+01 1.875368730270080775e+01
4.650073860852782559e+01 1.877532553166037843e+01
4.655062247296019962e+01 1.875606838057415260e+01
4.660054129780100141e+01 1.865939456444373334e+01
4.665067910891992398e+01 1.869000578703703752e+01
4.670057831041176399e+01 1.863262266015579627e+01
4.675073081291679244e+01 1.857261400649124639e+01
4.680064903311568969e+01 1.854506709035452872e+01
4.685054893440595691e+01 1.856382191429747763e+01
4.690047720868597025e+01 1.853903729012441559e+01
4.695055373767551288e+01 1.845506636387437283e+01
4.700068443481134040e+01 1.850438527032902414e+01
4.705054892794714760e+01 1.844720608551886443e+01
4.710090191639649504e+01 1.841956819261750411e+01
4.715086923685525022e+01 1.837072001454115977e+01
4.720079403182356970e+01 1.833181797504918720e+01
4.725071271028107134e+01 1.831558045528685952e+01
4.730064744448333869e+01 1.830607253034294857e+01
4.735056319112582912e+01 1.824927126968282920e+01
4.740048645981774200e+01 1.818902581767105886e+01
4.745072982557754671e+01 1.819274431132684455e+01
4.750080386038112579e+01 1.820889708038369648e+01
4.755087940005583391e+01 1.819121894375306780e+01
4.760072805312179867e+01 1.817177330360561172e+01
4.765067020928979247e+01 1.809588458383168330e+01
4.770065166037148430e+01 1.807378024261108607e+01
4.775059472584882059e+01 1.806540749529158774e+01
4.780054320846981142e+01 1.795457733788017407e+01
4.785051871527539191e+01 1.801936304402764222e+01
4.790068485360295369e+01 1.796057020363232937e+01
4.795068468835729902e+01 1.791881722193074467e+01
4.800081266340075814e+01 1.791086434821332674e+01
4.805067758293061075e+01 1.783772830300242873e+01
4.810057955891159054e+01 1.785397844392789679e+01
4.815065247583424224e+01 1.786434379479176116e+01
4.820058876752798938e+01 1.788118021675780156e+01
4.825062758151098308e+01 1.776602243018056626e+01
4.830050891861813511e+01 1.776088368016102592e+01
4.835059949104871180e+01 1.776292053184075215e+01
4.840061817680124534e+01 1.772324664580992248e+01
4.845059197059676848e+01 1.771584006462035532e+01
4.850071348765496282e+01 1.769471953821728505e+01
4.855070861047948938e+01 1.765302705598714184e+01
4.860079885823664370e+01 1.762273716344817487e+01
4.865073159027676297e+01 1.758217816225577224e+01
4.870062505589664426e+01 1.755068829025175958e+01
4.875064142241748044e+01 1.750674913994551574e+01
4.880070725855863856e+01 1.750890685154630333e+01
4.885077510260894940e+01 1.748898047515236343e+01
4.890071465607211110e+01 1.747007017571703358e+01
4.895074531240822324e+01 1.747488869755134644e+01
4.900073502381767554e+01 1.740890595131392260e+01
4.905077811013303801e+01 1.740123427783782262e+01
4.910070723550170868e+01 1.730372054404554660e+01
4.915070259051960733e+01 1.733468022687267762e+01
4.920063847882943975e+01 1.732414693702549613e+01
4.925059680352623559e+01 1.731738820525272970e+01
4.930058817457437215e+01 1.726246816967890041e+01
4.935066150186425205e+01 1.719016584600681696e+01
4.940082702243974921e+01 1.721919902918875067e+01
4.945071213629248774e+01 1.720926591748640533e+01
4.950066337522281401e+01 1.713326048375221689e+01
4.955070025329212768e+01 1.713100164505614487e+01
4.960068424121411823e+01 1.707825101654968947e+01
4.965064114312914256e+01 1.704347909225108992e+01
4.970072747776619337e+01 1.705926286175274953e+01
4.975072021790703047e+01 1.701749677174228381e+01
4.980057431660738132e+01 1.698868314321926576e+01
4.985075637656007075e+01 1.700075324199425708e+01
4.990071580811433449e+01 1.693456977018401943e+01
4.995063927006449234e+01 1.691374840833802651e+01
5.000060084925996762e+01 1.691504211061916862e+01
5.005045873064565853e+01 1.687098240898849255e+01
5.010048364727365566e+01 1.688215635208574739e+01
5.015058301511334093e+01 1.685993860515123899e+01
5.020059771037254848e+01 1.678838391426281973e+01
5.025046478966564933e+01 1.679812257962240452e+01
5.030058377984222062e+01 1.681006953545764304e+01
5.035069760041683651e+01 1.671556249875122191e+01
5.040084924235802077e+01 1.675728115696711740e+01
5.045068624624399689e+01 1.669594131049851171e+01
5.050060330114866503e+01 1.667261483619833129e+01
5.055056632414860474e+01 1.665320895522388156e+01
5.060048892831081702e+01 1.663328647964440421e+01
5.065076270012374238e+01 1.662962676051142452e+01
5.070074418145034656e+01 1.658939609497645407e+01
5.075072033235919378e+01 1.651473000742544528e+01
5.080056856830650247e+01 1.651803807372199273e+01
5.085063996342848469e+01 1.649606583965282880e+01
5.090079576010987950e+01 1.644056770997149641e+01
5.095067199178613038e+01 1.647209028440170542e+01
5.100077085900777263e+01 1.639094201577520948e+01
5.105066948456282461e+01 1.636956232136801859e+01
5.110067782431391947e+01 1.635257500848237910e+01
5.115071056813979311e+01 1.635903621713418588e+01
5.120086418384877192e+01 1.627827045155108365e+01
5.125089251453216832e+01 1.629699741590803086e+01
5.130069535899511379e+01 1.623541133139585213e+01
5.135077314432863460e+01 1.624912155734138963e+01
5.140079527368695267e+01 1.621066101146615779e+01
5.145076795720253671e+01 1.614750090417634354e+01
5.150067190460001854e+01 1.615189221628758176e+01
5.155055705950405098e+01 1.610527039000791305e+01
5.160060338144170089e+01 1.609595031167870260e+01
5.165077786608629395e+01 1.603181322036215661e+01
5.170079892531500576e+01 1.602715185527219433e+01
5.175076409355646234e+01 1.601169429423060819e+01
5.180081050879348936e+01 1.602433783732815442e+01
5.185063236522091756e+01 1.596742323663173480e+01
5.190063627192509443e+01 1.596486544236950955e+01
5.195045194769984676e+01 1.591064371538533884e+01
5.200055348012200085e+01 1.590774666744280808e+01
5.205073650353721604e+01 1.589053899268698800e+01
5.210082264320564605e+01 1.583763524964150626e+01
5.215074029641194642e+01 1.580256705276524798e+01
5.220060961371469688e+01 1.585367871397100181e+01
5.225071803781900570e+01 1.579598183364865882e+01
5.230056258642265021e+01 1.576785627646818355e+01
5.235053885698353326e+01 1.575789082080200565e+01
5.240052133702501891e+01 1.571240346031460433e+01
5.245061225630747259e+01 1.561646548858725936e+01
5.250071488624668348e+01 1.563910298987998182e+01
5.255058134901026534e+01 1.565241400100026681e+01
5.260070941839639147e+01 1.560964553231550234e+01
5.265077959906204796e+01 1.557721663489309094e+01
5.270071039049599904e+01 1.558742716769836356e+01
5.275067087002464206e+01 1.555682501297920695e+01
5.280057513073043651e+01 1.552773065734703906e+01
5.285048295724897827e+01 1.546559620596205953e+01
5.290064806091204730e+01 1.546066007833115563e+01
5.295076237312280654e+01 1.543071889247442385e+01
5.300071428026349452e+01 1.538735876659914581e+01
5.305094238809233786e+01 1.539091813229329198e+01
5.310087107769089698e+01 1.540388054927331218e+01
5.315076924934483316e+01 1.538953127485977745e+01
5.320050195368721546e+01 1.533756920826640524e+01
5.325049837735429747e+01 1.527490388713286329e+01
5.330065167941499737e+01 1.534264679439793611e+01
5.335069576743354247e+01 1.526652049630075325e+01
5.340090396500927739e+01 1.522706468189972995e+01
5.345084246007032647e+01 1.521568542932173251e+01
5.350083523446005529e+01 1.521242430676274004e+01
5.355075183860127197e+01 1.517326374089884133e+01
5.360082432592102464e+01 1.511921465968586276e+01
5.365091818824257075e+01 1.511505430496928426e+01
5.370059238608737218e+01 1.508046503554887607e+01
5.375066957950130586e+01 1.504233004333382873e+01
5.380067487411135829e+01 1.501971452967934972e+01
5.385058139128504706e+01 1.503092930008439154e+01
5.390070192466438925e+01 1.498685809636676325e+01
5.395078131761895435e+01 1.496087915818058534e+01
5.400058870545096568e+01 1.496683645715926936e+01
5.405068033207550116e+01 1.490309287877127353e+01
5.410072161653349809e+01 1.485429700006056919e+01
5.415067609690787265e+01 1.490532763661670224e+01
5.420060581925445575e+01 1.483084808243689068e+01
5.425053353070867246e+01 1.484354713534743730e+01
5.430068570154838170e+01 1.484013401094237494e+01
5.435066411431858313e+01 1.480561662702961456e+01
5.440080914129376310e+01 1.477837370646856208e+01
5.445080163590567679e+01 1.475689104207252278e+01
5.450081660501099634e+01 1.472584875758500189e+01
5.455078215982349121e+01 1.470047579011323613e+01
5.460050313376459741e+01 1.468919333672000782e+01
5.465064987509153127e+01 1.465233069964308932e+01
5.470081260773268639e+01 1.466922219708585828e+01
5.475070460284505458e+01 1.463238976406502623e+01
5.480047950030435544e+01 1.458485360253913932e+01
5.485062926285060314e+01 1.459335140771637107e+01
5.490064179093323560e+01 1.456420259791887339e+01
5.495054313845735550e+01 1.455022080552511810e+01
5.500079655004624613e+01 1.449680803552795183e+01
5.505072119771764960e+01 1.447581888105599823e+01
5.510064043814401913e+01 1.450686640140695616e+01
5.515067446589753075e+01 1.442889493036026316e+01
5.520076119843602669e+01 1.441365284204795572e+01
5.525078088792644593e+01 1.441997096537028611e+01
5.530081900620841395e+01 1.439276938192468869e+01
5.535082610383302892e+01 1.434603408312917949e+01
5.540073174404310663e+01 1.433615547630123643e+01
5.545062967977569457e+01 1.434071143647067181e+01
5.550057000431460352e+01 1.429828694624732499e+01
5.555071841742697103e+01 1.425702988145710037e+01
5.560062756007631890e+01 1.422066092272800297e+01
5.565055936735502939e+01 1.422479911637698180e+01
5.570060012874240130e+01 1.415818071985290416e+01
5.575053199084554478e+01 1.417032258327026639e+01
5.580071707753494792e+01 1.413001315223254473e+01
5.585068299905342570e+01 1.409385288441265693e+01
5.590076095627701847e+01 1.405254693150635248e+01
5.595061593594395077e+01 1.403569459086854287e+01
5.600059719570929673e+01 1.400917642903869265e+01
5.605071976431674585e+01 1.403299802273353514e+01
5.610071043481956110e+01 1.394991032539072506e+01
5.615079356577659553e+01 1.394235777957616484e+01
5.620061827311953806e+01 1.394391322476405648e+01
5.625076579374169228e+01 1.388698217583236172e+01
5.630076324283498934e+01 1.387974440560635436e+01
5.635054101137028226e+01 1.385564728498969167e+01
5.640050948138840425e+01 1.385398630894068717e+01
5.645054455800144666e+01 1.381314295046870910e+01
5.650073481325052427e+01 1.381523859261808873e+01
5.655073477457435871e+01 1.377502129619198357e+01
5.660073824559485445e+01 1.373944576215091651e+01
5.665074086704029810e+01 1.371789924656522430e+01
5.670079376222318501e+01 1.371043669046974856e+01
5.675065281761889935e+01 1.367284329111528152e+01
5.680050522544234326e+01 1.365547981689063839e+01
5.685029008354570834e+01 1.363992204790724116e+01
5.690039644117692319e+01 1.362326309115972123e+01
5.695066971981956527e+01 1.359268616297954146e+01
5.700060778658993144e+01 1.357959812421615098e+01
5.705072362469287839e+01 1.357526139621684536e+01
5.710062844583793407e+01 1.355877832186856402e+01
5.715063642460044946e+01 1.353378830029751612e+01
5.720052563749149499e+01 1.348196874569656956e+01
5.725057250158966582e+01 1.344220495896843737e+01
5.730070061666543069e+01 1.342723078262383574e+01
5.735059468705980379e+01 1.342999052118210024e+01
5.740068046681047065e+01 1.335907524024110948e+01
5.745062246045310417e+01 1.334388087438158088e+01
5.750071044277198240e+01 1.334157374972334686e+01
5.755079038725750706e+01 1.332133767251388434e+01
5.760081478585422587e+01 1.330422095316258080e+01
5.765084819486575185e+01 1.328991667047514547e+01
5.770069974390386847e+01 1.325444047113812829e+01
5.775064567173122754e+01 1.321310617502659213e+01
5.780071185781467591e+01 1.321556896965029537e+01
5.785070888559319968e+01 1.316991356709505467e+01
5.790063092839579895e+01 1.315309795005815907e+01
5.795076274408464201e+01 1.311411308517430463e+01
5.800068408155547672e+01 1.308021794523852499e+01
5.805066207662181199e+01 1.305522555411180008e+01
5.810058441680767771e+01 1.308218125672226861e+01
5.815050057807743400e+01 1.303421286843620663e+01
5.820058481270466899e+01 1.301467820219949623e+01
5.825054799922251192e+01 1.299751392425799423e+01
5.830062176282278585e+01 1.295895435761712378e+01
5.835064111592163982e+01 1.293841768168523920e+01
5.840075419903320153e+01 1.289015462734735173e+01
5.845083088551552919e+01 1.290261532068153372e+01
5.850080154356264472e+01 1.293013518297269826e+01
5.855080032980847449e+01 1.287357485033266613e+01
5.860057089650905482e+01 1.284174766217509855e+01
5.865057581360016314e+01 1.283987212031931335e+01
5.870061249080675481e+01 1.279086633876163148e+01
5.875063584132967520e+01 1.279547263006585744e+01
5.880052804622530971e+01 1.274160588755819212e+01
5.885049062313584045e+01 1.272795615605127928e+01
5.890068540929838292e+01 1.270795790894054100e+01
5.895074667686701986e+01 1.269524313838953411e+01
5.900079285975216692e+01 1.265932270512880820e+01
5.905072163601161606e+01 1.263818307245043826e+01
5.910053840968517136e+01 1.262839848603045212e+01
5.915055836907099263e+01 1.261111050952195356e+01
5.920078583096847069e+01 1.256708872559477008e+01
5.925078445624479428e+01 1.256611201298701275e+01
5.930073572141976967e+01 1.255242771148222225e+01
5.935077471148129291e+01 1.251485157377272195e+01
5.940084008989509812e+01 1.249944229492515291e+01
5.945076794887749827e+01 1.251101029381812246e+01
5.950063683779239909e+01 1.249250431062008992e+01
5.955077877209936332e+01 1.244351946652657936e+01
5.960060236443837312e+01 1.243350001068444577e+01
5.965054645934751676e+01 1.243042789561165407e+01
5.970063068222594893e+01 1.241235961225440398e+01
5.975062169048680261e+01 1.240130241961091428e+01
5.980081898179457056e+01 1.236288047591576245e+01
5.985070991520160533e+01 1.234096205942891089e+01
5.990063533403414198e+01 1.230312415147700200e+01
5.995058497985625223e+01 1.232132163810548597e+01
6.000058384167378733e+01 1.224486703544786614e+01
6.005053987652184588e+01 1.223148175833375895e+01
6.010045421237759911e+01 1.223573937275910595e+01
6.015064859381300977e+01 1.220704530116122832e+01
6.020071100610303461e+01 1.219790341134228129e+01
6.025064422090846250e+01 1.214607150190186857e+01
6.030080715923693901e+01 1.211734525392343897e+01
6.035080229029196630e+01 1.212588637661776936e+01
6.040061132077143924e+01 1.209381127897573549e+01
6.045063089445540783e+01 1.206657379066993308e+01
6.050051327979302584e+01 1.204131598484638310e+01
6.055046586021543931e+01 1.204285263062125999e+01
6.060066561403655072e+01 1.199303976542003269e+01
6.065060531728364168e+01 1.195942229401594048e+01
6.070058213762547439e+01 1.196628574667589540e+01
6.075049250711255411e+01 1.193182400617785888e+01
6.080072220556943563e+01 1.192234824338176402e+01
6.085080501817724041e+01 1.189919619254492922e+01
6.090072241368302031e+01 1.186616406931718970e+01
6.095072344314405655e+01 1.184790695692923812e+01
6.100064471556180479e+01 1.182848953360015720e+01
6.105074558218583292e+01 1.181232566470239753e+01
6.110075563535039578e+01 1.179912442178797249e+01
6.115084051183571034e+01 1.180231157527697405e+01
6.120073852296442141e+01 1.176279870423767093e+01
6.125069677240534105e+01 1.174909285541974846e+01
6.130078678126051983e+01 1.173601952180682950e+01
6.135074668185310287e+01 1.169801837112478893e+01
6.140074771504353635e+01 1.168314846761368209e+01
6.145066576833651339e+01 1.168205463375219288e+01
6.150056726797252082e+01 1.165310750966112963e+01
6.155052199605525942e+01 1.166333780617784655e+01
6.160067465714389101e+01 1.161879486191990729e+01
6.165067242892764909e+01 1.162923716819464026e+01
6.170067030649844497e+01 1.162980038613557809e+01
6.175066561361092710e+01 1.157807838418393764e+01
6.180067991116586512e+01 1.157248199656448051e+01
6.185058426725945679e+01 1.152123300087646207e+01
6.190038579212198044e+01 1.150330357729992770e+01
6.195062912658430321e+01 1.147393180270853463e+01
6.200054455848771084e+01 1.145286158636545082e+01
6.205045608676216062e+01 1.146039766604462962e+01
6.210065680711953462e+01 1.145250287878566375e+01
6.215064819109176142e+01 1.139820555347141351e+01
6.220063023545002778e+01 1.138490265374256438e+01
6.225056036774524415e+01 1.134951525264333405e+01
6.230057029581633543e+01 1.131981265292310823e+01
6.235056477868997149e+01 1.131741601790058205e+01
6.240070311510407208e+01 1.129549997904192615e+01
6.245087981397324484e+01 1.126630100579724747e+01
6.250075171045033784e+01 1.125884318441931242e+01
6.255079729562886115e+01 1.123789497668195381e+01
6.260063960014294082e+01 1.121086614759658850e+01
6.265063784798040558e+01 1.119221541627401706e+01
6.270068305958778154e+01 1.116902902657775698e+01
6.275066561381144226e+01 1.114888291832589751e+01
6.280070487697192050e+01 1.114414063251910392e+01
6.285071948848923284e+01 1.111928102226502446e+01
6.290083993008494190e+01 1.108810555186540014e+01
6.295081676641085977e+01 1.106820184413896158e+01
6.300068683398932734e+01 1.104420572916666643e+01
6.305066180073792736e+01 1.102893706556572795e+01
6.310071566505131813e+01 1.100745747797337692e+01
6.315063473160932972e+01 1.100288897568782787e+01
6.320071410390065125e+01 1.099494235259433061e+01
6.325070212739828435e+01 1.096946477910388218e+01
6.330067373965293598e+01 1.094413043204750657e+01
6.335086637769684614e+01 1.094474353516327625e+01
6.340075853883547552e+01 1.090125653872817679e+01
6.345085909834993743e+01 1.088168287492044328e+01
6.350074052305416927e+01 1.083597050398211969e+01
6.355074211049213773e+01 1.081362601372426724e+01
6.360070004991064252e+01 1.079086216664548026e+01
6.365046078357857340e+01 1.079330359374218951e+01
6.370059063423332191e+01 1.077534137779659851e+01
6.375058423596151158e+01 1.077433119157061903e+01
6.380070654720426404e+01 1.075220947390237924e+01
6.385073591118687375e+01 1.072240131992506385e+01
6.390071077096509811e+01 1.070912238399950489e+01
6.395066974511460245e+01 1.070204789675677404e+01
6.400073832788034167e+01 1.064608461908836290e+01
6.405072727132748867e+01 1.064193660421356924e+01
6.410042485383993949e+01 1.060822997218476971e+01
6.415040342529097472e+01 1.059617842477167216e+01
6.420058933624704878e+01 1.057643074533734229e+01
6.425075689310219218e+01 1.057304078338206565e+01
6.430074059785791007e+01 1.055962252285416270e+01
6.435073239392266942e+01 1.052596630236377528e+01
6.440068334788421112e+01 1.049139899875758175e+01
6.445081674355536450e+01 1.050667150306465025e+01
6.450077001850063141e+01 1.045759271651678546e+01
6.455062786306609723e+01 1.044340429518680402e+01
6.460074774320564472e+01 1.044902368357614364e+01
6.465057417145177965e+01 1.040083971893267112e+01
6.470063659512929632e+01 1.038433469763094585e+01
6.475068947408398401e+01 1.037898654447465319e+01
6.480066604957306708e+01 1.035957347663743633e+01
6.485070380543818658e+01 1.033719576616789837e+01
6.490082017193319075e+01 1.032654049690555276e+01
6.495091978387250720e+01 1.028119131997136115e+01
6.500079650806792131e+01 1.027490921708334071e+01
6.505077306231818568e+01 1.024002242788583494e+01
6.510072438062935873e+01 1.023307043196418498e+01
6.515060376587864255e+01 1.022199166413251525e+01
6.520062617090036383e+01 1.021208546453049948e+01
6.525067363761262129e+01 1.018178124167332754e+01
6.530069142186557940e+01 1.016143853072572512e+01
6.535065255382559712e+01 1.013000335317170197e+01
6.540072432906758593e+01 1.012644612760391460e+01
6.545072134725472779e+01 1.011173970877851858e+01
6.550067517520525939e+01 1.008157612212483123e+01
6.555061567814142620e+01 1.005951928851520805e+01
6.560071804978089460e+01 1.002461369962501081e+01
6.565074992402898602e+01 1.003329774895882665e+01
6.570073563602359457e+01 1.000334390073385649e+01
6.575081836235639798e+01 9.998653890395081234e+00
6.580067310797147684e+01 9.970190782516741734e+00
6.585061954733382095e+01 9.933824288841853090e+00
6.590052302224263769e+01 9.934023770386692931e+00
6.595052826667320289e+01 9.891673652385774673e+00
6.600053918408119102e+01 9.877633163675948680e+00
6.605046954238856927e+01 9.867309702142485150e+00
6.610057363466796687e+01 9.842824407555941235e+00
6.615059008408327657e+01 9.832008782950472536e+00
6.620061791133673523e+01 9.817264008441563661e+00
6.625064855268836084e+01 9.787973985574911495e+00
6.630072856218191646e+01 9.752817744595484228e+00
6.635065875684698256e+01 9.751405873683452796e+00
6.640064264940966154e+01 9.741171531867015787e+00
6.645073824784918770e+01 9.711240010201128925e+00
6.650067115149393260e+01 9.705983253742211048e+00
6.655065369910670370e+01 9.680244441395240429e+00
6.660067342842303617e+01 9.682382567245873872e+00
6.665061323825229067e+01 9.658058303235160125e+00
6.670060323996554530e+01 9.624080633134489915e+00
6.675068430972328315e+01 9.644556059578015095e+00
6.680058418726099490e+01 9.595558830761056868e+00
6.685071694749524340e+01 9.562221450973254377e+00
6.690068793049118767e+01 9.558615411602271905e+00
6.695061923607941878e+01 9.532159181856096453e+00
6.700068639194881825e+01 9.516767694663444743e+00
6.705067682126600914e+01 9.491039672833757379e+00
6.710077604805209717e+01 9.474355948371906422e+00
6.715060699182339476e+01 9.454575639643282514e+00
6.720066061294389215e+01 9.421469091922782368e+00
6.725075986721213894e+01 9.395325153494383130e+00
6.730052522264658421e+01 9.392947727349078235e+00
6.735062924116799365e+01 9.386870696484487908e+00
6.740060732150529077e+01 9.361918677465142835e+00
6.745053620466653399e+01 9.344572129867232846e+00
6.750066425390348002e+01 9.315740874233654267e+00
6.755082937688051459e+01 9.312740503993719443e+00
6.760072503679658951e+01 9.273918356420510989e+00
6.765062988820275791e+01 9.241305695627014316e+00
6.770069412468146197e+01 9.247871624324449868e+00
6.775062100887190297e+01 9.235471175158659562e+00
6.780056248816653408e+01 9.203690098835545896e+00
6.785055195196578381e+01 9.194175623182797352e+00
6.790059441818515040e+01 9.186501969747089547e+00
6.795044836699864277e+01 9.144432958429815628e+00
6.800048085798178477e+01 9.135960897741002285e+00
6.805067835923897235e+01 9.131824733195470500e+00
6.810072656466435603e+01 9.108699797207206572e+00
6.815070145771700538e+01 9.105995098492554618e+00
6.820064337944950239e+01 9.072358326305193899e+00
6.825063037684658696e+01 9.047032886151205489e+00
6.830061409162452435e+01 9.036657736119879658e+00
6.835082789549002769e+01 9.019570604032820071e+00
6.840074162891980336e+01 9.005542441631734008e+00
6.845061665390170447e+01 8.983030802635761702e+00
6.850060607525895762e+01 8.964269738238009211e+00
6.855041616181789266e+01 8.964462609911532098e+00
6.860055351875693930e+01 8.920112808385100678e+00
6.865067407391181575e+01 8.946230473020902352e+00
6.870082429657925616e+01 8.898961913633783638e+00
6.875066073594551597e+01 8.874120255030142346e+00
6.880065260215600631e+01 8.882938120181147923e+00
6.885081659029681589e+01 8.887073898796741034e+00
6.890064504945875967e+01 8.834165601363588749e+00
6.895067122144425298e+01 8.825788031003801493e+00
6.900074781618619113e+01 8.820384289639395803e+00
6.905078903998277440e+01 8.784931557587396966e+00
6.910062926068043510e+01 8.790725561728436332e+00
6.915076312115429857e+01 8.773541914662512653e+00
6.920087728366590341e+01 8.718383619195888556e+00
6.925064015234329418e+01 8.730155378659015142e+00
6.930071161473770758e+01 8.699964548784810958e+00
6.935069662042847938e+01 8.692870833251003404e+00
6.940067336527617670e+01 8.639034378239156098e+00
6.945052358078594068e+01 8.638148638037973726e+00
6.950069882003045052e+01 8.619594625222600115e+00
6.955065043974518346e+01 8.607627201230529934e+00
6.960063238637687277e+01 8.589679975008781554e+00
6.965076356245934619e+01 8.570862509739946233e+00
6.970066267261935877e+01 8.538029322748180050e+00
6.975077150840287743e+01 8.541331293592028473e+00
6.980064065908266002e+01 8.497673050943820527e+00
6.985059517066410706e+01 8.499608339397825674e+00
6.990058917780882553e+01 8.470114496911426372e+00
6.995052199767907553e+01 8.455605231946881517e+00
7.000053278111315080e+01 8.424666092173888288e+00
7.005054756946375960e+01 8.419587020648966913e+00
7.010071906655107910e+01 8.401846193006294428e+00
7.015073724783538012e+01 8.372185990894799090e+00
7.020076257112617668e+01 8.365640463345050293e+00
7.025071380996972437e+01 8.349966249578919530e+00
7.030079663510109356e+01 8.323854238237014869e+00
7.035073212561979972e+01 8.322801725857363664e+00
7.040052429241477228e+01 8.308149553787334440e+00
7.045058297496383659e+01 8.258726050129293839e+00
7.050059401138639714e+01 8.285247281735728109e+00
7.055066771787184621e+01 8.259656073601920667e+00
7.060067847038419586e+01 8.223140537856069798e+00
7.065080545095293019e+01 8.229838101557904295e+00
7.070079978376851670e+01 8.204729664512720788e+00
7.075070557410046490e+01 8.169621055107416652e+00
7.080069760468173001e+01 8.184073945800518501e+00
7.085076568503940564e+01 8.154652803255808990e+00
7.090068528896773614e+01 8.123708146203970415e+00
7.095067439269951137e+01 8.105025937420350601e+00
7.100072450262976531e+01 8.083969691588231754e+00
7.105057251719182432e+01 8.080427721980711908e+00
7.110068585668089725e+01 8.075158730654214523e+00
7.115074285288213218e+01 8.048850775116566325e+00
7.120076272882748469e+01 8.021068646785792566e+00
7.125077295257317189e+01 8.022241036341636544e+00
7.130061307931975989e+01 8.009082422111649890e+00
7.135057697783859965e+01 7.983158932703047661e+00
7.140051818309896703e+01 7.965514345869118884e+00
7.145058945612221635e+01 7.952852400086155349e+00
7.150064250041292269e+01 7.935133025843223997e+00
7.155074281030603345e+01 7.905741096497710174e+00
7.160077175329789156e+01 7.911565339010016906e+00
7.165072107790369671e+01 7.885349381453071516e+00
7.170061197859612889e+01 7.862804727656594217e+00
7.175068484188005868e+01 7.850766263190451788e+00
7.180069797357522532e+01 7.838331107454603597e+00
7.185052908346605705e+01 7.829303991987549338e+00
7.190049244058428712e+01 7.807402996378205451e+00
7.195053709001591358e+01 7.784102105608874389e+00
7.200073012147062457e+01 7.801766338172698489e+00
7.205075630080007443e+01 7.753393284611747482e+00
7.210071330313708415e+01 7.757338118138540572e+00
7.215064984114650315e+01 7.733022292290791633e+00
7.220059128500021473e+01 7.713818644754353748e+00
7.225074277424388924e+01 7.706652039251577158e+00
7.230070284600866160e+01 7.676976690381167145e+00
7.235076160584758043e+01 7.655556038994157930e+00
7.240070180179232295e+01 7.628328835926133422e+00
7.245056331583070630e+01 7.626003131021195536e+00
7.250071177019162860e+01 7.622708803395350508e+00
7.255074361448450304e+01 7.589068619696162976e+00
7.260075840165679040e+01 7.583102225359687587e+00
7.265067087776864696e+01 7.561587126893183353e+00
7.270069141245362232e+01 7.532740428492792795e+00
7.275062612949844265e+01 7.530084142628060917e+00
7.280060566645578035e+01 7.493111862128376544e+00
7.285083494007679406e+01 7.498012149494921452e+00
7.290074926781362308e+01 7.473333508427814742e+00
7.295071018587948686e+01 7.455031194422370611e+00
7.300075757484900407e+01 7.433034551881323893e+00
7.305066473261940985e+01 7.436722929250628056e+00
7.310065101246341612e+01 7.399209104938272219e+00
7.315065952968613772e+01 7.399193943305811594e+00
7.320053081975895282e+01 7.361458414732619637e+00
7.325048511196247603e+01 7.373023591803653964e+00
7.330055218649900439e+01 7.361947097186760658e+00
7.335057734944857089e+01 7.336167431224902558e+00
7.340073750616149084e+01 7.331688603550087890e+00
7.345066119334092036e+01 7.310074346826774594e+00
7.350069271235936696e+01 7.306777912060527846e+00
7.355065125487764988e+01 7.287782569049111814e+00
7.360067355715841586e+01 7.270505125406907077e+00
7.365065198231539512e+01 7.259608857545773120e+00
7.370058815992244661e+01 7.243423766681035048e+00
7.375074490261759763e+01 7.226575734038315879e+00
7.380071985283433378e+01 7.219772858963958484e+00
7.385058263397081646e+01 7.197597917074946672e+00
7.390056078789331195e+01 7.179317383379618889e+00
7.395068617524700016e+01 7.156594377064963375e+00
7.400068845601435896e+01 7.140607529424279676e+00
7.405069234902053665e+01 7.139887095442536413e+00
7.410075148925902511e+01 7.123000108429593524e+00
7.415065451124954166e+01 7.097414337419650998e+00
7.420056880557223167e+01 7.096182073344682983e+00
7.425046977775809864e+01 7.060033359833062683e+00
7.430067703812518687e+01 7.048872389296654717e+00
7.435078812041055585e+01 7.034534493200462535e+00
7.440072909355558295e+01 7.036888391630085060e+00
7.445069986529563266e+01 7.035553339707066201e+00
7.450061340117312625e+01 6.996331967236502081e+00
7.455057097008574374e+01 6.990063910525265101e+00
7.460055163076238216e+01 6.968725713428684188e+00
7.465072268894796537e+01 6.950208976101707847e+00
7.470068041522551994e+01 6.941453611713025218e+00
7.475074307693199671e+01 6.925153666539385355e+00
7.480074283832119875e+01 6.909332925683097315e+00
7.485075224222836709e+01 6.889705420161275740e+00
7.490079641521823817e+01 6.885720054429524950e+00
7.495062089049905296e+01 6.875933284757548947e+00
7.500065700575025573e+01 6.868325379829013144e+00
7.505060954964648090e+01 6.848800085108289082e+00
7.510068713387616413e+01 6.832779534921174402e+00
7.515072625551053420e+01 6.812983628743413789e+00
7.520069140860303492e+01 6.788881884080571361e+00
7.525086333528427929e+01 6.772179176998077033e+00
7.530082937888276717e+01 6.763210792301545204e+00
7.535074694540101348e+01 6.736194572746981635e+00
7.540074504067418104e+01 6.729181169485070058e+00
7.545074662538237931e+01 6.719502055804206009e+00
7.550056337259302097e+01 6.706027172731377384e+00
7.555052049369368206e+01 6.685772504701454899e+00
7.560065310698057317e+01 6.661194099029306592e+00
7.565075416816121390e+01 6.663683954828028000e+00
7.570071701664222985e+01 6.643494496464616539e+00
7.575061222851250875e+01 6.605263361337298633e+00
7.580065553187749572e+01 6.617914122513295361e+00
7.585058469350046551e+01 6.599234990045600213e+00
7.590066946690396321e+01 6.579689981285961053e+00
7.595068836056216810e+01 6.567163736263736951e+00
7.600060267883431209e+01 6.561375958307078093e+00
7.605067801604742783e+01 6.531458806733038358e+00
7.610063384076626392e+01 6.524190130383109576e+00
7.615078978067847970e+01 6.506280953573297943e+00
7.620064171822374988e+01 6.502549196756325145e+00
7.625054711672333951e+01 6.476348662020558145e+00
7.630061089920927486e+01 6.453660890389370408e+00
7.635063093560049197e+01 6.458668703812062262e+00
7.640070055742589261e+01 6.427780091178013855e+00
7.645076656619778532e+01 6.420620013941600313e+00
7.650077950005926652e+01 6.424422705471275918e+00
7.655064655604263635e+01 6.395069255542006559e+00
7.660067666767272954e+01 6.378265120826931422e+00
7.665071231411040742e+01 6.377457355635230307e+00
7.670071940767236640e+01 6.354674195139738302e+00
7.675062818207145199e+01 6.335166475860299684e+00
7.680054458200679335e+01 6.326049075258201704e+00
7.685066700412623675e+01 6.307200750124807520e+00
7.690075471397413764e+01 6.288138172289299277e+00
7.695071244317165338e+01 6.288813165781272474e+00
7.700064457769639148e+01 6.265112240413375666e+00
7.705070218816516103e+01 6.248488987209891654e+00
7.710061276796189134e+01 6.240993511448754028e+00
7.715066621205893682e+01 6.226007900453859101e+00
7.720073160652232502e+01 6.207213930348258302e+00
7.725066506753948659e+01 6.206314314726851578e+00
7.730053675289693160e+01 6.178632747834736705e+00
7.735056956870909062e+01 6.181935583323895145e+00
7.740076694830369775e+01 6.157807358106858864e+00
7.745065508889175021e+01 6.160587373922263410e+00
7.750075270658241777e+01 6.126966949984548272e+00
7.755075245463144995e+01 6.130184996578809553e+00
7.760063065984935804e+01 6.099292445890447389e+00
7.765070321575937839e+01 6.095447147843047198e+00
7.770058184131811174e+01 6.090443901351515699e+00
7.775045631228616116e+01 6.072904643615864906e+00
7.780052299955025319e+01 6.051090298915164034e+00
7.785061811322584902e+01 6.051454198068145551e+00
7.790069755814592156e+01 6.030990985745020794e+00
7.795066993509645670e+01 6.014184186747614902e+00
7.800070320426156911e+01 5.995393478661751985e+00
7.805076988395472881e+01 5.999638853741465105e+00
7.810068407994884865e+01 5.977600113893323019e+00
7.815063458329811397e+01 5.972418648520491757e+00
7.820071803115827436e+01 5.969093198525244226e+00
7.825068518292077613e+01 5.947752102491549842e+00
7.830071889907812022e+01 5.926513946990630721e+00
7.835056505199914056e+01 5.923435241122708916e+00
7.840063876811422006e+01 5.894652281923805859e+00
7.845076724820752645e+01 5.893823961914620213e+00
7.850062601688682662e+01 5.880791084366132182e+00
7.855066047661884454e+01 5.874997578470306792e+00
7.860066278381508198e+01 5.855010707909522161e+00
7.865070105683354029e+01 5.840229518941285392e+00
7.870060604587553144e+01 5.831503010681481136e+00
7.875065355180748838e+01 5.817742734059368814e+00
7.880076615489335268e+01 5.803519048138182868e+00
7.885061970150083255e+01 5.778408235356359945e+00
7.890069512598000756e+01 5.779292350731339845e+00
7.895064125650461051e+01 5.759524172098028139e+00
7.900061784463736103e+01 5.738980376289702257e+00
7.905068260470351049e+01 5.740505351762978492e+00
7.910073358004940758e+01 5.706730313535445909e+00
7.915067984073604634e+01 5.701946109755565928e+00
7.920060072632530535e+01 5.687962732345368089e+00
7.925070991771819706e+01 5.676001811888964355e+00
7.930076053603696096e+01 5.674815588484888096e+00
7.935075064956362212e+01 5.654035529837599938e+00
7.940072547750777687e+01 5.631114828845472431e+00
7.945072593113725645e+01 5.624733722839730277e+00
7.950062416114546693e+01 5.612325111711899517e+00
7.955061268565088994e+01 5.603229950083857602e+00
7.960060482791865866e+01 5.591323203488593130e+00
7.965063779017333445e+01 5.583895475826794907e+00
7.970067764707702906e+01 5.567190957448921118e+00
7.975065797923312516e+01 5.548420912476500710e+00
7.980064729418937475e+01 5.539235051265449350e+00
7.985057682223765596e+01 5.523288774280238123e+00
7.990072276115488137e+01 5.521305626250896381e+00
7.995070094938157013e+01 5.506474701947952965e+00
8.000052005949608258e+01 5.492162147705254682e+00
8.005064756019791616e+01 5.481449138148177802e+00
8.010064291399586978e+01 5.462446343457159514e+00
8.015065323523694474e+01 5.455767837428393996e+00
8.020069045907618488e+01 5.433352612130180503e+00
8.025074546367891060e+01 5.433419066608462522e+00
8.030068054365692376e+01 5.409243914943004050e+00
8.035062933392651985e+01 5.409924784084351401e+00
8.040062023743929842e+01 5.386243036651366722e+00
8.045058262634873358e+01 5.389990733515412025e+00
8.050060482323091549e+01 5.376382825785865904e+00
8.055065814041469707e+01 5.355430041382395423e+00
8.060061381781277134e+01 5.352127022577977122e+00
8.065049163168612267e+01 5.344389690264453208e+00
8.070067864682820868e+01 5.324413600824292381e+00
8.075072719419868861e+01 5.315283852148412258e+00
8.080069560119804351e+01 5.298157856393659770e+00
8.085072720008511737e+01 5.295387435678773791e+00
8.090059918459566290e+01 5.286174953095684970e+00
8.095069797226732078e+01 5.275825685305153279e+00
8.100072628747037129e+01 5.253552051739173834e+00
8.105066596491020903e+01 5.238971337305921239e+00
8.110053491390247871e+01 5.233997542875103548e+00
8.115064581461599857e+01 5.212303617764183272e+00
8.120071780755598922e+01 5.200153514417817924e+00
8.125056913049471063e+01 5.192616387050630777e+00
8.130062388841243148e+01 5.179841983728358024e+00
8.135060192578023930e+01 5.167912811033807507e+00
8.140059573350035294e+01 5.150743156493057029e+00
8.145064012854679447e+01 5.142266554728668559e+00
8.150073120039212426e+01 5.140092278912728574e+00
8.155075503725153396e+01 5.125668337331709346e+00
8.160059776271727117e+01 5.110949178873459786e+00
8.165051497760852328e+01 5.100697210022073769e+00
8.170062372795770500e+01 5.091933617490845165e+00
8.175068324348895032e+01 5.078483300276766421e+00
8.180065868057219802e+01 5.069537432245010855e+00
8.185060801216476989e+01 5.056559926149282624e+00
8.190060720797325189e+01 5.039913670739675666e+00
8.195073278306765019e+01 5.021494437822245693e+00
8.200068153483279332e+01 5.015388565398458454e+00
8.205065042937812336e+01 5.005996317310981603e+00
8.210065865687079167e+01 5.002575681740215607e+00
8.215069729564295642e+01 4.984355214648304333e+00
8.220080441105518787e+01 4.981159517858695374e+00
8.225072343998640179e+01 4.969788044269967564e+00
8.230069607718056091e+01 4.959216787953117489e+00
8.235055660277505751e+01 4.937565059715024240e+00
8.240063280819842362e+01 4.931934552579045672e+00
8.245071308585386305e+01 4.922829436667887748e+00
8.250065070222582619e+01 4.903173330469305036e+00
8.255080999539379150e+01 4.888925599642393927e+00
8.260060794064355605e+01 4.889642209840907583e+00
8.265058351342750598e+01 4.882720530727541863e+00
8.270070238389254769e+01 4.871715771967499720e+00
8.275059535776185271e+01 4.852122022039401905e+00
8.280068193384541075e+01 4.848528187700330783e+00
8.285065930747785501e+01 4.831990038946027965e+00
8.290056246277856644e+01 4.819169520579575483e+00
8.295061443318822114e+01 4.809719100355170696e+00
8.300069792099935739e+01 4.801319413397799885e+00
8.305058996061495691e+01 4.798648481432087110e+00
8.310064085671682221e+01 4.772103402740285993e+00
8.315062839157525332e+01 4.768162739909894476e+00
8.320060878384710179e+01 4.762671402091631201e+00
8.325063442827286053e+01 4.745144683149741915e+00
8.330056709054171904e+01 4.734395174131123873e+00
8.335053931775884450e+01 4.737294155047913513e+00
8.340053635319384284e+01 4.722921129061536050e+00
8.345063121432903586e+01 4.716731809123690056e+00
8.350055041619420138e+01 4.690814605415573268e+00
8.355057364268577658e+01 4.692124805674265708e+00
8.360054898998552630e+01 4.674851608391101365e+00
8.365051669125759304e+01 4.659365352123838733e+00
8.370058038604668127e+01 4.648157884514449556e+00
8.375051134911305439e+01 4.645832284466948181e+00
8.380059453927552227e+01 4.633634987296489705e+00
8.385050780487192412e+01 4.621032109597309478e+00
8.390061381005928354e+01 4.614256158815819298e+00
8.395070682904152193e+01 4.604350660019338903e+00
8.400061587044575617e+01 4.585946108877026361e+00
8.405066926691544893e+01 4.577534431747481314e+00
8.410062548643203684e+01 4.569426758408149603e+00
8.415073495725221164e+01 4.555128951613764521e+00
8.420083725162690769e+01 4.551915307795896481e+00
8.425076531496900145e+01 4.545659798334064305e+00
8.430060680776267645e+01 4.530906432670480655e+00
8.435055764847578530e+01 4.523851144414362757e+00
8.440061002678389457e+01 4.519334811412325514e+00
8.445077491139556969e+01 4.498311543425089098e+00
8.450078817497008288e+01 4.485351763246500312e+00
8.455074589247141148e+01 4.477524308251687124e+00
8.460073437873982982e+01 4.471542505705553339e+00
8.465066113206482612e+01 4.457051643606239288e+00
8.470071557061724832e+01 4.453917551826188870e+00
8.475065115121917358e+01 4.440220215353776645e+00
8.480063418980859069e+01 4.430047948807777303e+00
8.485066460852381454e+01 4.416861747645000058e+00
8.490062758450689273e+01 4.408940156403422961e+00
8.495075405742173302e+01 4.393893609499993858e+00
8.500058128620887032e+01 4.393679829655439129e+00
8.505052608964408023e+01 4.379615023400487139e+00
8.510053595481066679e+01 4.366912599814023466e+00
8.515058491547064534e+01 4.360543614973559023e+00
8.520072267622893492e+01 4.352330427961831560e+00
8.525065297660262331e+01 4.331267836013085848e+00
8.530061146004418049e+01 4.325885780591562479e+00
8.535060342914304954e+01 4.314470815090245104e+00
8.540066745759193623e+01 4.312239079479337711e+00
8.545060895460365202e+01 4.301235107472473729e+00
8.550057032255175216e+01 4.297626746269480158e+00
8.555068495657442895e+01 4.279024983966954743e+00
8.560067515382100112e+01 4.270590951659610113e+00
8.565063647086222431e+01 4.269053706238325141e+00
8.570064579552558826e+01 4.254586814580413545e+00
8.575057251211694620e+01 4.251751406980829096e+00
8.580052390842315901e+01 4.236924835054798777e+00
8.585064788181922779e+01 4.233341961232541806e+00
8.590060852984082373e+01 4.220442458557648102e+00
8.595061963450514497e+01 4.216086409521027534e+00
8.600070284410818999e+01 4.202177644557170133e+00
8.605072317602213161e+01 4.192466729389948021e+00
8.610074865953444601e+01 4.185419627424621147e+00
8.615063984349956172e+01 4.174550757049684258e+00
8.620071096469301608e+01 4.166906704188471089e+00
8.625059084022993261e+01 4.153687457232440927e+00
8.630065609635799717e+01 4.145522337640401567e+00
8.635072959374187462e+01 4.142102408856321638e+00
8.640061506888987708e+01 4.129256829564168285e+00
8.645069549907235285e+01 4.125135075629699166e+00
8.650064856629455790e+01 4.114085510568379789e+00
8.655065267582149602e+01 4.102791456425983974e+00
8.660062065985762558e+01 4.092621347110775076e+00
8.665063139598194653e+01 4.087781193647936462e+00
8.670069926104542901e+01 4.077214005923137208e+00
8.675061813732774851e+01 4.068872830525778639e+00
8.680063599026416910e+01 4.059231590628687769e+00
8.685062341554782961e+01 4.057548086312699809e+00
8.690066534610711813e+01 4.038650093343810532e+00
8.695065890316050172e+01 4.029654682007432598e+00
8.700068258669440979e+01 4.020374042293899386e+00
8.705068789434881182e+01 4.009215960920752941e+00
8.710073430022170271e+01 4.008644411719022749e+00
8.715073625712081196e+01 3.994538784416276300e+00
8.720071944953542697e+01 3.983418094985672120e+00
8.725065874059880855e+01 3.980104972219590476e+00
8.730065385491546692e+01 3.963751174345674144e+00
8.735071773693692876e+01 3.956284737687690178e+00
8.740067291151538598e+01 3.956227360899427836e+00
8.745069089587315148e+01 3.953055471000458621e+00
8.750059524727170412e+01 3.934500772400435942e+00
8.755063393985311393e+01 3.921607005084175590e+00
8.760072521610700846e+01 3.920206724076332971e+00
8.765070461050113693e+01 3.903432800210616449e+00
8.770071890489063549e+01 3.895433499728247817e+00
8.775064728536050040e+01 3.888655265977841058e+00
8.780066340967854899e+01 3.881839189804203727e+00
8.785061758882334004e+01 3.868856810732057561e+00
8.790069966232417187e+01 3.857764909127026964e+00
8.795081255270730480e+01 3.859922918938106573e+00
8.800065892052096217e+01 3.842344940312573343e+00
8.805068046215481559e+01 3.834234488760724702e+00
8.810074622042790793e+01 3.827904762137508410e+00
8.815068777402876776e+01 3.817916406818629760e+00
8.820056999239014317e+01 3.814227659156955053e+00
8.825063293195866265e+01 3.797702922130327341e+00
8.830068724278304160e+01 3.790611041020220284e+00
8.835073110258727525e+01 3.793101278028226275e+00
8.840079703231447183e+01 3.782937881593960050e+00
8.845083020292958054e+01 3.769587610980794867e+00
8.850076563709151856e+01 3.759131384204779547e+00
8.855063553538322196e+01 3.757884441648114304e+00
8.860062705552091700e+01 3.742712210334876222e+00
8.865051892067423012e+01 3.735052703085561365e+00
8.870061903020686600e+01 3.735647291999964814e+00
8.875074341963603786e+01 3.727630802864488224e+00
8.880069649634492635e+01 3.716464842496952414e+00
8.885071344892412526e+01 3.710889261838964170e+00
8.890062388383235259e+01 3.702699600367316712e+00
8.895060466980305591e+01 3.693314345591313774e+00
8.900051192815253387e+01 3.689262179111326478e+00
8.905066102494254210e+01 3.677271307950667367e+00
8.910075018557721194e+01 3.671853190801680711e+00
8.915065987269676384e+01 3.670282608557623671e+00
8.920074459493167751e+01 3.654707436486968053e+00
8.925074341970011460e+01 3.653733728148321980e+00
8.930067606158073090e+01 3.645863920933040792e+00
8.935064465320694183e+01 3.637342264904064315e+00
8.940064087878988630e+01 3.633396270274629636e+00
8.945064319424200505e+01 3.625622887038502995e+00
8.950064421180226759e+01 3.619910449125771645e+00
8.955057753817223443e+01 3.604241917916924276e+00
8.960058054534367500e+01 3.602109415127407566e+00
8.965061121043279968e+01 3.594205442956655450e+00
8.970060486906020003e+01 3.587198853139640153e+00
8.975065684933389321e+01 3.579773736270462248e+00
8.980064097263824863e+01 3.571091309120591362e+00
8.985074011343861855e+01 3.561362276327368903e+00
8.990072914643546653e+01 3.552581948073652018e+00
8.995069471840930930e+01 3.538828358670441876e+00
9.000061567245546712e+01 3.533389331394078514e+00
9.005060451355357998e+01 3.524558218123091891e+00
9.010066164734236338e+01 3.521425326549997070e+00
9.015058063102021890e+01 3.511499192521506885e+00
9.020066981206871048e+01 3.500495923955222466e+00
9.025061891167177919e+01 3.499933977659593243e+00
9.030058063625472187e+01 3.483017975548547529e+00
9.035069862056877810e+01 3.486291338114566152e+00
9.040063721053816437e+01 3.475115751501515415e+00
9.045068187473133037e+01 3.466790489083144244e+00
9.050070412097294081e+01 3.458603270046347600e+00
9.055071582655412499e+01 3.454150963712716571e+00
9.060074590370700776e+01 3.441589931410041547e+00
9.065071954180082514e+01 3.436165807487534973e+00
9.070070414937342207e+01 3.433406304997969283e+00
9.075071652356483298e+01 3.418173576071030784e+00
9.080073853391084526e+01 3.409095162490316522e+00
9.085071662263727887e+01 3.399446670263692738e+00
9.090070285251101723e+01 3.398667075565779960e+00
9.095065177011029789e+01 3.386389543394484836e+00
9.100073488155234713e+01 3.380625589717385360e+00
9.105069866664597100e+01 3.374913065758890163e+00
9.110067736133585470e+01 3.363265092872467665e+00
9.115066164323077658e+01 3.362146253404652452e+00
9.120067497178406768e+01 3.355800664795975941e+00
9.125068141284850753e+01 3.347625892528008684e+00
9.130062622558105545e+01 3.335305886213245419e+00
9.135066117588171153e+01 3.332452426097122444e+00
9.140065141538008220e+01 3.325221857920191759e+00
9.145068138473658337e+01 3.322976123603988974e+00
9.150069039643479130e+01 3.320262629878245164e+00
9.155071593148433351e+01 3.310707635009311200e+00
9.160080367935793788e+01 3.305837219809752980e+00
9.165061737073069992e+01 3.298439607389951789e+00
9.170060817655109986e+01 3.287125268509720311e+00
9.175058865088804794e+01 3.279541724411193737e+00
9.180049265407282633e+01 3.271442284292783054e+00
9.185058971654700599e+01 3.265374539302311252e+00
9.190068301485227664e+01 3.255667466744430971e+00
9.195060490867638237e+01 3.248770717900745897e+00
9.200056221650915234e+01 3.245983345003911058e+00
9.205061548325311094e+01 3.239333992991749067e+00
9.210076346697475458e+01 3.227928166528308385e+00
9.215078845474795344e+01 3.227399587700220618e+00
9.220060419601414026e+01 3.215372239286236944e+00
9.225059746084708934e+01 3.206397527614202048e+00
9.230067734231083421e+01 3.204972785749629072e+00
9.235073177795210597e+01 3.197782782415952152e+00
9.240064045690999706e+01 3.192321399138457139e+00
9.245063157109922258e+01 3.185729151937217285e+00
9.250078057204220272e+01 3.174665236611861729e+00
9.255072433387988440e+01 3.165821658194441834e+00
9.260073057984830314e+01 3.161098215319021687e+00
9.265065869044863689e+01 3.154609984997155614e+00
9.270063560508695844e+01 3.145649891329887371e+00
9.275067620960689396e+01 3.143941047353031593e+00
9.280063727441186927e+01 3.137798388467784250e+00
9.285065446184212590e+01 3.134452904898860304e+00
9.290065078317546465e+01 3.125967448295951190e+00
9.295073425389733757e+01 3.120422883273715531e+00
9.300067900763730222e+01 3.108844781285607262e+00
9.305066207492778574e+01 3.109055956810388821e+00
9.310064897906700310e+01 3.098300640426201458e+00
9.315062622189709884e+01 3.092596400916193922e+00
9.320059985716629569e+01 3.082490654723373691e+00
9.325071190903473450e+01 3.077430181076635574e+00
9.330073508132683457e+01 3.078822937992233388e+00
9.335066973357385223e+01 3.065949653736454561e+00
9.340068252241590585e+01 3.067933860446499406e+00
9.345057102658101655e+01 3.058019001968920403e+00
9.350065641105707925e+01 3.051171353880120840e+00
9.355067747282180335e+01 3.053569205739909087e+00
9.360058086835567792e+01 3.038522873938206192e+00
9.365060040510233819e+01 3.036352560646899956e+00
9.370058214130268937e+01 3.028149148921468026e+00
9.375071349954021116e+01 3.030909315044733709e+00
9.380064575722563802e+01 3.019080694593668124e+00
9.385065603128978751e+01 3.016514407190456826e+00
9.390066055478293094e+01 3.008291406865907014e+00
9.395067012729866462e+01 2.999582211128837717e+00
9.400073547639510707e+01 2.996038867341184631e+00
9.405064106370717525e+01 2.991068847941301012e+00
9.410066747113194197e+01 2.982423405558538576e+00
9.415062831545455424e+01 2.980071286231109617e+00
9.420064524406151918e+01 2.968962405362450596e+00
9.425063592468441698e+01 2.964854501190195446e+00
9.430071603443974482e+01 2.963232741222065592e+00
9.435084978846010983e+01 2.953211322405459693e+00
9.440072589518690904e+01 2.945547664504618357e+00
9.445063572665263507e+01 2.943237381871177671e+00
9.450060037327034479e+01 2.934656045344060438e+00
9.455061099756481724e+01 2.933706207891864093e+00
9.460066160523612666e+01 2.925551542500438806e+00
9.465070343930108265e+01 2.920758884494519148e+00
9.470070340329958469e+01 2.908331633406723515e+00
9.475076856330568376e+01 2.910875840666187209e+00
9.480071786998738048e+01 2.902296108648230177e+00
9.485059575869554749e+01 2.894615208509439430e+00
9.490062200472793563e+01 2.891569399290765841e+00
9.495059153222072723e+01 2.884375605693306532e+00
9.500060916233462649e+01 2.874924768643920547e+00
9.505058405688886580e+01 2.877464838492126642e+00
9.510062103402634648e+01 2.867388826178014494e+00
9.515070626581375279e+01 2.864342728642988334e+00
9.520074820467674215e+01 2.860710986935042666e+00
9.525077257252138452e+01 2.850724510400482803e+00
9.530060977714117598e+01 2.849791471290930911e+00
9.535056604075973041e+01 2.838490172970178360e+00
9.540054222256354421e+01 2.839967211566964966e+00
9.545053721567489902e+01 2.831980630767249263e+00
9.550066559135430566e+01 2.827276827527571257e+00
9.555070107743208041e+01 2.820189397603681147e+00
9.560068189569460628e+01 2.811455538221529160e+00
9.565062150426840049e+01 2.811396040279981801e+00
9.570068484578779078e+01 2.806241515144005216e+00
9.575065983295563399e+01 2.799523108629327961e+00
9.580068015784988233e+01 2.795999700036570612e+00
9.585070548727827600e+01 2.789814117056015785e+00
9.590067278065059497e+01 2.786088822944726928e+00
9.595068562266027357e+01 2.781114341949155744e+00
9.600067075531137561e+01 2.775723447279069500e+00
9.605064480354532463e+01 2.767400087273164999e+00
9.610060831827868810e+01 2.762782833183932585e+00
9.615071146236661548e+01 2.760321742707834147e+00
9.620073364420061068e+01 2.756378723701168099e+00
9.625071630024669389e+01 2.743844528807107608e+00
9.630073274647288883e+01 2.742914549449353423e+00
9.635076816718918735e+01 2.737981364347411795e+00
9.640074103949068274e+01 2.736764622672701375e+00
9.645064409383613224e+01 2.729563342413126925e+00
9.650066663688329527e+01 2.722766406036631004e+00
