8.025717224062399   -1.3174468600496576
8.066086120311999   -1.3300429964270573
8.151598728496634   -1.398140858717374
8.19956392242761   -1.4235299461030702
8.257319900036803   -1.4590659211261159
8.302656533817714   -1.4844530204852375
8.350404690672079   -1.5118281464190746
8.398152847526443   -1.5397400395280851
8.44590100438081   -1.5692622341626155
8.493649161235174   -1.5952059809626575
8.541397318089539   -1.6190026590620061
8.589145474943903   -1.644946405862048
8.636893631798268   -1.6723215317958853
8.684641788652634   -1.6941500635862652
8.732389945506998   -1.7109687684083612
8.780138102361363   -1.7354811360746079
8.827886259215727   -1.755699366339468
8.875634416070092   -1.7734126831201862
8.923382572924456   -1.79094707750918
8.971130729778821   -1.8083025495064493
9.018878886633185   -1.8272683230292386
9.06662704348755   -1.8444448726347835
9.114375200341916   -1.8650209476830928
9.16212335719628   -1.8841656435976062
9.209871514050645   -1.8993740468941824
9.25761967090501   -1.9208447339011137
9.305367827759374   -1.9362320595894145
9.35311598461374   -1.954124298761857
9.400864141468105   -1.9689748572749843
9.44861229832247   -1.9890141651481203
9.496360455176834   -2.013168688030918
9.544108612031199   -2.03750213330544
9.591856768885563   -2.0580782083537486
9.639604925739928   -2.083902673559308
9.68084197029597   -2.096635983770363
9.743782722513087   -2.1320805095709714
9.769827171706378   -2.135014836795252
9.834938294689602   -2.183375003244197
9.904390159205041   -2.215887757854693
9.952138316059408   -2.2264441789664344
9.999886472913772   -2.240579047912664
10.047634629768137   -2.2504197794575074
10.093212415856392   -2.260582571307455
10.19087910033123   -2.302307273057591
10.238627257185595   -2.3218098137555536
10.28637541403996   -2.3445329575045557
10.334123570894324   -2.3692242475625265
10.381871727748688   -2.3921263137032533
10.429619884603055   -2.416280836586051
10.477368041457419   -2.4479500999212744
10.525116198311784   -2.484092423049608
10.572864355166148   -2.516298453560005
10.620612512020514   -2.5510093975545436
10.665466841186735   -2.5940849633621994
10.692037440868777   -2.6313455514388115
10.731134469494602   -2.6686852782656088
10.776879207180253   -2.7149619491713604
10.81425781481877   -2.7685392653599523
10.85617008583538   -2.818880074284907
10.88973848701784   -2.865443135711258
10.923885653737933   -2.912170209330023
10.954849610001066   -2.9610739590452546
10.98523480072657   -3.005638414755474
11.015286088257291   -3.0486889117664875
11.041664440645366   -3.0887457356829975
11.063802222459662   -3.1301096106098227
11.087001074426277   -3.1759455513164716
11.102434822096376   -3.2197446167954253
11.119797788225235   -3.2625166535456915
11.139089972812858   -3.308904768633467
11.156694091249063   -3.3550195300672203
11.174057057377922   -3.400040876884879
11.191420023506783   -3.4445701871252954
11.208782989635644   -3.487869405922607
11.22831632653061   -3.5297745210843985
11.24567929265947   -3.5743858374210222
11.267383000320546   -3.620374856173924
11.289086707981621   -3.6619027432931635
11.311185028509259   -3.704879901785371
11.336440251969421   -3.7505051116750994
11.360511636829884   -3.7943410976475835
11.382609957357523   -3.837998161228344
11.40845710011753   -3.8825647469670366
11.436338016882143   -3.9284503118754928
11.441012661609143   -3.9516138799733547
11.467057110802434   -4.016000380652473
11.496574153221495   -4.122842608853631
11.49744230152794   -4.145148267021943
11.537232432239911   -4.257332606633158
11.573405278341701   -4.4006792628030444
11.605293033443742   -4.5201053715254655
11.638516401324924   -4.649157734310342
